"No.","Time","Source","Destination","Protocol","Length","Info"
"1","0.000000","204.79.197.222","FioImma.local","TCP","60","443  >  54796 [ACK] Seq=1 Ack=1 Win=2048 Len=0"
"2","0.001887","204.79.197.222","FioImma.local","TLSv1.2","513","Application Data"
"3","0.001887","204.79.197.222","FioImma.local","TLSv1.2","116","Application Data"
"4","0.001887","204.79.197.222","FioImma.local","TCP","60","443  >  54796 [ACK] Seq=522 Ack=81 Win=2048 Len=0"
"5","0.001887","204.79.197.222","FioImma.local","TLSv1.2","85","Application Data"
"6","0.001993","FioImma.local","204.79.197.222","TCP","54","54796  >  443 [ACK] Seq=936 Ack=553 Win=1021 Len=0"
"7","0.003792","FioImma.local","204.79.197.222","TLSv1.2","85","Application Data"
"8","0.042680","204.79.197.222","FioImma.local","TCP","60","443  >  54796 [ACK] Seq=553 Ack=967 Win=2048 Len=0"
"9","0.140630","204.79.197.222","FioImma.local","TLSv1.2","240","Application Data"
"10","0.140630","204.79.197.222","FioImma.local","TLSv1.2","85","Application Data"
"11","0.140711","FioImma.local","204.79.197.222","TCP","54","54796  >  443 [ACK] Seq=967 Ack=770 Win=1020 Len=0"
"12","0.239727","FioImma.local","browser-intake-datadoghq.com","TCP","55","54759  >  443 [ACK] Seq=1 Ack=1 Win=513 Len=1"
"13","0.465458","browser-intake-datadoghq.com","FioImma.local","TCP","66","443  >  54759 [ACK] Seq=1 Ack=2 Win=62 Len=0 SLE=1 SRE=2"
"14","0.720370","FioImma.local","mars.octa.edu","DNS","98","Standard query 0xb437 PTR 222.197.79.204.in-addr.arpa OPT"
"15","0.721234","FioImma.local","mars.octa.edu","DNS","96","Standard query 0x03c8 PTR 40.1.168.192.in-addr.arpa OPT"
"16","0.721731","FioImma.local","mars.octa.edu","DNS","96","Standard query 0xc288 PTR 26.158.233.3.in-addr.arpa OPT"
"17","0.736710","mars.octa.edu","FioImma.local","DNS","96","Standard query response 0x03c8 No such name PTR 40.1.168.192.in-addr.arpa OPT"
"18","0.736710","mars.octa.edu","FioImma.local","DNS","168","Standard query response 0xb437 No such name PTR 222.197.79.204.in-addr.arpa SOA ns1.msedge.net OPT"
"19","0.755094","mars.octa.edu","FioImma.local","DNS","150","Standard query response 0xc288 PTR 26.158.233.3.in-addr.arpa PTR ec2-3-233-158-26.compute-1.amazonaws.com OPT"
"20","1.734154","FioImma.local","mars.octa.edu","DNS","93","Standard query 0x649b PTR 41.0.0.10.in-addr.arpa OPT"
"21","1.740796","mars.octa.edu","FioImma.local","DNS","120","Standard query response 0x649b PTR 41.0.0.10.in-addr.arpa PTR mars.octa.edu OPT"
"22","3.915724","FioImma.local","mars.octa.edu","DNS","90","Standard query 0x06e2 A self.events.data.microsoft.com"
"23","3.923278","mars.octa.edu","FioImma.local","DNS","213","Standard query response 0x06e2 A self.events.data.microsoft.com CNAME self-events-data.trafficmanager.net CNAME onedscolprdneu09.northeurope.cloudapp.azure.com A 13.69.239.77"
"24","3.924582","FioImma.local","onedscolprdneu09.northeurope.cloudapp.azure.com","TCP","66","54797  >  443 [SYN] Seq=0 Win=65535 Len=0 MSS=1460 WS=256 SACK_PERM"
"25","4.089561","onedscolprdneu09.northeurope.cloudapp.azure.com","FioImma.local","TCP","66","443  >  54797 [SYN, ACK] Seq=0 Ack=1 Win=65535 Len=0 MSS=1440 WS=256 SACK_PERM"
"26","4.089730","FioImma.local","onedscolprdneu09.northeurope.cloudapp.azure.com","TCP","54","54797  >  443 [ACK] Seq=1 Ack=1 Win=262144 Len=0"
"27","4.092860","FioImma.local","onedscolprdneu09.northeurope.cloudapp.azure.com","TLSv1.3","445","Client Hello (SNI=self.events.data.microsoft.com)"
"28","4.259201","onedscolprdneu09.northeurope.cloudapp.azure.com","FioImma.local","TLSv1.3","153","Hello Retry Request, Change Cipher Spec"
"29","4.259366","FioImma.local","onedscolprdneu09.northeurope.cloudapp.azure.com","TCP","54","54797  >  443 [ACK] Seq=392 Ack=100 Win=261888 Len=0"
"30","4.284396","FioImma.local","onedscolprdneu09.northeurope.cloudapp.azure.com","TLSv1.3","516","Change Cipher Spec, Client Hello (SNI=self.events.data.microsoft.com)"
"31","4.460794","onedscolprdneu09.northeurope.cloudapp.azure.com","FioImma.local","TLSv1.3","1514","Server Hello"
"32","4.460952","FioImma.local","onedscolprdneu09.northeurope.cloudapp.azure.com","TCP","54","54797  >  443 [ACK] Seq=854 Ack=1560 Win=262144 Len=0"
"33","4.462666","onedscolprdneu09.northeurope.cloudapp.azure.com","FioImma.local","TCP","4434","443  >  54797 [ACK] Seq=1560 Ack=854 Win=524288 Len=4380 [TCP PDU reassembled in 34]"
"34","4.462666","onedscolprdneu09.northeurope.cloudapp.azure.com","FioImma.local","TLSv1.3","600","Application Data"
"35","4.462816","FioImma.local","onedscolprdneu09.northeurope.cloudapp.azure.com","TCP","54","54797  >  443 [ACK] Seq=854 Ack=6486 Win=262144 Len=0"
"36","4.475078","FioImma.local","onedscolprdneu09.northeurope.cloudapp.azure.com","TLSv1.3","128","Application Data"
"37","4.475461","FioImma.local","onedscolprdneu09.northeurope.cloudapp.azure.com","TLSv1.3","1083","Application Data"
"38","4.495702","FioImma.local","102.221.186.35.bc.googleusercontent.com","TCP","55","54633  >  443 [ACK] Seq=1 Ack=1 Win=512 Len=1 [TCP PDU reassembled in 502]"
"39","4.507488","102.221.186.35.bc.googleusercontent.com","FioImma.local","TCP","66","443  >  54633 [ACK] Seq=1 Ack=2 Win=345 Len=0 SLE=1 SRE=2"
"40","4.642298","onedscolprdneu09.northeurope.cloudapp.azure.com","FioImma.local","TCP","60","443  >  54797 [ACK] Seq=6486 Ack=1957 Win=524288 Len=0"
"41","4.653110","onedscolprdneu09.northeurope.cloudapp.azure.com","FioImma.local","TLSv1.3","157","Application Data"
"42","4.653212","FioImma.local","onedscolprdneu09.northeurope.cloudapp.azure.com","TCP","54","54797  >  443 [ACK] Seq=1957 Ack=6589 Win=261888 Len=0"
"43","4.655417","FioImma.local","onedscolprdneu09.northeurope.cloudapp.azure.com","TCP","54","54797  >  443 [FIN, ACK] Seq=1957 Ack=6589 Win=261888 Len=0"
"44","4.991236","onedscolprdneu09.northeurope.cloudapp.azure.com","FioImma.local","TCP","54","443  >  54797 [ACK] Seq=6589 Ack=1958 Win=524288 Len=0"
"45","5.018179","FioImma.local","gce-beacons.gcp.gvt2.com","TCP","55","54769  >  443 [ACK] Seq=1 Ack=1 Win=510 Len=1 [TCP PDU reassembled in 499]"
"46","5.100235","gce-beacons.gcp.gvt2.com","FioImma.local","TCP","66","443  >  54769 [ACK] Seq=1 Ack=2 Win=249 Len=0 SLE=1 SRE=2"
"47","5.139425","onedscolprdneu09.northeurope.cloudapp.azure.com","FioImma.local","TLSv1.3","201","Application Data"
"48","5.139425","onedscolprdneu09.northeurope.cloudapp.azure.com","FioImma.local","TCP","54","443  >  54797 [FIN, ACK] Seq=6736 Ack=1958 Win=524288 Len=0"
"49","5.139551","FioImma.local","onedscolprdneu09.northeurope.cloudapp.azure.com","TCP","54","54797  >  443 [RST, ACK] Seq=1958 Ack=6736 Win=0 Len=0"
"50","5.286889","FioImma.local","mars.octa.edu","DNS","88","Standard query 0xcb02 A browser-intake-datadoghq.com"
"51","5.287236","FioImma.local","mars.octa.edu","DNS","88","Standard query 0x4b59 HTTPS browser-intake-datadoghq.com"
"52","5.293202","mars.octa.edu","FioImma.local","DNS","136","Standard query response 0xcb02 A browser-intake-datadoghq.com A 3.233.158.24 A 3.233.158.25 A 3.233.158.26"
"53","5.295732","mars.octa.edu","FioImma.local","DNS","172","Standard query response 0x4b59 HTTPS browser-intake-datadoghq.com SOA ns-1907.awsdns-46.co.uk"
"54","5.296409","FioImma.local","www.google.com","TCP","54","54782  >  443 [FIN, ACK] Seq=1 Ack=1 Win=512 Len=0"
"55","5.296876","FioImma.local","browser-intake-datadoghq.com","TCP","66","54798  >  443 [SYN] Seq=0 Win=64240 Len=0 MSS=1460 WS=256 SACK_PERM"
"56","5.306182","www.google.com","FioImma.local","TCP","54","443  >  54782 [RST] Seq=1 Win=0 Len=0"
"57","5.522439","browser-intake-datadoghq.com","FioImma.local","TCP","66","443  >  54798 [SYN, ACK] Seq=0 Ack=1 Win=31740 Len=0 MSS=1380 SACK_PERM WS=512"
"58","5.522570","FioImma.local","browser-intake-datadoghq.com","TCP","54","54798  >  443 [ACK] Seq=1 Ack=1 Win=131072 Len=0"
"59","5.525206","FioImma.local","browser-intake-datadoghq.com","TCP","1434","54798  >  443 [ACK] Seq=1 Ack=1 Win=131072 Len=1380 [TCP PDU reassembled in 60]"
"60","5.525206","FioImma.local","browser-intake-datadoghq.com","TLSv1.3","747","Client Hello (SNI=browser-intake-datadoghq.com)"
"61","5.748153","browser-intake-datadoghq.com","FioImma.local","TCP","60","443  >  54798 [ACK] Seq=1 Ack=1381 Win=31232 Len=0"
"62","5.748153","browser-intake-datadoghq.com","FioImma.local","TCP","60","443  >  54798 [ACK] Seq=1 Ack=2074 Win=31744 Len=0"
"63","5.748153","browser-intake-datadoghq.com","FioImma.local","TLSv1.3","266","Server Hello, Change Cipher Spec, Application Data"
"64","5.749761","FioImma.local","mars.octa.edu","DNS","98","Standard query 0xf940 PTR 102.221.186.35.in-addr.arpa OPT"
"65","5.750063","FioImma.local","browser-intake-datadoghq.com","TLSv1.3","118","Change Cipher Spec, Application Data"
"66","5.750106","FioImma.local","mars.octa.edu","DNS","98","Standard query 0x6e95 PTR 127.128.220.35.in-addr.arpa OPT"
"67","5.750372","FioImma.local","mars.octa.edu","DNS","99","Standard query 0xf451 PTR 228.205.250.142.in-addr.arpa OPT"
"68","5.750422","FioImma.local","browser-intake-datadoghq.com","TLSv1.3","146","Application Data"
"69","5.750802","FioImma.local","browser-intake-datadoghq.com","TLSv1.3","699","Application Data"
"70","5.750885","FioImma.local","browser-intake-datadoghq.com","TLSv1.3","987","Application Data"
"71","5.767076","mars.octa.edu","FioImma.local","DNS","137","Standard query response 0xf451 PTR 228.205.250.142.in-addr.arpa PTR maa05s28-in-f4.1e100.net OPT"
"72","5.779998","FioImma.local","maa03s28-in-f3.1e100.net","TCP","55","54772  >  443 [ACK] Seq=1 Ack=1 Win=512 Len=1"
"73","5.783526","mars.octa.edu","FioImma.local","DNS","151","Standard query response 0xf940 PTR 102.221.186.35.in-addr.arpa PTR 102.221.186.35.bc.googleusercontent.com OPT"
"74","5.787823","mars.octa.edu","FioImma.local","DNS","151","Standard query response 0x6e95 PTR 127.128.220.35.in-addr.arpa PTR 127.128.220.35.bc.googleusercontent.com OPT"
"75","5.790790","maa03s28-in-f3.1e100.net","FioImma.local","TCP","66","443  >  54772 [ACK] Seq=1 Ack=2 Win=301 Len=0 SLE=1 SRE=2"
"76","5.974592","browser-intake-datadoghq.com","FioImma.local","TCP","60","443  >  54798 [ACK] Seq=213 Ack=2230 Win=31744 Len=0"
"77","5.974592","browser-intake-datadoghq.com","FioImma.local","TLSv1.3","581","Application Data, Application Data"
"78","5.974592","browser-intake-datadoghq.com","FioImma.local","TCP","60","443  >  54798 [ACK] Seq=740 Ack=3808 Win=31744 Len=0"
"79","5.975160","FioImma.local","browser-intake-datadoghq.com","TLSv1.3","85","Application Data"
"80","6.022645","browser-intake-datadoghq.com","FioImma.local","TLSv1.3","363","Application Data"
"81","6.066112","FioImma.local","browser-intake-datadoghq.com","TCP","54","54798  >  443 [ACK] Seq=3839 Ack=1049 Win=130048 Len=0"
"82","6.243757","browser-intake-datadoghq.com","FioImma.local","TCP","60","443  >  54798 [ACK] Seq=1049 Ack=3839 Win=31744 Len=0"
"83","6.257781","FioImma.local","ec2-35-174-127-31.compute-1.amazonaws.com","TLSv1.2","297","Application Data"
"84","6.492246","ec2-35-174-127-31.compute-1.amazonaws.com","FioImma.local","TLSv1.2","320","Application Data"
"85","6.542869","FioImma.local","ec2-35-174-127-31.compute-1.amazonaws.com","TCP","54","54503  >  443 [ACK] Seq=244 Ack=267 Win=513 Len=0"
"86","6.750986","FioImma.local","mars.octa.edu","DNS","98","Standard query 0xad78 PTR 195.31.217.172.in-addr.arpa OPT"
"87","6.751341","FioImma.local","mars.octa.edu","DNS","97","Standard query 0x3df8 PTR 31.127.174.35.in-addr.arpa OPT"
"88","6.769241","mars.octa.edu","FioImma.local","DNS","136","Standard query response 0xad78 PTR 195.31.217.172.in-addr.arpa PTR maa03s28-in-f3.1e100.net OPT"
"89","6.787870","mars.octa.edu","FioImma.local","DNS","152","Standard query response 0x3df8 PTR 31.127.174.35.in-addr.arpa PTR ec2-35-174-127-31.compute-1.amazonaws.com OPT"
"90","6.983660","FioImma.local","mars.octa.edu","DNS","90","Standard query 0x3441 A self.events.data.microsoft.com"
"91","6.992391","mars.octa.edu","FioImma.local","DNS","213","Standard query response 0x3441 A self.events.data.microsoft.com CNAME self-events-data.trafficmanager.net CNAME onedscolprdneu09.northeurope.cloudapp.azure.com A 13.69.239.77"
"92","7.282719","FioImma.local","maa03s41-in-f14.1e100.net","TCP","1466","54642  >  443 [ACK] Seq=1 Ack=1 Win=512 Len=1412 [TCP PDU reassembled in 94]"
"93","7.282719","FioImma.local","maa03s41-in-f14.1e100.net","TCP","1466","54642  >  443 [ACK] Seq=1413 Ack=1 Win=512 Len=1412 [TCP PDU reassembled in 94]"
"94","7.282719","FioImma.local","maa03s41-in-f14.1e100.net","TLSv1.2","655","Application Data"
"95","7.282871","FioImma.local","maa03s41-in-f14.1e100.net","TLSv1.2","93","Application Data"
"96","7.295070","maa03s41-in-f14.1e100.net","FioImma.local","TCP","60","443  >  54642 [ACK] Seq=1 Ack=1413 Win=2048 Len=0"
"97","7.295070","maa03s41-in-f14.1e100.net","FioImma.local","TCP","60","443  >  54642 [ACK] Seq=1 Ack=2825 Win=2048 Len=0"
"98","7.295070","maa03s41-in-f14.1e100.net","FioImma.local","TCP","60","443  >  54642 [ACK] Seq=1 Ack=3426 Win=2048 Len=0"
"99","7.295070","maa03s41-in-f14.1e100.net","FioImma.local","TCP","60","443  >  54642 [ACK] Seq=1 Ack=3465 Win=2048 Len=0"
"100","7.295070","maa03s41-in-f14.1e100.net","FioImma.local","TLSv1.2","93","Application Data"
"101","7.336551","FioImma.local","maa03s41-in-f14.1e100.net","TCP","54","54642  >  443 [ACK] Seq=3465 Ack=40 Win=512 Len=0"
"102","7.341228","maa03s41-in-f14.1e100.net","FioImma.local","TLSv1.2","131","Application Data"
"103","7.341228","maa03s41-in-f14.1e100.net","FioImma.local","TLSv1.2","85","Application Data"
"104","7.341228","maa03s41-in-f14.1e100.net","FioImma.local","TLSv1.2","93","Application Data"
"105","7.341346","FioImma.local","maa03s41-in-f14.1e100.net","TCP","54","54642  >  443 [ACK] Seq=3465 Ack=187 Win=511 Len=0"
"106","7.342076","FioImma.local","maa03s41-in-f14.1e100.net","TLSv1.2","93","Application Data"
"107","7.356135","maa03s41-in-f14.1e100.net","FioImma.local","TCP","60","443  >  54642 [ACK] Seq=187 Ack=3504 Win=2048 Len=0"
"108","7.403169","192.168.1.1","all-systems.mcast.net","IGMPv3","50","Membership Query, general"
"109","7.751770","FioImma.local","mars.octa.edu","DNS","99","Standard query 0x495a PTR 174.195.250.142.in-addr.arpa OPT"
"110","7.752115","FioImma.local","mars.octa.edu","DNS","95","Standard query 0xcc20 PTR 1.1.168.192.in-addr.arpa OPT"
"111","7.752480","FioImma.local","mars.octa.edu","DNS","93","Standard query 0xc241 PTR 1.0.0.224.in-addr.arpa OPT"
"112","7.762509","mars.octa.edu","FioImma.local","DNS","128","Standard query response 0xc241 PTR 1.0.0.224.in-addr.arpa PTR all-systems.mcast.net OPT"
"113","7.762509","mars.octa.edu","FioImma.local","DNS","138","Standard query response 0x495a PTR 174.195.250.142.in-addr.arpa PTR maa03s41-in-f14.1e100.net OPT"
"114","7.772139","mars.octa.edu","FioImma.local","DNS","95","Standard query response 0xcc20 No such name PTR 1.1.168.192.in-addr.arpa OPT"
"115","7.782178","FioImma.local","igmp.mcast.net","IGMPv3","54","Membership Report / Join group 224.0.0.251 for any sources"
"116","7.988394","FioImma.local","20.212.88.117","TCP","55","54586  >  443 [ACK] Seq=1 Ack=1 Win=516 Len=1 [TCP PDU reassembled in 7456]"
"117","8.080964","20.212.88.117","FioImma.local","TCP","66","443  >  54586 [ACK] Seq=1 Ack=2 Win=251 Len=0 SLE=1 SRE=2"
"118","8.749616","FioImma.local","mars.octa.edu","DNS","94","Standard query 0x8caf PTR 22.0.0.224.in-addr.arpa OPT"
"119","8.750207","FioImma.local","mars.octa.edu","DNS","97","Standard query 0xed6b PTR 117.88.212.20.in-addr.arpa OPT"
"120","8.768216","mars.octa.edu","FioImma.local","DNS","183","Standard query response 0xed6b No such name PTR 117.88.212.20.in-addr.arpa SOA ns1-01.azure-dns.com OPT"
"121","8.768216","mars.octa.edu","FioImma.local","DNS","122","Standard query response 0x8caf PTR 22.0.0.224.in-addr.arpa PTR igmp.mcast.net OPT"
"122","8.827836","FioImma.local","sa-in-f188.1e100.net","TCP","55","54584  >  5228 [ACK] Seq=1 Ack=1 Win=507 Len=1"
"123","8.827912","FioImma.local","sa-in-f188.1e100.net","TCP","55","54585  >  5228 [ACK] Seq=1 Ack=1 Win=510 Len=1"
"124","8.827932","FioImma.local","27.70.201.35.bc.googleusercontent.com","TCP","55","54747  >  443 [ACK] Seq=1 Ack=1 Win=512 Len=1"
"125","8.841251","27.70.201.35.bc.googleusercontent.com","FioImma.local","TCP","66","443  >  54747 [ACK] Seq=1 Ack=2 Win=301 Len=0 SLE=1 SRE=2"
"126","8.872348","sa-in-f188.1e100.net","FioImma.local","TCP","66","5228  >  54584 [ACK] Seq=1 Ack=2 Win=290 Len=0 SLE=1 SRE=2"
"127","8.872348","sa-in-f188.1e100.net","FioImma.local","TCP","66","5228  >  54585 [ACK] Seq=1 Ack=2 Win=290 Len=0 SLE=1 SRE=2"
"128","9.687895","FioImma.local","24.224.186.35.bc.googleusercontent.com","TCP","55","54610  >  443 [ACK] Seq=1 Ack=1 Win=510 Len=1 [TCP PDU reassembled in 7561]"
"129","9.700724","24.224.186.35.bc.googleusercontent.com","FioImma.local","TCP","66","443  >  54610 [ACK] Seq=1 Ack=2 Win=489 Len=0 SLE=1 SRE=2"
"130","9.753113","FioImma.local","mars.octa.edu","DNS","98","Standard query 0x2414 PTR 188.200.125.74.in-addr.arpa OPT"
"131","9.753695","FioImma.local","mars.octa.edu","DNS","96","Standard query 0xd706 PTR 27.70.201.35.in-addr.arpa OPT"
"132","9.760930","mars.octa.edu","FioImma.local","DNS","132","Standard query response 0x2414 PTR 188.200.125.74.in-addr.arpa PTR sa-in-f188.1e100.net OPT"
"133","9.790079","mars.octa.edu","FioImma.local","DNS","147","Standard query response 0xd706 PTR 27.70.201.35.in-addr.arpa PTR 27.70.201.35.bc.googleusercontent.com OPT"
"134","10.285896","FioImma.local","maa03s41-in-f14.1e100.net","TCP","1466","54642  >  443 [ACK] Seq=3504 Ack=187 Win=511 Len=1412 [TCP PDU reassembled in 136]"
"135","10.285896","FioImma.local","maa03s41-in-f14.1e100.net","TCP","1466","54642  >  443 [ACK] Seq=4916 Ack=187 Win=511 Len=1412 [TCP PDU reassembled in 136]"
"136","10.285896","FioImma.local","maa03s41-in-f14.1e100.net","TLSv1.2","820","Application Data"
"137","10.286103","FioImma.local","maa03s41-in-f14.1e100.net","TLSv1.2","311","Application Data"
"138","10.298727","maa03s41-in-f14.1e100.net","FioImma.local","TCP","60","443  >  54642 [ACK] Seq=187 Ack=4916 Win=2048 Len=0"
"139","10.298727","maa03s41-in-f14.1e100.net","FioImma.local","TCP","60","443  >  54642 [ACK] Seq=187 Ack=6328 Win=2048 Len=0"
"140","10.298727","maa03s41-in-f14.1e100.net","FioImma.local","TCP","60","443  >  54642 [ACK] Seq=187 Ack=7094 Win=2048 Len=0"
"141","10.298727","maa03s41-in-f14.1e100.net","FioImma.local","TCP","60","443  >  54642 [ACK] Seq=187 Ack=7351 Win=2048 Len=0"
"142","10.343151","maa03s41-in-f14.1e100.net","FioImma.local","TLSv1.2","135","Application Data"
"143","10.345408","maa03s41-in-f14.1e100.net","FioImma.local","TLSv1.2","85","Application Data"
"144","10.345408","maa03s41-in-f14.1e100.net","FioImma.local","TLSv1.2","93","Application Data"
"145","10.345486","FioImma.local","maa03s41-in-f14.1e100.net","TCP","54","54642  >  443 [ACK] Seq=7351 Ack=338 Win=510 Len=0"
"146","10.346309","FioImma.local","maa03s41-in-f14.1e100.net","TLSv1.2","93","Application Data"
"147","10.356589","maa03s41-in-f14.1e100.net","FioImma.local","TCP","60","443  >  54642 [ACK] Seq=338 Ack=7390 Win=2048 Len=0"
"148","10.450920","FioImma.local","maa03s42-in-f22.1e100.net","TCP","55","54649  >  443 [ACK] Seq=1 Ack=1 Win=2047 Len=1 [TCP PDU reassembled in 282]"
"149","10.462972","maa03s42-in-f22.1e100.net","FioImma.local","TCP","66","443  >  54649 [ACK] Seq=1 Ack=2 Win=489 Len=0 SLE=1 SRE=2"
"150","10.754135","FioImma.local","mars.octa.edu","DNS","97","Standard query 0xb0d1 PTR 24.224.186.35.in-addr.arpa OPT"
"151","10.754567","FioImma.local","mars.octa.edu","DNS","99","Standard query 0x5dba PTR 214.195.250.142.in-addr.arpa OPT"
"152","10.763903","mars.octa.edu","FioImma.local","DNS","138","Standard query response 0x5dba PTR 214.195.250.142.in-addr.arpa PTR maa03s42-in-f22.1e100.net OPT"
"153","10.772928","mars.octa.edu","FioImma.local","DNS","149","Standard query response 0xb0d1 PTR 24.224.186.35.in-addr.arpa PTR 24.224.186.35.bc.googleusercontent.com OPT"
"154","12.308428","FioImma.local","maa03s39-in-f10.1e100.net","TCP","55","54597  >  443 [ACK] Seq=1 Ack=1 Win=512 Len=1"
"155","12.322661","maa03s39-in-f10.1e100.net","FioImma.local","TCP","66","443  >  54597 [ACK] Seq=1 Ack=2 Win=400 Len=0 SLE=1 SRE=2"
"156","12.722203","FioImma.local","www.google.com","TCP","66","54799  >  443 [SYN] Seq=0 Win=64240 Len=0 MSS=1460 WS=256 SACK_PERM"
"157","12.734435","www.google.com","FioImma.local","TCP","66","443  >  54799 [SYN, ACK] Seq=0 Ack=1 Win=65535 Len=0 MSS=1412 SACK_PERM WS=256"
"158","12.734578","FioImma.local","www.google.com","TCP","54","54799  >  443 [ACK] Seq=1 Ack=1 Win=131072 Len=0"
"159","12.737230","FioImma.local","www.google.com","TCP","1466","54799  >  443 [ACK] Seq=1 Ack=1 Win=131072 Len=1412 [TCP PDU reassembled in 160]"
"160","12.737230","FioImma.local","www.google.com","TLSv1.3","884","Client Hello (SNI=www.google.com)"
"161","12.748692","www.google.com","FioImma.local","TCP","60","443  >  54799 [ACK] Seq=1 Ack=1413 Win=68608 Len=0"
"162","12.748692","www.google.com","FioImma.local","TCP","60","443  >  54799 [ACK] Seq=1 Ack=2243 Win=71424 Len=0"
"163","12.754726","FioImma.local","mars.octa.edu","DNS","99","Standard query 0xd6fe PTR 106.195.250.142.in-addr.arpa OPT"
"164","12.759148","FioImma.local","mdns.mcast.net","MDNS","87","Standard query 0x0000 PTR _spotify-connect._tcp.local, ""QM"" question"
"165","12.759872","FioImma.local","ff02::fb","MDNS","107","Standard query 0x0000 PTR _spotify-connect._tcp.local, ""QM"" question"
"166","12.767626","FioImma.local","igmp.mcast.net","IGMPv3","54","Membership Report / Join group 239.255.255.250 for any sources"
"167","12.782453","mars.octa.edu","FioImma.local","DNS","138","Standard query response 0xd6fe PTR 106.195.250.142.in-addr.arpa PTR maa03s39-in-f10.1e100.net OPT"
"168","12.782453","www.google.com","FioImma.local","TLSv1.3","1466","Server Hello, Change Cipher Spec"
"169","12.784297","www.google.com","FioImma.local","TLSv1.3","105","Application Data"
"170","12.784356","FioImma.local","www.google.com","TCP","54","54799  >  443 [ACK] Seq=2243 Ack=1464 Win=131072 Len=0"
"171","12.784966","FioImma.local","www.google.com","TLSv1.3","128","Change Cipher Spec, Application Data"
"172","12.801308","www.google.com","FioImma.local","TCP","60","443  >  54799 [ACK] Seq=1464 Ack=2317 Win=71424 Len=0"
"173","13.108065","FioImma.local","239.255.255.250","SSDP","167","M-SEARCH * HTTP/1.1 "
"174","13.338441","FioImma.local","45.224.186.35.bc.googleusercontent.com","TLSv1.2","82","Application Data"
"175","13.350898","45.224.186.35.bc.googleusercontent.com","FioImma.local","TCP","60","443  >  54488 [ACK] Seq=1 Ack=29 Win=272 Len=0"
"176","13.423857","45.224.186.35.bc.googleusercontent.com","FioImma.local","TLSv1.2","78","Application Data"
"177","13.465980","FioImma.local","45.224.186.35.bc.googleusercontent.com","TCP","54","54488  >  443 [ACK] Seq=29 Ack=25 Win=507 Len=0"
"178","13.762561","FioImma.local","mars.octa.edu","DNS","143","Standard query 0x319d PTR 6.e.3.2.8.4.d.1.3.c.4.9.5.1.4.c.0.0.0.0.0.0.0.0.0.0.0.0.0.8.e.f.ip6.arpa OPT"
"179","13.762789","FioImma.local","mars.octa.edu","DNS","143","Standard query 0xe592 PTR b.f.0.0.0.0.0.0.0.0.0.0.0.0.0.0.0.0.0.0.0.0.0.0.0.0.0.0.2.0.f.f.ip6.arpa OPT"
"180","13.762993","FioImma.local","mars.octa.edu","DNS","95","Standard query 0x5819 PTR 251.0.0.224.in-addr.arpa OPT"
"181","13.763206","FioImma.local","mars.octa.edu","DNS","99","Standard query 0x33ee PTR 250.255.255.239.in-addr.arpa OPT"
"182","13.763448","FioImma.local","mars.octa.edu","DNS","97","Standard query 0x234e PTR 45.224.186.35.in-addr.arpa OPT"
"183","13.783732","mars.octa.edu","FioImma.local","DNS","123","Standard query response 0x5819 PTR 251.0.0.224.in-addr.arpa PTR mdns.mcast.net OPT"
"184","13.783732","mars.octa.edu","FioImma.local","DNS","99","Standard query response 0x33ee No such name PTR 250.255.255.239.in-addr.arpa OPT"
"185","13.799050","mars.octa.edu","FioImma.local","DNS","149","Standard query response 0x234e PTR 45.224.186.35.in-addr.arpa PTR 45.224.186.35.bc.googleusercontent.com OPT"
"186","13.799050","mars.octa.edu","FioImma.local","DNS","207","Standard query response 0x319d No such name PTR 6.e.3.2.8.4.d.1.3.c.4.9.5.1.4.c.0.0.0.0.0.0.0.0.0.0.0.0.0.8.e.f.ip6.arpa SOA b.ip6-servers.arpa OPT"
"187","13.801216","mars.octa.edu","FioImma.local","DNS","207","Standard query response 0xe592 No such name PTR b.f.0.0.0.0.0.0.0.0.0.0.0.0.0.0.0.0.0.0.0.0.0.0.0.0.0.0.2.0.f.f.ip6.arpa SOA b.ip6-servers.arpa OPT"
"188","14.613970","FioImma.local","fonts.gstatic.com","TCP","55","54768  >  443 [ACK] Seq=1 Ack=1 Win=510 Len=1"
"189","14.625679","fonts.gstatic.com","FioImma.local","TCP","66","443  >  54768 [ACK] Seq=1 Ack=2 Win=290 Len=0 SLE=1 SRE=2"
"190","14.791834","FioImma.local","mars.octa.edu","DNS","97","Standard query 0xe564 PTR 35.67.250.142.in-addr.arpa OPT"
"191","14.806361","mars.octa.edu","FioImma.local","DNS","135","Standard query response 0xe564 PTR 35.67.250.142.in-addr.arpa PTR maa05s12-in-f3.1e100.net OPT"
"192","15.264566","FioImma.local","202.241.199.104.bc.googleusercontent.com","TCP","65","54472  >  4070 [PSH, ACK] Seq=1 Ack=1 Win=512 Len=11"
"193","15.351637","202.241.199.104.bc.googleusercontent.com","FioImma.local","TCP","65","4070  >  54472 [PSH, ACK] Seq=1 Ack=12 Win=6 Len=11"
"194","15.406777","FioImma.local","202.241.199.104.bc.googleusercontent.com","TCP","54","54472  >  4070 [ACK] Seq=12 Ack=12 Win=512 Len=0"
"195","15.424183","FioImma.local","20.198.119.143","TLSv1.2","155","Application Data"
"196","15.468305","20.198.119.143","FioImma.local","TLSv1.2","225","Application Data"
"197","15.516982","FioImma.local","20.198.119.143","TCP","54","49438  >  443 [ACK] Seq=102 Ack=172 Win=514 Len=0"
"198","15.691830","FioImma.local","maa05s24-in-f2.1e100.net","TCP","55","54764  >  443 [ACK] Seq=1 Ack=1 Win=512 Len=1 [TCP PDU reassembled in 7607]"
"199","15.703206","maa05s24-in-f2.1e100.net","FioImma.local","TCP","66","443  >  54764 [ACK] Seq=1 Ack=2 Win=290 Len=0 SLE=1 SRE=2"
"200","15.771905","FioImma.local","igmp.mcast.net","IGMPv3","54","Membership Report / Join group 224.0.0.252 for any sources"
"201","15.793606","FioImma.local","mars.octa.edu","DNS","99","Standard query 0xd222 PTR 202.241.199.104.in-addr.arpa OPT"
"202","15.803980","FioImma.local","maa03s47-in-f14.1e100.net","TCP","55","54773  >  443 [ACK] Seq=1 Ack=1 Win=509 Len=1"
"203","15.812528","maa03s47-in-f14.1e100.net","FioImma.local","TCP","66","443  >  54773 [ACK] Seq=1 Ack=2 Win=301 Len=0 SLE=1 SRE=2"
"204","15.827924","mars.octa.edu","FioImma.local","DNS","153","Standard query response 0xd222 PTR 202.241.199.104.in-addr.arpa PTR 202.241.199.104.bc.googleusercontent.com OPT"
"205","16.772766","FioImma.local","mars.octa.edu","DNS","98","Standard query 0x596c PTR 143.119.198.20.in-addr.arpa OPT"
"206","16.773131","FioImma.local","mars.octa.edu","DNS","98","Standard query 0xb7eb PTR 98.193.250.142.in-addr.arpa OPT"
"207","16.773406","FioImma.local","mars.octa.edu","DNS","99","Standard query 0x8e33 PTR 174.196.250.142.in-addr.arpa OPT"
"208","16.780432","mars.octa.edu","FioImma.local","DNS","138","Standard query response 0x8e33 PTR 174.196.250.142.in-addr.arpa PTR maa03s47-in-f14.1e100.net OPT"
"209","16.790010","mars.octa.edu","FioImma.local","DNS","184","Standard query response 0x596c No such name PTR 143.119.198.20.in-addr.arpa SOA ns1-06.azure-dns.com OPT"
"210","16.790010","mars.octa.edu","FioImma.local","DNS","136","Standard query response 0xb7eb PTR 98.193.250.142.in-addr.arpa PTR maa05s24-in-f2.1e100.net OPT"
"211","18.392312","FioImma.local","192.168.1.255","UDP","86","57621  >  57621 Len=44"
"212","18.773453","FioImma.local","mars.octa.edu","DNS","97","Standard query 0x6484 PTR 255.1.168.192.in-addr.arpa OPT"
"213","18.787390","mars.octa.edu","FioImma.local","DNS","97","Standard query response 0x6484 No such name PTR 255.1.168.192.in-addr.arpa OPT"
"214","19.254891","FioImma.local","browser-intake-datadoghq.com","TLSv1.3","339","Application Data"
"215","19.255307","FioImma.local","browser-intake-datadoghq.com","TLSv1.3","93","Application Data"
"216","19.255419","FioImma.local","browser-intake-datadoghq.com","TLSv1.3","984","Application Data"
"217","19.480259","browser-intake-datadoghq.com","FioImma.local","TCP","60","443  >  54798 [ACK] Seq=1049 Ack=4124 Win=31744 Len=0"
"218","19.480259","browser-intake-datadoghq.com","FioImma.local","TCP","60","443  >  54798 [ACK] Seq=1049 Ack=4163 Win=31744 Len=0"
"219","19.480259","browser-intake-datadoghq.com","FioImma.local","TCP","60","443  >  54798 [ACK] Seq=1049 Ack=5093 Win=31744 Len=0"
"220","19.480259","browser-intake-datadoghq.com","FioImma.local","TLSv1.3","93","Application Data"
"221","19.501287","browser-intake-datadoghq.com","FioImma.local","TLSv1.3","213","Application Data"
"222","19.501404","FioImma.local","browser-intake-datadoghq.com","TCP","54","54798  >  443 [ACK] Seq=5093 Ack=1247 Win=129792 Len=0"
"223","19.503078","FioImma.local","browser-intake-datadoghq.com","TLSv1.3","89","Application Data"
"224","19.600613","FioImma.local","onedscolprdneu09.northeurope.cloudapp.azure.com","TCP","66","54800  >  443 [SYN] Seq=0 Win=65535 Len=0 MSS=1460 WS=256 SACK_PERM"
"225","19.765442","browser-intake-datadoghq.com","FioImma.local","TCP","60","443  >  54798 [ACK] Seq=1247 Ack=5128 Win=31744 Len=0"
"226","19.775336","onedscolprdneu09.northeurope.cloudapp.azure.com","FioImma.local","TCP","66","443  >  54800 [SYN, ACK] Seq=0 Ack=1 Win=65535 Len=0 MSS=1440 WS=256 SACK_PERM"
"227","19.775512","FioImma.local","onedscolprdneu09.northeurope.cloudapp.azure.com","TCP","54","54800  >  443 [ACK] Seq=1 Ack=1 Win=262144 Len=0"
"228","19.778866","FioImma.local","onedscolprdneu09.northeurope.cloudapp.azure.com","TLSv1.3","445","Client Hello (SNI=self.events.data.microsoft.com)"
"229","19.951550","onedscolprdneu09.northeurope.cloudapp.azure.com","FioImma.local","TLSv1.3","153","Hello Retry Request, Change Cipher Spec"
"230","19.951725","FioImma.local","onedscolprdneu09.northeurope.cloudapp.azure.com","TCP","54","54800  >  443 [ACK] Seq=392 Ack=100 Win=261888 Len=0"
"231","19.973729","FioImma.local","onedscolprdneu09.northeurope.cloudapp.azure.com","TLSv1.3","516","Change Cipher Spec, Client Hello (SNI=self.events.data.microsoft.com)"
"232","20.151598","onedscolprdneu09.northeurope.cloudapp.azure.com","FioImma.local","TLSv1.3","5894","Server Hello"
"233","20.151598","onedscolprdneu09.northeurope.cloudapp.azure.com","FioImma.local","TLSv1.3","600","Application Data"
"234","20.151708","FioImma.local","onedscolprdneu09.northeurope.cloudapp.azure.com","TCP","54","54800  >  443 [ACK] Seq=854 Ack=6486 Win=262144 Len=0"
"235","20.156509","FioImma.local","onedscolprdneu09.northeurope.cloudapp.azure.com","TLSv1.3","128","Application Data"
"236","20.156928","FioImma.local","onedscolprdneu09.northeurope.cloudapp.azure.com","TLSv1.3","1083","Application Data"
"237","20.328136","onedscolprdneu09.northeurope.cloudapp.azure.com","FioImma.local","TCP","60","443  >  54800 [ACK] Seq=6486 Ack=1957 Win=524288 Len=0"
"238","20.328136","onedscolprdneu09.northeurope.cloudapp.azure.com","FioImma.local","TLSv1.3","157","Application Data"
"239","20.328136","onedscolprdneu09.northeurope.cloudapp.azure.com","FioImma.local","TLSv1.3","500","Application Data"
"240","20.328334","FioImma.local","onedscolprdneu09.northeurope.cloudapp.azure.com","TCP","54","54800  >  443 [ACK] Seq=1957 Ack=7035 Win=261376 Len=0"
"241","21.512765","FioImma.local","20.44.10.123","TLSv1.2","307","Application Data"
"242","21.513239","FioImma.local","20.44.10.123","TLSv1.2","771","Application Data"
"243","21.513503","FioImma.local","20.44.10.123","TLSv1.2","92","Application Data"
"244","21.768533","20.44.10.123","FioImma.local","TCP","60","443  >  54785 [ACK] Seq=1 Ack=971 Win=2048 Len=0"
"245","21.778053","FioImma.local","mars.octa.edu","DNS","96","Standard query 0x6aaa PTR 123.10.44.20.in-addr.arpa OPT"
"246","21.814379","mars.octa.edu","FioImma.local","DNS","170","Standard query response 0x6aaa No such name PTR 123.10.44.20.in-addr.arpa SOA ns1-201.azure-dns.com OPT"
"247","22.004436","20.44.10.123","FioImma.local","TCP","60","443  >  54785 [ACK] Seq=1 Ack=1009 Win=2048 Len=0"
"248","22.215821","20.44.10.123","FioImma.local","TLSv1.2","141","Application Data"
"249","22.215931","FioImma.local","20.44.10.123","TCP","54","54785  >  443 [ACK] Seq=1009 Ack=88 Win=1021 Len=0"
"250","22.251906","FioImma.local","ec2-35-174-127-31.compute-1.amazonaws.com","TLSv1.2","297","Application Data"
"251","22.443060","192.168.1.1","all-systems.mcast.net","IGMPv3","50","Membership Query, general"
"252","22.484294","ec2-35-174-127-31.compute-1.amazonaws.com","FioImma.local","TLSv1.2","320","Application Data"
"253","22.532646","FioImma.local","ec2-35-174-127-31.compute-1.amazonaws.com","TCP","54","54503  >  443 [ACK] Seq=487 Ack=533 Win=512 Len=0"
"254","22.749082","www.google.com","FioImma.local","TCP","54","443  >  54799 [FIN, ACK] Seq=1464 Ack=2317 Win=71424 Len=0"
"255","22.749199","FioImma.local","www.google.com","TCP","54","54799  >  443 [ACK] Seq=2317 Ack=1465 Win=131072 Len=0"
"256","22.777779","FioImma.local","igmp.mcast.net","IGMPv3","54","Membership Report / Join group 224.0.0.252 for any sources"
"257","22.843395","FioImma.local","22.224.186.35.bc.googleusercontent.com","TCP","55","54599  >  443 [ACK] Seq=1 Ack=1 Win=509 Len=1 [TCP PDU reassembled in 2092]"
"258","22.855864","22.224.186.35.bc.googleusercontent.com","FioImma.local","TCP","66","443  >  54599 [ACK] Seq=1 Ack=2 Win=489 Len=0 SLE=1 SRE=2"
"259","23.774710","FioImma.local","mars.octa.edu","DNS","97","Standard query 0x12bd PTR 22.224.186.35.in-addr.arpa OPT"
"260","23.789700","mars.octa.edu","FioImma.local","DNS","149","Standard query response 0x12bd PTR 22.224.186.35.in-addr.arpa PTR 22.224.186.35.bc.googleusercontent.com OPT"
"261","23.920677","FioImma.local","40.224.186.35.bc.googleusercontent.com","TLSv1.2","97","Application Data"
"262","23.932166","40.224.186.35.bc.googleusercontent.com","FioImma.local","TCP","60","443  >  54517 [ACK] Seq=1 Ack=44 Win=290 Len=0"
"263","24.013995","40.224.186.35.bc.googleusercontent.com","FioImma.local","TLSv1.2","94","Application Data"
"264","24.064000","FioImma.local","40.224.186.35.bc.googleusercontent.com","TCP","54","54517  >  443 [ACK] Seq=44 Ack=41 Win=509 Len=0"
"265","24.372305","FioImma.local","20.42.72.131","TCP","55","54745  >  443 [ACK] Seq=1 Ack=1 Win=516 Len=1"
"266","24.589553","20.42.72.131","FioImma.local","TCP","66","443  >  54745 [ACK] Seq=1 Ack=2 Win=2048 Len=0 SLE=1 SRE=2"
"267","24.769810","FioImma.local","mars.octa.edu","DNS","97","Standard query 0xf8ce PTR 40.224.186.35.in-addr.arpa OPT"
"268","24.770373","FioImma.local","mars.octa.edu","DNS","96","Standard query 0xfa5a PTR 131.72.42.20.in-addr.arpa OPT"
"269","24.784107","mars.octa.edu","FioImma.local","DNS","182","Standard query response 0xfa5a No such name PTR 131.72.42.20.in-addr.arpa SOA ns1-08.azure-dns.com OPT"
"270","24.807413","mars.octa.edu","FioImma.local","DNS","149","Standard query response 0xf8ce PTR 40.224.186.35.in-addr.arpa PTR 40.224.186.35.bc.googleusercontent.com OPT"
"271","25.015967","browser-intake-datadoghq.com","FioImma.local","TLSv1.2","93","Application Data"
"272","25.016323","FioImma.local","browser-intake-datadoghq.com","TCP","54","54759  >  443 [FIN, ACK] Seq=2 Ack=40 Win=513 Len=0"
"273","25.181568","FioImma.local","52.123.173.4","TLSv1.2","104","Application Data"
"274","25.242730","browser-intake-datadoghq.com","FioImma.local","TLSv1.2","78","Application Data"
"275","25.242730","browser-intake-datadoghq.com","FioImma.local","TCP","54","443  >  54759 [FIN, ACK] Seq=64 Ack=3 Win=62 Len=0"
"276","25.242798","FioImma.local","browser-intake-datadoghq.com","TCP","54","54759  >  443 [RST, ACK] Seq=3 Ack=64 Win=0 Len=0"
"277","25.372540","52.123.173.4","FioImma.local","TLSv1.2","93","Application Data"
"278","25.421004","FioImma.local","52.123.173.4","TCP","54","54673  >  443 [ACK] Seq=51 Ack=40 Win=512 Len=0"
"279","25.772714","FioImma.local","igmp.mcast.net","IGMPv3","54","Membership Report / Join group 224.0.0.251 for any sources"
"280","25.784380","FioImma.local","mars.octa.edu","DNS","96","Standard query 0x979c PTR 4.173.123.52.in-addr.arpa OPT"
"281","25.822217","mars.octa.edu","FioImma.local","DNS","182","Standard query response 0x979c No such name PTR 4.173.123.52.in-addr.arpa SOA ns1-06.azure-dns.com OPT"
"282","28.420675","FioImma.local","maa03s42-in-f22.1e100.net","TLSv1.2","219","Ignored Unknown Record"
"283","28.420760","FioImma.local","maa03s42-in-f22.1e100.net","TLSv1.2","93","Application Data"
"284","28.433291","maa03s42-in-f22.1e100.net","FioImma.local","TCP","60","443  >  54649 [ACK] Seq=1 Ack=167 Win=489 Len=0"
"285","28.433291","maa03s42-in-f22.1e100.net","FioImma.local","TCP","60","443  >  54649 [ACK] Seq=1 Ack=206 Win=489 Len=0"
"286","28.433291","maa03s42-in-f22.1e100.net","FioImma.local","TLSv1.2","93","Application Data"
"287","28.433291","maa03s42-in-f22.1e100.net","FioImma.local","TLSv1.2","171","Application Data"
"288","28.433291","maa03s42-in-f22.1e100.net","FioImma.local","TLSv1.2","1466","Application Data"
"289","28.433291","maa03s42-in-f22.1e100.net","FioImma.local","TLSv1.2","1466","Application Data"
"290","28.433291","maa03s42-in-f22.1e100.net","FioImma.local","TLSv1.2","1466","Application Data"
"291","28.433409","FioImma.local","maa03s42-in-f22.1e100.net","TCP","54","54649  >  443 [ACK] Seq=206 Ack=4393 Win=2051 Len=0"
"292","28.434247","maa03s42-in-f22.1e100.net","FioImma.local","TLSv1.2","4290","Application Data, Application Data, Application Data"
"293","28.434286","FioImma.local","maa03s42-in-f22.1e100.net","TCP","54","54649  >  443 [ACK] Seq=206 Ack=8629 Win=2051 Len=0"
"294","28.434540","FioImma.local","maa03s42-in-f22.1e100.net","TLSv1.2","89","Application Data"
"295","28.434772","maa03s42-in-f22.1e100.net","FioImma.local","TLSv1.2","1466","Application Data"
"296","28.434817","FioImma.local","maa03s42-in-f22.1e100.net","TCP","54","54649  >  443 [ACK] Seq=241 Ack=10041 Win=2051 Len=0"
"297","28.434867","maa03s42-in-f22.1e100.net","FioImma.local","TLSv1.2","1466","Application Data"
"298","28.434889","FioImma.local","maa03s42-in-f22.1e100.net","TCP","54","54649  >  443 [ACK] Seq=241 Ack=11453 Win=2051 Len=0"
"299","28.434917","maa03s42-in-f22.1e100.net","FioImma.local","TLSv1.2","837","Application Data"
"300","28.434966","maa03s42-in-f22.1e100.net","FioImma.local","TLSv1.2","93","Application Data"
"301","28.434975","FioImma.local","maa03s42-in-f22.1e100.net","TCP","54","54649  >  443 [ACK] Seq=241 Ack=12275 Win=2048 Len=0"
"302","28.435070","FioImma.local","maa03s42-in-f22.1e100.net","TLSv1.2","93","Application Data"
"303","28.445343","maa03s42-in-f22.1e100.net","FioImma.local","TCP","60","443  >  54649 [ACK] Seq=12275 Ack=280 Win=489 Len=0"
"304","30.383865","FioImma.local","clients.l.google.com","TCP","55","54628  >  443 [ACK] Seq=1 Ack=1 Win=510 Len=1 [TCP PDU reassembled in 7502]"
"305","30.396551","clients.l.google.com","FioImma.local","TCP","66","443  >  54628 [ACK] Seq=1 Ack=2 Win=489 Len=0 SLE=1 SRE=2"
"306","30.559295","FioImma.local","www.google.com","TCP","54","54799  >  443 [FIN, ACK] Seq=2317 Ack=1465 Win=131072 Len=0"
"307","30.559604","FioImma.local","www.google.com","TCP","66","54801  >  443 [SYN] Seq=0 Win=64240 Len=0 MSS=1460 WS=256 SACK_PERM"
"308","30.571208","www.google.com","FioImma.local","TCP","66","443  >  54801 [SYN, ACK] Seq=0 Ack=1 Win=65535 Len=0 MSS=1412 SACK_PERM WS=256"
"309","30.571208","www.google.com","FioImma.local","TCP","54","443  >  54799 [ACK] Seq=1465 Ack=2318 Win=71424 Len=0"
"310","30.571355","FioImma.local","www.google.com","TCP","54","54801  >  443 [ACK] Seq=1 Ack=1 Win=131072 Len=0"
"311","30.572403","FioImma.local","www.google.com","TCP","1466","54801  >  443 [ACK] Seq=1 Ack=1 Win=131072 Len=1412 [TCP PDU reassembled in 312]"
"312","30.572403","FioImma.local","www.google.com","TLSv1.3","430","Client Hello (SNI=www.google.com)"
"313","30.582847","www.google.com","FioImma.local","TCP","60","443  >  54801 [ACK] Seq=1 Ack=1413 Win=68608 Len=0"
"314","30.582847","www.google.com","FioImma.local","TCP","60","443  >  54801 [ACK] Seq=1 Ack=1789 Win=71424 Len=0"
"315","30.616326","www.google.com","FioImma.local","TLSv1.3","1466","Server Hello, Change Cipher Spec"
"316","30.618077","www.google.com","FioImma.local","TCP","2878","443  >  54801 [PSH, ACK] Seq=1413 Ack=1789 Win=71424 Len=2824 [TCP PDU reassembled in 317]"
"317","30.618077","www.google.com","FioImma.local","TLSv1.3","1168","Application Data"
"318","30.618148","FioImma.local","www.google.com","TCP","54","54801  >  443 [ACK] Seq=1789 Ack=5351 Win=131072 Len=0"
"319","30.619759","FioImma.local","www.google.com","TLSv1.3","128","Change Cipher Spec, Application Data"
"320","30.620067","FioImma.local","www.google.com","TLSv1.3","146","Application Data"
"321","30.620360","FioImma.local","www.google.com","TCP","1466","54801  >  443 [ACK] Seq=1955 Ack=5351 Win=131072 Len=1412 [TCP PDU reassembled in 322]"
"322","30.620360","FioImma.local","www.google.com","TLSv1.3","668","Application Data"
"323","30.631206","www.google.com","FioImma.local","TCP","60","443  >  54801 [ACK] Seq=5351 Ack=3367 Win=74240 Len=0"
"324","30.631206","www.google.com","FioImma.local","TLSv1.3","1012","Application Data, Application Data"
"325","30.631206","www.google.com","FioImma.local","TLSv1.3","85","Application Data"
"326","30.631271","FioImma.local","www.google.com","TCP","54","54801  >  443 [ACK] Seq=3981 Ack=6340 Win=130304 Len=0"
"327","30.631575","FioImma.local","www.google.com","TLSv1.3","85","Application Data"
"328","30.643547","FioImma.local","www.google.com","TLSv1.3","127","Application Data"
"329","30.647487","www.google.com","FioImma.local","TCP","60","443  >  54801 [ACK] Seq=6340 Ack=4012 Win=77056 Len=0"
"330","30.656522","www.google.com","FioImma.local","TCP","60","443  >  54801 [ACK] Seq=6340 Ack=4085 Win=77056 Len=0"
"331","30.710432","www.google.com","FioImma.local","TLSv1.3","1282","Application Data"
"332","30.710432","www.google.com","FioImma.local","TLSv1.3","745","Application Data"
"333","30.710432","www.google.com","FioImma.local","TLSv1.3","86","Application Data"
"334","30.710432","www.google.com","FioImma.local","TLSv1.3","85","Application Data"
"335","30.710432","www.google.com","FioImma.local","TLSv1.3","93","Application Data"
"336","30.710500","FioImma.local","www.google.com","TCP","54","54801  >  443 [ACK] Seq=4085 Ack=8361 Win=131072 Len=0"
"337","30.711452","FioImma.local","www.google.com","TLSv1.3","93","Application Data"
"338","30.721726","www.google.com","FioImma.local","TCP","60","443  >  54801 [ACK] Seq=8361 Ack=4124 Win=77056 Len=0"
"339","30.727666","www.google.com","FioImma.local","TLSv1.3","484","Application Data"
"340","30.727666","www.google.com","FioImma.local","TLSv1.3","108","Application Data"
"341","30.727666","www.google.com","FioImma.local","TLSv1.3","85","Application Data"
"342","30.727738","FioImma.local","www.google.com","TCP","54","54801  >  443 [ACK] Seq=4124 Ack=8876 Win=130560 Len=0"
"343","30.730390","FioImma.local","www.google.com","TLSv1.3","222","Application Data"
"344","30.744707","www.google.com","FioImma.local","TCP","60","443  >  54801 [ACK] Seq=8876 Ack=4292 Win=79872 Len=0"
"345","30.749294","FioImma.local","www.google.com","TLSv1.3","122","Application Data"
"346","30.761470","www.google.com","FioImma.local","TCP","60","443  >  54801 [ACK] Seq=8876 Ack=4360 Win=79872 Len=0"
"347","30.778769","FioImma.local","igmp.mcast.net","IGMPv3","54","Membership Report / Join group 239.255.255.250 for any sources"
"348","30.788967","FioImma.local","mars.octa.edu","DNS","99","Standard query 0x8577 PTR 110.182.250.142.in-addr.arpa OPT"
"349","30.805839","mars.octa.edu","FioImma.local","DNS","138","Standard query response 0x8577 PTR 110.182.250.142.in-addr.arpa PTR maa05s21-in-f14.1e100.net OPT"
"350","30.831147","www.google.com","FioImma.local","TLSv1.3","301","Application Data"
"351","30.831147","www.google.com","FioImma.local","TLSv1.3","118","Application Data"
"352","30.831147","www.google.com","FioImma.local","TLSv1.3","85","Application Data"
"353","30.831147","www.google.com","FioImma.local","TLSv1.3","93","Application Data"
"354","30.831245","FioImma.local","www.google.com","TCP","54","54801  >  443 [ACK] Seq=4360 Ack=9257 Win=130304 Len=0"
"355","30.832221","FioImma.local","www.google.com","TLSv1.3","93","Application Data"
"356","30.838636","www.google.com","FioImma.local","TLSv1.3","305","Application Data"
"357","30.838636","www.google.com","FioImma.local","TLSv1.3","1466","Application Data"
"358","30.838636","www.google.com","FioImma.local","TLSv1.3","1384","Application Data"
"359","30.838636","www.google.com","FioImma.local","TLSv1.3","217","Application Data"
"360","30.838705","FioImma.local","www.google.com","TCP","54","54801  >  443 [ACK] Seq=4399 Ack=12413 Win=131072 Len=0"
"361","30.841860","www.google.com","FioImma.local","TCP","60","443  >  54801 [ACK] Seq=12413 Ack=4399 Win=79872 Len=0"
"362","30.850108","www.google.com","FioImma.local","TLSv1.3","1466","Application Data"
"363","30.851750","www.google.com","FioImma.local","TLSv1.3","9938","Application Data, Application Data, Application Data, Application Data, Application Data, Application Data, Application Data"
"364","30.851778","FioImma.local","www.google.com","TCP","54","54801  >  443 [ACK] Seq=4399 Ack=23709 Win=131072 Len=0"
"365","30.854106","www.google.com","FioImma.local","TLSv1.3","4290","Application Data, Application Data, Application Data"
"366","30.854189","FioImma.local","www.google.com","TCP","54","54801  >  443 [ACK] Seq=4399 Ack=27945 Win=131072 Len=0"
"367","30.854292","www.google.com","FioImma.local","TLSv1.3","1179","Application Data"
"368","30.854335","FioImma.local","www.google.com","TCP","54","54801  >  443 [ACK] Seq=4399 Ack=29070 Win=130048 Len=0"
"369","30.869528","www.google.com","FioImma.local","TLSv1.3","1466","Application Data"
"370","30.871028","www.google.com","FioImma.local","TLSv1.3","8526","Application Data, Application Data, Application Data, Application Data, Application Data, Application Data"
"371","30.871091","FioImma.local","www.google.com","TCP","54","54801  >  443 [ACK] Seq=4399 Ack=38954 Win=131072 Len=0"
"372","30.874158","www.google.com","FioImma.local","TLSv1.3","1466","Application Data"
"373","30.874201","FioImma.local","www.google.com","TCP","54","54801  >  443 [ACK] Seq=4399 Ack=40366 Win=131072 Len=0"
"374","30.874722","www.google.com","FioImma.local","TLSv1.3","1466","Application Data"
"375","30.874722","www.google.com","FioImma.local","TLSv1.3","1466","Application Data"
"376","30.874722","www.google.com","FioImma.local","TLSv1.3","1466","Application Data"
"377","30.874722","www.google.com","FioImma.local","TLSv1.3","1466","Application Data"
"378","30.874722","www.google.com","FioImma.local","TLSv1.3","1179","Application Data"
"379","30.874722","www.google.com","FioImma.local","TLSv1.3","1466","Application Data"
"380","30.874722","www.google.com","FioImma.local","TLSv1.3","708","Application Data, Application Data, Application Data"
"381","30.874837","FioImma.local","www.google.com","TCP","54","54801  >  443 [ACK] Seq=4399 Ack=49205 Win=131072 Len=0"
"382","30.875115","FioImma.local","www.google.com","TLSv1.3","93","Application Data"
"383","30.887611","www.google.com","FioImma.local","TCP","60","443  >  54801 [ACK] Seq=49205 Ack=4438 Win=79872 Len=0"
"384","30.975846","FioImma.local","mars.octa.edu","DNS","88","Standard query 0xbfcf A ogads-pa.clients6.google.com"
"385","30.976188","FioImma.local","mars.octa.edu","DNS","88","Standard query 0x737c HTTPS ogads-pa.clients6.google.com"
"386","30.983361","mars.octa.edu","FioImma.local","DNS","104","Standard query response 0xbfcf A ogads-pa.clients6.google.com A 142.250.205.234"
"387","30.983361","mars.octa.edu","FioImma.local","DNS","138","Standard query response 0x737c HTTPS ogads-pa.clients6.google.com SOA ns1.google.com"
"388","30.984050","FioImma.local","ogads-pa.clients6.google.com","TCP","66","54802  >  443 [SYN] Seq=0 Win=64240 Len=0 MSS=1460 WS=256 SACK_PERM"
"389","30.993579","ogads-pa.clients6.google.com","FioImma.local","TCP","66","443  >  54802 [SYN, ACK] Seq=0 Ack=1 Win=65535 Len=0 MSS=1412 SACK_PERM WS=256"
"390","30.993658","FioImma.local","ogads-pa.clients6.google.com","TCP","54","54802  >  443 [ACK] Seq=1 Ack=1 Win=131072 Len=0"
"391","30.994775","FioImma.local","ogads-pa.clients6.google.com","TCP","1466","54802  >  443 [ACK] Seq=1 Ack=1 Win=131072 Len=1412 [TCP PDU reassembled in 392]"
"392","30.994775","FioImma.local","ogads-pa.clients6.google.com","TLSv1.3","848","Client Hello (SNI=ogads-pa.clients6.google.com)"
"393","31.005778","ogads-pa.clients6.google.com","FioImma.local","TCP","60","443  >  54802 [ACK] Seq=1 Ack=1413 Win=68608 Len=0"
"394","31.005778","ogads-pa.clients6.google.com","FioImma.local","TCP","60","443  >  54802 [ACK] Seq=1 Ack=2207 Win=71424 Len=0"
"395","31.040287","ogads-pa.clients6.google.com","FioImma.local","TLSv1.3","1466","Server Hello, Change Cipher Spec"
"396","31.040823","ogads-pa.clients6.google.com","FioImma.local","TLSv1.3","119","Application Data"
"397","31.040861","FioImma.local","ogads-pa.clients6.google.com","TCP","54","54802  >  443 [ACK] Seq=2207 Ack=1478 Win=131072 Len=0"
"398","31.041841","FioImma.local","ogads-pa.clients6.google.com","TLSv1.3","128","Change Cipher Spec, Application Data"
"399","31.042159","FioImma.local","ogads-pa.clients6.google.com","TLSv1.3","146","Application Data"
"400","31.042556","FioImma.local","ogads-pa.clients6.google.com","TCP","1466","54802  >  443 [ACK] Seq=2373 Ack=1478 Win=131072 Len=1412 [TCP PDU reassembled in 401]"
"401","31.042556","FioImma.local","ogads-pa.clients6.google.com","TLSv1.3","949","Application Data"
"402","31.042631","FioImma.local","ogads-pa.clients6.google.com","TLSv1.3","154","Application Data"
"403","31.052310","ogads-pa.clients6.google.com","FioImma.local","TCP","60","443  >  54802 [ACK] Seq=1478 Ack=3785 Win=74240 Len=0"
"404","31.052310","ogads-pa.clients6.google.com","FioImma.local","TLSv1.3","1040","Application Data, Application Data"
"405","31.052310","ogads-pa.clients6.google.com","FioImma.local","TLSv1.3","85","Application Data"
"406","31.052310","ogads-pa.clients6.google.com","FioImma.local","TCP","60","443  >  54802 [ACK] Seq=2495 Ack=4780 Win=77056 Len=0"
"407","31.052487","FioImma.local","ogads-pa.clients6.google.com","TCP","54","54802  >  443 [ACK] Seq=4780 Ack=2495 Win=130048 Len=0"
"408","31.053053","FioImma.local","ogads-pa.clients6.google.com","TLSv1.3","85","Application Data"
"409","31.067888","ogads-pa.clients6.google.com","FioImma.local","TCP","60","443  >  54802 [ACK] Seq=2495 Ack=4811 Win=77056 Len=0"
"410","31.103033","ogads-pa.clients6.google.com","FioImma.local","TLSv1.3","934","Application Data"
"411","31.103033","ogads-pa.clients6.google.com","FioImma.local","TLSv1.3","318","Application Data"
"412","31.103033","ogads-pa.clients6.google.com","FioImma.local","TLSv1.3","85","Application Data"
"413","31.103033","ogads-pa.clients6.google.com","FioImma.local","TLSv1.3","93","Application Data"
"414","31.103166","FioImma.local","ogads-pa.clients6.google.com","TCP","54","54802  >  443 [ACK] Seq=4811 Ack=3709 Win=131072 Len=0"
"415","31.105966","FioImma.local","ogads-pa.clients6.google.com","TLSv1.3","93","Application Data"
"416","31.120226","ogads-pa.clients6.google.com","FioImma.local","TCP","60","443  >  54802 [ACK] Seq=3709 Ack=4850 Win=77056 Len=0"
"417","31.976616","FioImma.local","mars.octa.edu","DNS","75","Standard query 0xe47c A play.google.com"
"418","31.976943","FioImma.local","mars.octa.edu","DNS","75","Standard query 0xb2a6 HTTPS play.google.com"
"419","31.984344","mars.octa.edu","FioImma.local","DNS","91","Standard query response 0xe47c A play.google.com A 142.250.195.142"
"420","31.984344","mars.octa.edu","FioImma.local","DNS","125","Standard query response 0xb2a6 HTTPS play.google.com SOA ns1.google.com"
"421","31.985510","FioImma.local","play.google.com","TCP","66","54803  >  443 [SYN] Seq=0 Win=64240 Len=0 MSS=1460 WS=256 SACK_PERM"
"422","31.993909","play.google.com","FioImma.local","TCP","66","443  >  54803 [SYN, ACK] Seq=0 Ack=1 Win=65535 Len=0 MSS=1412 SACK_PERM WS=256"
"423","31.994169","FioImma.local","play.google.com","TCP","54","54803  >  443 [ACK] Seq=1 Ack=1 Win=131072 Len=0"
"424","31.997306","FioImma.local","play.google.com","TCP","1466","54803  >  443 [ACK] Seq=1 Ack=1 Win=131072 Len=1412 [TCP PDU reassembled in 425]"
"425","31.997306","FioImma.local","play.google.com","TLSv1.3","650","Client Hello (SNI=play.google.com)"
"426","32.007586","play.google.com","FioImma.local","TCP","60","443  >  54803 [ACK] Seq=1 Ack=1413 Win=68608 Len=0"
"427","32.007586","play.google.com","FioImma.local","TCP","60","443  >  54803 [ACK] Seq=1 Ack=2009 Win=71424 Len=0"
"428","32.043896","play.google.com","FioImma.local","TLSv1.3","1354","Server Hello, Change Cipher Spec, Application Data"
"429","32.046323","FioImma.local","play.google.com","TLSv1.3","118","Change Cipher Spec, Application Data"
"430","32.046818","FioImma.local","play.google.com","TLSv1.3","146","Application Data"
"431","32.047305","FioImma.local","play.google.com","TCP","1466","54803  >  443 [ACK] Seq=2165 Ack=1301 Win=129792 Len=1412 [TCP PDU reassembled in 432]"
"432","32.047305","FioImma.local","play.google.com","TLSv1.3","1130","Application Data"
"433","32.047414","FioImma.local","play.google.com","TCP","1466","54803  >  443 [ACK] Seq=4653 Ack=1301 Win=129792 Len=1412 [TCP PDU reassembled in 434]"
"434","32.047414","FioImma.local","play.google.com","TLSv1.3","171","Application Data"
"435","32.058478","play.google.com","FioImma.local","TLSv1.3","670","Application Data, Application Data"
"436","32.058478","play.google.com","FioImma.local","TLSv1.3","85","Application Data"
"437","32.058478","play.google.com","FioImma.local","TCP","60","443  >  54803 [ACK] Seq=1948 Ack=6065 Win=79872 Len=0"
"438","32.058601","FioImma.local","play.google.com","TCP","54","54803  >  443 [ACK] Seq=6182 Ack=1948 Win=131072 Len=0"
"439","32.059156","FioImma.local","play.google.com","TLSv1.3","85","Application Data"
"440","32.062702","play.google.com","FioImma.local","TCP","60","443  >  54803 [ACK] Seq=1948 Ack=6182 Win=79872 Len=0"
"441","32.069752","play.google.com","FioImma.local","TCP","60","443  >  54803 [ACK] Seq=1948 Ack=6213 Win=79872 Len=0"
"442","32.164659","play.google.com","FioImma.local","TLSv1.3","830","Application Data"
"443","32.164659","play.google.com","FioImma.local","TLSv1.3","454","Application Data"
"444","32.164659","play.google.com","FioImma.local","TLSv1.3","85","Application Data"
"445","32.164659","play.google.com","FioImma.local","TLSv1.3","93","Application Data"
"446","32.164775","FioImma.local","play.google.com","TCP","54","54803  >  443 [ACK] Seq=6213 Ack=3194 Win=130048 Len=0"
"447","32.167601","FioImma.local","play.google.com","TLSv1.3","93","Application Data"
"448","32.176801","play.google.com","FioImma.local","TCP","60","443  >  54803 [ACK] Seq=3194 Ack=6252 Win=79872 Len=0"
"449","32.900773","FioImma.local","rr2.sn-o3o-itqz.googlevideo.com","TCP","55","54763  >  443 [ACK] Seq=1 Ack=1 Win=8212 Len=1"
"450","32.931272","rr2.sn-o3o-itqz.googlevideo.com","FioImma.local","TCP","66","443  >  54763 [ACK] Seq=1 Ack=2 Win=1466 Len=0 SLE=1 SRE=2"
"451","32.943121","FioImma.local","184.87.190.35.bc.googleusercontent.com","TCP","55","54666  >  443 [ACK] Seq=1 Ack=1 Win=509 Len=1"
"452","32.955242","184.87.190.35.bc.googleusercontent.com","FioImma.local","TCP","66","443  >  54666 [ACK] Seq=1 Ack=2 Win=378 Len=0 SLE=1 SRE=2"
"453","33.063578","FioImma.local","whatsapp-chatd-edge-shv-02-bom2.facebook.com","SSL","360","Continuation Data"
"454","33.104177","whatsapp-chatd-edge-shv-02-bom2.facebook.com","FioImma.local","TCP","60","443  >  54548 [ACK] Seq=1 Ack=307 Win=332 Len=0"
"455","33.315044","whatsapp-chatd-edge-shv-02-bom2.facebook.com","FioImma.local","SSL","93","Continuation Data"
"456","33.368614","FioImma.local","whatsapp-chatd-edge-shv-02-bom2.facebook.com","TCP","54","54548  >  443 [ACK] Seq=307 Ack=40 Win=515 Len=0"
"457","33.479310","FioImma.local","mars.octa.edu","DNS","71","Standard query 0xb920 A chatgpt.com"
"458","33.479774","FioImma.local","mars.octa.edu","DNS","71","Standard query 0x2054 HTTPS chatgpt.com"
"459","33.487273","mars.octa.edu","FioImma.local","DNS","103","Standard query response 0xb920 A chatgpt.com A 104.18.32.47 A 172.64.155.209"
"460","33.487273","mars.octa.edu","FioImma.local","DNS","141","Standard query response 0x2054 HTTPS chatgpt.com HTTPS"
"461","33.487927","FioImma.local","ab.chatgpt.com","TCP","66","54804  >  443 [SYN] Seq=0 Win=64240 Len=0 MSS=1460 WS=256 SACK_PERM"
"462","33.528297","ab.chatgpt.com","FioImma.local","TCP","66","443  >  54804 [SYN, ACK] Seq=0 Ack=1 Win=65535 Len=0 MSS=1400 SACK_PERM WS=8192"
"463","33.528579","FioImma.local","ab.chatgpt.com","TCP","54","54804  >  443 [ACK] Seq=1 Ack=1 Win=131584 Len=0"
"464","33.529735","FioImma.local","ab.chatgpt.com","TCP","1454","54804  >  443 [ACK] Seq=1 Ack=1 Win=131584 Len=1400 [TCP PDU reassembled in 465]"
"465","33.529735","FioImma.local","ab.chatgpt.com","TLSv1.3","646","Client Hello (SNI=chatgpt.com)"
"466","33.570361","ab.chatgpt.com","FioImma.local","TCP","60","443  >  54804 [ACK] Seq=1 Ack=1401 Win=73728 Len=0"
"467","33.570361","ab.chatgpt.com","FioImma.local","TCP","60","443  >  54804 [ACK] Seq=1 Ack=1993 Win=73728 Len=0"
"468","33.572432","ab.chatgpt.com","FioImma.local","TLSv1.3","1429","Server Hello, Change Cipher Spec, Application Data"
"469","33.586719","FioImma.local","ab.chatgpt.com","TLSv1.3","118","Change Cipher Spec, Application Data"
"470","33.587025","FioImma.local","ab.chatgpt.com","TLSv1.3","146","Application Data"
"471","33.587516","FioImma.local","ab.chatgpt.com","TCP","1454","54804  >  443 [ACK] Seq=2149 Ack=1376 Win=130048 Len=1400 [TCP PDU reassembled in 476]"
"472","33.587516","FioImma.local","ab.chatgpt.com","TCP","1454","54804  >  443 [ACK] Seq=3549 Ack=1376 Win=130048 Len=1400 [TCP PDU reassembled in 476]"
"473","33.587516","FioImma.local","ab.chatgpt.com","TCP","1454","54804  >  443 [ACK] Seq=4949 Ack=1376 Win=130048 Len=1400 [TCP PDU reassembled in 476]"
"474","33.587516","FioImma.local","ab.chatgpt.com","TCP","1454","54804  >  443 [ACK] Seq=6349 Ack=1376 Win=130048 Len=1400 [TCP PDU reassembled in 476]"
"475","33.587516","FioImma.local","ab.chatgpt.com","TCP","1454","54804  >  443 [ACK] Seq=7749 Ack=1376 Win=130048 Len=1400 [TCP PDU reassembled in 476]"
"476","33.587516","FioImma.local","ab.chatgpt.com","TLSv1.3","777","Application Data"
"477","33.587687","FioImma.local","ab.chatgpt.com","TLSv1.3","185","Application Data"
"478","33.628007","ab.chatgpt.com","FioImma.local","TCP","60","443  >  54804 [ACK] Seq=1376 Ack=2149 Win=73728 Len=0"
"479","33.628007","ab.chatgpt.com","FioImma.local","TLSv1.3","591","Application Data, Application Data"
"480","33.628007","ab.chatgpt.com","FioImma.local","TCP","60","443  >  54804 [ACK] Seq=1913 Ack=4949 Win=81920 Len=0"
"481","33.628007","ab.chatgpt.com","FioImma.local","TCP","60","443  >  54804 [ACK] Seq=1913 Ack=7749 Win=90112 Len=0"
"482","33.628007","ab.chatgpt.com","FioImma.local","TCP","60","443  >  54804 [ACK] Seq=1913 Ack=9872 Win=90112 Len=0"
"483","33.628123","FioImma.local","ab.chatgpt.com","TCP","54","54804  >  443 [ACK] Seq=10003 Ack=1913 Win=131584 Len=0"
"484","33.628454","FioImma.local","ab.chatgpt.com","TLSv1.3","85","Application Data"
"485","33.666174","ab.chatgpt.com","FioImma.local","TCP","60","443  >  54804 [ACK] Seq=1913 Ack=10003 Win=98304 Len=0"
"486","33.709529","ab.chatgpt.com","FioImma.local","TCP","60","443  >  54804 [ACK] Seq=1913 Ack=10034 Win=98304 Len=0"
"487","33.805590","FioImma.local","mars.octa.edu","DNS","97","Standard query 0x2761 PTR 57.60.149.180.in-addr.arpa OPT"
"488","33.805976","FioImma.local","mars.octa.edu","DNS","97","Standard query 0xa5ff PTR 184.87.190.35.in-addr.arpa OPT"
"489","33.806189","FioImma.local","mars.octa.edu","DNS","97","Standard query 0x032c PTR 61.144.70.163.in-addr.arpa OPT"
"490","33.827717","mars.octa.edu","FioImma.local","DNS","155","Standard query response 0x032c PTR 61.144.70.163.in-addr.arpa PTR whatsapp-chatd-edge-shv-02-bom2.facebook.com OPT"
"491","33.839559","mars.octa.edu","FioImma.local","DNS","127","Standard query response 0x2761 PTR 57.60.149.180.in-addr.arpa PTR cache.google.com OPT"
"492","33.844903","mars.octa.edu","FioImma.local","DNS","149","Standard query response 0xa5ff PTR 184.87.190.35.in-addr.arpa PTR 184.87.190.35.bc.googleusercontent.com OPT"
"493","34.539318","ab.chatgpt.com","FioImma.local","TLSv1.3","978","Application Data"
"494","34.539318","ab.chatgpt.com","FioImma.local","TLSv1.3","183","Application Data"
"495","34.539318","ab.chatgpt.com","FioImma.local","TLSv1.3","85","Application Data"
"496","34.539369","FioImma.local","ab.chatgpt.com","TCP","54","54804  >  443 [ACK] Seq=10034 Ack=2997 Win=130304 Len=0"
"497","34.542747","FioImma.local","mars.octa.edu","DNS","80","Standard query 0xb8a7 A beacons.gcp.gvt2.com"
"498","34.542991","FioImma.local","mars.octa.edu","DNS","80","Standard query 0xcdcb HTTPS beacons.gcp.gvt2.com"
"499","34.543266","FioImma.local","gce-beacons.gcp.gvt2.com","TLSv1.2","130","Ignored Unknown Record"
"500","34.543314","FioImma.local","gce-beacons.gcp.gvt2.com","TLSv1.2","100","Application Data"
"501","34.543363","FioImma.local","gce-beacons.gcp.gvt2.com","TLSv1.2","400","Application Data"
"502","34.543782","FioImma.local","102.221.186.35.bc.googleusercontent.com","TLSv1.2","119","Ignored Unknown Record"
"503","34.543824","FioImma.local","102.221.186.35.bc.googleusercontent.com","TLSv1.2","93","Application Data"
"504","34.543862","FioImma.local","102.221.186.35.bc.googleusercontent.com","TLSv1.2","666","Application Data"
"505","34.547638","mars.octa.edu","FioImma.local","DNS","152","Standard query response 0xb8a7 A beacons.gcp.gvt2.com CNAME beacons-handoff.gcp.gvt2.com CNAME gce-beacons.gcp.gvt2.com A 35.220.128.127"
"506","34.547638","mars.octa.edu","FioImma.local","DNS","193","Standard query response 0xcdcb HTTPS beacons.gcp.gvt2.com CNAME beacons-handoff.gcp.gvt2.com CNAME gce-beacons.gcp.gvt2.com SOA ns1.google.com"
"507","34.554327","102.221.186.35.bc.googleusercontent.com","FioImma.local","TCP","60","443  >  54633 [ACK] Seq=1 Ack=67 Win=345 Len=0"
"508","34.554327","102.221.186.35.bc.googleusercontent.com","FioImma.local","TCP","60","443  >  54633 [ACK] Seq=1 Ack=106 Win=345 Len=0"
"509","34.554327","102.221.186.35.bc.googleusercontent.com","FioImma.local","TLSv1.2","93","Application Data"
"510","34.558594","102.221.186.35.bc.googleusercontent.com","FioImma.local","TCP","60","443  >  54633 [ACK] Seq=40 Ack=718 Win=356 Len=0"
"511","34.600296","FioImma.local","102.221.186.35.bc.googleusercontent.com","TCP","54","54633  >  443 [ACK] Seq=718 Ack=40 Win=512 Len=0"
"512","34.621304","gce-beacons.gcp.gvt2.com","FioImma.local","TCP","60","443  >  54769 [ACK] Seq=1 Ack=78 Win=249 Len=0"
"513","34.621304","gce-beacons.gcp.gvt2.com","FioImma.local","TCP","60","443  >  54769 [ACK] Seq=1 Ack=124 Win=249 Len=0"
"514","34.621304","gce-beacons.gcp.gvt2.com","FioImma.local","TCP","60","443  >  54769 [ACK] Seq=1 Ack=470 Win=249 Len=0"
"515","34.621304","gce-beacons.gcp.gvt2.com","FioImma.local","TLSv1.2","100","Application Data"
"516","34.621304","gce-beacons.gcp.gvt2.com","FioImma.local","TLSv1.2","96","Application Data"
"517","34.621373","FioImma.local","gce-beacons.gcp.gvt2.com","TCP","54","54769  >  443 [ACK] Seq=470 Ack=89 Win=510 Len=0"
"518","34.706673","FioImma.local","ab.chatgpt.com","TCP","55","54679  >  443 [ACK] Seq=1 Ack=1 Win=2056 Len=1 [TCP PDU reassembled in 2968]"
"519","34.747054","ab.chatgpt.com","FioImma.local","TCP","66","443  >  54679 [ACK] Seq=1 Ack=2 Win=64 Len=0 SLE=1 SRE=2"
"520","34.795698","gce-beacons.gcp.gvt2.com","FioImma.local","TLSv1.2","124","Application Data"
"521","34.796874","FioImma.local","gce-beacons.gcp.gvt2.com","TLSv1.2","96","Application Data"
"522","34.910339","FioImma.local","mars.octa.edu","DNS","74","Standard query 0x914b A ab.chatgpt.com"
"523","34.910588","FioImma.local","mars.octa.edu","DNS","74","Standard query 0x47fc HTTPS ab.chatgpt.com"
"524","34.917531","gce-beacons.gcp.gvt2.com","FioImma.local","TCP","60","443  >  54769 [ACK] Seq=159 Ack=512 Win=249 Len=0"
"525","34.917531","mars.octa.edu","FioImma.local","DNS","106","Standard query response 0x914b A ab.chatgpt.com A 172.64.155.209 A 104.18.32.47"
"526","34.917531","mars.octa.edu","FioImma.local","DNS","144","Standard query response 0x47fc HTTPS ab.chatgpt.com HTTPS"
"527","34.918569","FioImma.local","ab.chatgpt.com","TCP","66","54805  >  443 [SYN] Seq=0 Win=64240 Len=0 MSS=1460 WS=256 SACK_PERM"
"528","34.928092","ab.chatgpt.com","FioImma.local","TCP","66","443  >  54805 [SYN, ACK] Seq=0 Ack=1 Win=65535 Len=0 MSS=1400 SACK_PERM WS=8192"
"529","34.928216","FioImma.local","ab.chatgpt.com","TCP","54","54805  >  443 [ACK] Seq=1 Ack=1 Win=131584 Len=0"
"530","34.930278","FioImma.local","ab.chatgpt.com","TCP","1454","54805  >  443 [ACK] Seq=1 Ack=1 Win=131584 Len=1400 [TCP PDU reassembled in 531]"
"531","34.930278","FioImma.local","ab.chatgpt.com","TLSv1.3","713","Client Hello (SNI=ab.chatgpt.com)"
"532","34.944254","ab.chatgpt.com","FioImma.local","TCP","60","443  >  54805 [ACK] Seq=1 Ack=1401 Win=73728 Len=0"
"533","34.944254","ab.chatgpt.com","FioImma.local","TCP","60","443  >  54805 [ACK] Seq=1 Ack=2060 Win=73728 Len=0"
"534","34.946435","ab.chatgpt.com","FioImma.local","TLSv1.3","1514","Server Hello, Change Cipher Spec"
"535","34.946435","ab.chatgpt.com","FioImma.local","TCP","1514","443  >  54805 [ACK] Seq=1461 Ack=2060 Win=73728 Len=1460 [TCP PDU reassembled in 536]"
"536","34.946435","ab.chatgpt.com","FioImma.local","TLSv1.3","541","Application Data"
"537","34.946523","FioImma.local","ab.chatgpt.com","TCP","54","54805  >  443 [ACK] Seq=2060 Ack=3408 Win=131584 Len=0"
"538","34.962424","FioImma.local","ab.chatgpt.com","TLSv1.3","118","Change Cipher Spec, Application Data"
"539","34.962676","FioImma.local","ab.chatgpt.com","TLSv1.3","146","Application Data"
"540","34.962941","FioImma.local","ab.chatgpt.com","TLSv1.3","493","Application Data"
"541","34.976700","ab.chatgpt.com","FioImma.local","TCP","60","443  >  54805 [ACK] Seq=3408 Ack=2655 Win=81920 Len=0"
"542","34.976700","ab.chatgpt.com","FioImma.local","TLSv1.3","591","Application Data, Application Data"
"543","34.977143","FioImma.local","ab.chatgpt.com","TLSv1.3","85","Application Data"
"544","35.033084","ab.chatgpt.com","FioImma.local","TCP","60","443  >  54805 [ACK] Seq=3945 Ack=2686 Win=81920 Len=0"
"545","35.037780","ab.chatgpt.com","FioImma.local","TLSv1.3","1093","Application Data"
"546","35.040722","FioImma.local","ab.chatgpt.com","TLSv1.3","400","Application Data"
"547","35.040793","FioImma.local","ab.chatgpt.com","TLSv1.3","1418","Application Data"
"548","35.054432","ab.chatgpt.com","FioImma.local","TCP","60","443  >  54805 [ACK] Seq=4984 Ack=3032 Win=81920 Len=0"
"549","35.054432","ab.chatgpt.com","FioImma.local","TCP","60","443  >  54805 [ACK] Seq=4984 Ack=4396 Win=81920 Len=0"
"550","35.109296","ab.chatgpt.com","FioImma.local","TLSv1.3","545","Application Data"
"551","35.109296","ab.chatgpt.com","FioImma.local","TLSv1.3","101","Application Data"
"552","35.109296","ab.chatgpt.com","FioImma.local","TLSv1.3","85","Application Data"
"553","35.109427","FioImma.local","ab.chatgpt.com","TCP","54","54805  >  443 [ACK] Seq=4396 Ack=5553 Win=130816 Len=0"
"554","35.170077","FioImma.local","mars.octa.edu","DNS","79","Standard query 0x7ea7 A ieeexplore.ieee.org"
"555","35.170327","FioImma.local","mars.octa.edu","DNS","79","Standard query 0x8a7e HTTPS ieeexplore.ieee.org"
"556","35.170686","FioImma.local","mars.octa.edu","DNS","73","Standard query 0x0872 A cmp.osano.com"
"557","35.170873","FioImma.local","mars.octa.edu","DNS","73","Standard query 0x5678 HTTPS cmp.osano.com"
"558","35.171100","FioImma.local","mars.octa.edu","DNS","75","Standard query 0xca31 A cdn.parsely.com"
"559","35.171252","FioImma.local","mars.octa.edu","DNS","75","Standard query 0x77c9 HTTPS cdn.parsely.com"
"560","35.171881","FioImma.local","mars.octa.edu","DNS","87","Standard query 0x419c A safebrowsing.googleapis.com"
"561","35.172029","FioImma.local","mars.octa.edu","DNS","87","Standard query 0x5720 HTTPS safebrowsing.googleapis.com"
"562","35.179105","FioImma.local","ab.chatgpt.com","TLSv1.3","200","Application Data"
"563","35.179249","FioImma.local","ab.chatgpt.com","TCP","1454","54805  >  443 [ACK] Seq=4542 Ack=5553 Win=130816 Len=1400 [TCP PDU reassembled in 574]"
"564","35.179249","FioImma.local","ab.chatgpt.com","TCP","1454","54805  >  443 [ACK] Seq=5942 Ack=5553 Win=130816 Len=1400 [TCP PDU reassembled in 574]"
"565","35.179249","FioImma.local","ab.chatgpt.com","TCP","1454","54805  >  443 [ACK] Seq=7342 Ack=5553 Win=130816 Len=1400 [TCP PDU reassembled in 574]"
"566","35.179249","FioImma.local","ab.chatgpt.com","TCP","1454","54805  >  443 [ACK] Seq=8742 Ack=5553 Win=130816 Len=1400 [TCP PDU reassembled in 574]"
"567","35.179249","FioImma.local","ab.chatgpt.com","TCP","1454","54805  >  443 [ACK] Seq=10142 Ack=5553 Win=130816 Len=1400 [TCP PDU reassembled in 574]"
"568","35.179249","FioImma.local","ab.chatgpt.com","TCP","1454","54805  >  443 [ACK] Seq=11542 Ack=5553 Win=130816 Len=1400 [TCP PDU reassembled in 574]"
"569","35.179249","FioImma.local","ab.chatgpt.com","TCP","1454","54805  >  443 [ACK] Seq=12942 Ack=5553 Win=130816 Len=1400 [TCP PDU reassembled in 574]"
"570","35.179249","FioImma.local","ab.chatgpt.com","TCP","1454","54805  >  443 [ACK] Seq=14342 Ack=5553 Win=130816 Len=1400 [TCP PDU reassembled in 574]"
"571","35.179249","FioImma.local","ab.chatgpt.com","TCP","1454","54805  >  443 [ACK] Seq=15742 Ack=5553 Win=130816 Len=1400 [TCP PDU reassembled in 574]"
"572","35.179249","FioImma.local","ab.chatgpt.com","TCP","1454","54805  >  443 [ACK] Seq=17142 Ack=5553 Win=130816 Len=1400 [TCP PDU reassembled in 574]"
"573","35.179249","FioImma.local","ab.chatgpt.com","TCP","1454","54805  >  443 [ACK] Seq=18542 Ack=5553 Win=130816 Len=1400 [TCP PDU reassembled in 574]"
"574","35.179249","FioImma.local","ab.chatgpt.com","TLSv1.3","1060","Application Data"
"575","35.179380","FioImma.local","ab.chatgpt.com","TCP","1454","54805  >  443 [ACK] Seq=20948 Ack=5553 Win=130816 Len=1400 [TCP PDU reassembled in 598]"
"576","35.180168","mars.octa.edu","FioImma.local","DNS","203","Standard query response 0x8a7e HTTPS ieeexplore.ieee.org CNAME d34ow7epij5zhk.cloudfront.net SOA ns-782.awsdns-33.net"
"577","35.180168","mars.octa.edu","FioImma.local","DNS","194","Standard query response 0x5678 HTTPS cmp.osano.com CNAME d2gt2ux04o03l1.cloudfront.net SOA ns-437.awsdns-54.com"
"578","35.181334","mars.octa.edu","FioImma.local","DNS","103","Standard query response 0x419c A safebrowsing.googleapis.com A 142.250.196.42"
"579","35.181334","mars.octa.edu","FioImma.local","DNS","144","Standard query response 0x5720 HTTPS safebrowsing.googleapis.com SOA ns1.google.com"
"580","35.181817","FioImma.local","safebrowsing.googleapis.com","TCP","66","54806  >  443 [SYN] Seq=0 Win=64240 Len=0 MSS=1460 WS=256 SACK_PERM"
"581","35.182210","FioImma.local","mars.octa.edu","DNS","72","Standard query 0x7711 A wpad.hgu_lan"
"582","35.187368","mars.octa.edu","FioImma.local","DNS","147","Standard query response 0x7711 No such name A wpad.hgu_lan SOA a.root-servers.net"
"583","35.189518","mars.octa.edu","FioImma.local","DNS","156","Standard query response 0x77c9 HTTPS cdn.parsely.com SOA ns-973.awsdns-57.net"
"584","35.189518","ab.chatgpt.com","FioImma.local","TCP","60","443  >  54805 [ACK] Seq=5553 Ack=4542 Win=90112 Len=0"
"585","35.192522","ab.chatgpt.com","FioImma.local","TCP","60","443  >  54805 [ACK] Seq=5553 Ack=5942 Win=90112 Len=0"
"586","35.192522","ab.chatgpt.com","FioImma.local","TCP","60","443  >  54805 [ACK] Seq=5553 Ack=7342 Win=90112 Len=0"
"587","35.192522","ab.chatgpt.com","FioImma.local","TCP","60","443  >  54805 [ACK] Seq=5553 Ack=8742 Win=98304 Len=0"
"588","35.192522","ab.chatgpt.com","FioImma.local","TCP","60","443  >  54805 [ACK] Seq=5553 Ack=10142 Win=98304 Len=0"
"589","35.192522","safebrowsing.googleapis.com","FioImma.local","TCP","66","443  >  54806 [SYN, ACK] Seq=0 Ack=1 Win=65535 Len=0 MSS=1412 SACK_PERM WS=256"
"590","35.192522","ab.chatgpt.com","FioImma.local","TCP","60","443  >  54805 [ACK] Seq=5553 Ack=11542 Win=98304 Len=0"
"591","35.192522","ab.chatgpt.com","FioImma.local","TCP","60","443  >  54805 [ACK] Seq=5553 Ack=12942 Win=106496 Len=0"
"592","35.192522","ab.chatgpt.com","FioImma.local","TCP","60","443  >  54805 [ACK] Seq=5553 Ack=14342 Win=106496 Len=0"
"593","35.192522","ab.chatgpt.com","FioImma.local","TCP","60","443  >  54805 [ACK] Seq=5553 Ack=15742 Win=106496 Len=0"
"594","35.192522","ab.chatgpt.com","FioImma.local","TCP","60","443  >  54805 [ACK] Seq=5553 Ack=17142 Win=114688 Len=0"
"595","35.192522","ab.chatgpt.com","FioImma.local","TCP","60","443  >  54805 [ACK] Seq=5553 Ack=18542 Win=114688 Len=0"
"596","35.192522","ab.chatgpt.com","FioImma.local","TCP","60","443  >  54805 [ACK] Seq=5553 Ack=19942 Win=122880 Len=0"
"597","35.192522","ab.chatgpt.com","FioImma.local","TCP","60","443  >  54805 [ACK] Seq=5553 Ack=20948 Win=122880 Len=0"
"598","35.192619","FioImma.local","ab.chatgpt.com","TLSv1.3","1384","Application Data[Illegal Segments]"
"599","35.192675","FioImma.local","safebrowsing.googleapis.com","TCP","54","54806  >  443 [ACK] Seq=1 Ack=1 Win=131072 Len=0"
"600","35.193526","FioImma.local","safebrowsing.googleapis.com","TCP","1466","54806  >  443 [ACK] Seq=1 Ack=1 Win=131072 Len=1412 [TCP PDU reassembled in 601]"
"601","35.193526","FioImma.local","safebrowsing.googleapis.com","TLSv1.3","910","Client Hello (SNI=safebrowsing.googleapis.com)"
"602","35.194328","ab.chatgpt.com","FioImma.local","TLSv1.3","89","Application Data"
"603","35.205075","safebrowsing.googleapis.com","FioImma.local","TCP","60","443  >  54806 [ACK] Seq=1 Ack=1413 Win=68608 Len=0"
"604","35.205075","safebrowsing.googleapis.com","FioImma.local","TCP","60","443  >  54806 [ACK] Seq=1 Ack=2269 Win=71424 Len=0"
"605","35.205075","ab.chatgpt.com","FioImma.local","TCP","60","443  >  54805 [ACK] Seq=5588 Ack=23678 Win=131072 Len=0"
"606","35.210337","mars.octa.edu","FioImma.local","DNS","91","Standard query response 0xca31 A cdn.parsely.com A 65.8.83.61"
"607","35.211333","FioImma.local","cdn.parsely.com","TCP","66","54807  >  443 [SYN] Seq=0 Win=64240 Len=0 MSS=1460 WS=256 SACK_PERM"
"608","35.211900","FioImma.local","mars.octa.edu","DNS","72","Standard query 0xc730 A www.ieee.org"
"609","35.212059","FioImma.local","mars.octa.edu","DNS","72","Standard query 0xcbf3 HTTPS www.ieee.org"
"610","35.218868","mars.octa.edu","FioImma.local","DNS","178","Standard query response 0xc730 A www.ieee.org CNAME d2jj6g4vsh8eh.cloudfront.net A 18.172.78.73 A 18.172.78.91 A 18.172.78.52 A 18.172.78.70"
"611","35.218868","mars.octa.edu","FioImma.local","DNS","201","Standard query response 0xcbf3 HTTPS www.ieee.org CNAME d2jj6g4vsh8eh.cloudfront.net SOA ns-1963.awsdns-53.co.uk"
"612","35.220011","FioImma.local","mars.octa.edu","DNS","74","Standard query 0x77c5 A p1.parsely.com"
"613","35.220209","FioImma.local","mars.octa.edu","DNS","74","Standard query 0xa184 HTTPS p1.parsely.com"
"614","35.220937","mars.octa.edu","FioImma.local","DNS","186","Standard query response 0x7ea7 A ieeexplore.ieee.org CNAME d34ow7epij5zhk.cloudfront.net A 52.84.12.28 A 52.84.12.53 A 52.84.12.58 A 52.84.12.95"
"615","35.221931","FioImma.local","d34ow7epij5zhk.cloudfront.net","TCP","66","54808  >  443 [SYN] Seq=0 Win=64240 Len=0 MSS=1460 WS=256 SACK_PERM"
"616","35.222350","FioImma.local","mars.octa.edu","DNS","80","Standard query 0x6e7f A stream.cadmore.media"
"617","35.222456","FioImma.local","mars.octa.edu","DNS","80","Standard query 0xc5c0 HTTPS stream.cadmore.media"
"618","35.225469","mars.octa.edu","FioImma.local","DNS","122","Standard query response 0x77c5 A p1.parsely.com A 54.155.18.159 A 63.34.81.234 A 52.17.99.225"
"619","35.225469","cdn.parsely.com","FioImma.local","TCP","66","443  >  54807 [SYN, ACK] Seq=0 Ack=1 Win=65535 Len=0 MSS=1440 SACK_PERM WS=512"
"620","35.225469","mars.octa.edu","FioImma.local","DNS","155","Standard query response 0xa184 HTTPS p1.parsely.com SOA ns-973.awsdns-57.net"
"621","35.225526","FioImma.local","cdn.parsely.com","TCP","54","54807  >  443 [ACK] Seq=1 Ack=1 Win=132352 Len=0"
"622","35.226339","FioImma.local","cdn.parsely.com","TCP","1494","54807  >  443 [ACK] Seq=1 Ack=1 Win=132352 Len=1440 [TCP PDU reassembled in 623]"
"623","35.226339","FioImma.local","cdn.parsely.com","TLSv1.3","491","Client Hello (SNI=cdn.parsely.com)"
"624","35.232343","mars.octa.edu","FioImma.local","DNS","180","Standard query response 0x0872 A cmp.osano.com CNAME d2gt2ux04o03l1.cloudfront.net A 18.161.246.115 A 18.161.246.68 A 18.161.246.70 A 18.161.246.30"
"625","35.232343","d34ow7epij5zhk.cloudfront.net","FioImma.local","TCP","66","443  >  54808 [SYN, ACK] Seq=0 Ack=1 Win=65535 Len=0 MSS=1440 SACK_PERM WS=512"
"626","35.232431","FioImma.local","d34ow7epij5zhk.cloudfront.net","TCP","54","54808  >  443 [ACK] Seq=1 Ack=1 Win=132352 Len=0"
"627","35.233656","FioImma.local","d34ow7epij5zhk.cloudfront.net","TCP","1494","54808  >  443 [ACK] Seq=1 Ack=1 Win=132352 Len=1440 [TCP PDU reassembled in 628]"
"628","35.233656","FioImma.local","d34ow7epij5zhk.cloudfront.net","TLSv1.3","495","Client Hello (SNI=ieeexplore.ieee.org)"
"629","35.234257","FioImma.local","d2gt2ux04o03l1.cloudfront.net","TCP","66","54809  >  443 [SYN] Seq=0 Win=64240 Len=0 MSS=1460 WS=256 SACK_PERM"
"630","35.236633","cdn.parsely.com","FioImma.local","TCP","60","443  >  54807 [ACK] Seq=1 Ack=1441 Win=68608 Len=0"
"631","35.239105","FioImma.local","ab.chatgpt.com","TCP","54","54805  >  443 [ACK] Seq=23678 Ack=5588 Win=130816 Len=0"
"632","35.239389","cdn.parsely.com","FioImma.local","TCP","60","443  >  54807 [ACK] Seq=1 Ack=1878 Win=71680 Len=0"
"633","35.239389","safebrowsing.googleapis.com","FioImma.local","TLSv1.3","1466","Server Hello, Change Cipher Spec"
"634","35.239389","cdn.parsely.com","FioImma.local","TLSv1.3","288","Server Hello, Change Cipher Spec, Application Data, Application Data"
"635","35.239389","safebrowsing.googleapis.com","FioImma.local","TLSv1.3","118","Application Data"
"636","35.239445","FioImma.local","safebrowsing.googleapis.com","TCP","54","54806  >  443 [ACK] Seq=2269 Ack=1477 Win=131072 Len=0"
"637","35.240679","FioImma.local","safebrowsing.googleapis.com","TLSv1.3","128","Change Cipher Spec, Application Data"
"638","35.240848","FioImma.local","safebrowsing.googleapis.com","TLSv1.3","146","Application Data"
"639","35.241008","FioImma.local","safebrowsing.googleapis.com","TLSv1.3","807","Application Data"
"640","35.241051","FioImma.local","safebrowsing.googleapis.com","TLSv1.3","599","Application Data"
"641","35.241151","FioImma.local","safebrowsing.googleapis.com","TLSv1.3","599","Application Data"
"642","35.244261","FioImma.local","cdn.parsely.com","TLSv1.3","118","Change Cipher Spec, Application Data"
"643","35.247261","d2gt2ux04o03l1.cloudfront.net","FioImma.local","TCP","66","443  >  54809 [SYN, ACK] Seq=0 Ack=1 Win=65535 Len=0 MSS=1440 SACK_PERM WS=512"
"644","35.247261","d34ow7epij5zhk.cloudfront.net","FioImma.local","TCP","60","443  >  54808 [ACK] Seq=1 Ack=1441 Win=68608 Len=0"
"645","35.247261","d34ow7epij5zhk.cloudfront.net","FioImma.local","TCP","60","443  >  54808 [ACK] Seq=1 Ack=1882 Win=71680 Len=0"
"646","35.247261","d34ow7epij5zhk.cloudfront.net","FioImma.local","TLSv1.3","288","Server Hello, Change Cipher Spec, Application Data, Application Data"
"647","35.247363","FioImma.local","d2gt2ux04o03l1.cloudfront.net","TCP","54","54809  >  443 [ACK] Seq=1 Ack=1 Win=132352 Len=0"
"648","35.248684","FioImma.local","d2gt2ux04o03l1.cloudfront.net","TCP","1494","54809  >  443 [ACK] Seq=1 Ack=1 Win=132352 Len=1440 [TCP PDU reassembled in 649]"
"649","35.248684","FioImma.local","d2gt2ux04o03l1.cloudfront.net","TLSv1.3","553","Client Hello (SNI=cmp.osano.com)"
"650","35.250212","safebrowsing.googleapis.com","FioImma.local","TLSv1.3","1038","Application Data, Application Data"
"651","35.250212","safebrowsing.googleapis.com","FioImma.local","TLSv1.3","85","Application Data"
"652","35.250212","safebrowsing.googleapis.com","FioImma.local","TCP","60","443  >  54806 [ACK] Seq=2492 Ack=4278 Win=78080 Len=0"
"653","35.250249","FioImma.local","safebrowsing.googleapis.com","TCP","54","54806  >  443 [ACK] Seq=4278 Ack=2492 Win=130048 Len=0"
"654","35.250405","FioImma.local","safebrowsing.googleapis.com","TLSv1.3","85","Application Data"
"655","35.252582","FioImma.local","d34ow7epij5zhk.cloudfront.net","TLSv1.3","118","Change Cipher Spec, Application Data"
"656","35.256211","cdn.parsely.com","FioImma.local","TCP","60","443  >  54807 [ACK] Seq=235 Ack=1942 Win=71680 Len=0"
"657","35.256211","cdn.parsely.com","FioImma.local","TLSv1.3","200","Application Data"
"658","35.256211","cdn.parsely.com","FioImma.local","TLSv1.3","116","Application Data"
"659","35.256246","FioImma.local","cdn.parsely.com","TCP","54","54807  >  443 [ACK] Seq=1942 Ack=443 Win=131840 Len=0"
"660","35.259265","d2gt2ux04o03l1.cloudfront.net","FioImma.local","TCP","60","443  >  54809 [ACK] Seq=1 Ack=1441 Win=68608 Len=0"
"661","35.259265","d2gt2ux04o03l1.cloudfront.net","FioImma.local","TCP","60","443  >  54809 [ACK] Seq=1 Ack=1940 Win=71680 Len=0"
"662","35.259265","d2gt2ux04o03l1.cloudfront.net","FioImma.local","TLSv1.3","288","Server Hello, Change Cipher Spec, Application Data, Application Data"
"663","35.263156","FioImma.local","d2gt2ux04o03l1.cloudfront.net","TLSv1.3","118","Change Cipher Spec, Application Data"
"664","35.263221","ab.chatgpt.com","FioImma.local","TLSv1.3","528","Application Data"
"665","35.263221","ab.chatgpt.com","FioImma.local","TLSv1.3","101","Application Data"
"666","35.263221","ab.chatgpt.com","FioImma.local","TLSv1.3","85","Application Data"
"667","35.263221","d34ow7epij5zhk.cloudfront.net","FioImma.local","TCP","60","443  >  54808 [ACK] Seq=235 Ack=1946 Win=71680 Len=0"
"668","35.263221","d34ow7epij5zhk.cloudfront.net","FioImma.local","TLSv1.3","200","Application Data"
"669","35.263221","d34ow7epij5zhk.cloudfront.net","FioImma.local","TLSv1.3","116","Application Data"
"670","35.263221","safebrowsing.googleapis.com","FioImma.local","TCP","60","443  >  54806 [ACK] Seq=2492 Ack=4309 Win=78080 Len=0"
"671","35.263372","FioImma.local","ab.chatgpt.com","TCP","54","54805  >  443 [ACK] Seq=23678 Ack=6140 Win=130304 Len=0"
"672","35.263404","FioImma.local","d34ow7epij5zhk.cloudfront.net","TCP","54","54808  >  443 [ACK] Seq=1946 Ack=443 Win=131840 Len=0"
"673","35.270111","mars.octa.edu","FioImma.local","DNS","255","Standard query response 0x6e7f A stream.cadmore.media CNAME cadmorevideo.azurewebsites.net CNAME waws-prod-blu-171.sip.azurewebsites.windows.net CNAME waws-prod-blu-171.eastus.cloudapp.azure.com A 40.71.11.145"
"674","35.273442","d2gt2ux04o03l1.cloudfront.net","FioImma.local","TCP","60","443  >  54809 [ACK] Seq=235 Ack=2004 Win=71680 Len=0"
"675","35.273442","d2gt2ux04o03l1.cloudfront.net","FioImma.local","TLSv1.3","200","Application Data"
"676","35.273442","d2gt2ux04o03l1.cloudfront.net","FioImma.local","TLSv1.3","116","Application Data"
"677","35.273513","FioImma.local","d2gt2ux04o03l1.cloudfront.net","TCP","54","54809  >  443 [ACK] Seq=2004 Ack=443 Win=131840 Len=0"
"678","35.288414","FioImma.local","waws-prod-blu-171.eastus.cloudapp.azure.com","TCP","66","54810  >  443 [SYN] Seq=0 Win=64240 Len=0 MSS=1460 WS=256 SACK_PERM"
"679","35.293317","safebrowsing.googleapis.com","FioImma.local","TLSv1.3","274","Application Data"
"680","35.293317","safebrowsing.googleapis.com","FioImma.local","TLSv1.3","192","Application Data"
"681","35.293317","safebrowsing.googleapis.com","FioImma.local","TLSv1.3","85","Application Data"
"682","35.293317","mars.octa.edu","FioImma.local","DNS","239","Standard query response 0xc5c0 HTTPS stream.cadmore.media CNAME cadmorevideo.azurewebsites.net CNAME waws-prod-blu-171.sip.azurewebsites.windows.net CNAME waws-prod-blu-171.eastus.cloudapp.azure.com"
"683","35.293317","safebrowsing.googleapis.com","FioImma.local","TLSv1.3","93","Application Data"
"684","35.293371","FioImma.local","safebrowsing.googleapis.com","TCP","54","54806  >  443 [ACK] Seq=4309 Ack=2881 Win=129792 Len=0"
"685","35.293420","FioImma.local","safebrowsing.googleapis.com","TCP","54","54806  >  443 [ACK] Seq=4309 Ack=2920 Win=131072 Len=0"
"686","35.294250","FioImma.local","safebrowsing.googleapis.com","TLSv1.3","93","Application Data"
"687","35.307746","safebrowsing.googleapis.com","FioImma.local","TCP","60","443  >  54806 [ACK] Seq=2920 Ack=4348 Win=78080 Len=0"
"688","35.328135","FioImma.local","ab.chatgpt.com","TCP","55","54680  >  443 [ACK] Seq=1 Ack=1 Win=514 Len=1 [TCP PDU reassembled in 3094]"
"689","35.332150","safebrowsing.googleapis.com","FioImma.local","TLSv1.3","119","Application Data"
"690","35.332150","safebrowsing.googleapis.com","FioImma.local","TLSv1.3","192","Application Data"
"691","35.332150","safebrowsing.googleapis.com","FioImma.local","TLSv1.3","85","Application Data"
"692","35.332150","safebrowsing.googleapis.com","FioImma.local","TLSv1.3","93","Application Data"
"693","35.332196","FioImma.local","safebrowsing.googleapis.com","TCP","54","54806  >  443 [ACK] Seq=4348 Ack=3193 Win=130816 Len=0"
"694","35.332842","FioImma.local","safebrowsing.googleapis.com","TLSv1.3","93","Application Data"
"695","35.341383","ab.chatgpt.com","FioImma.local","TCP","66","443  >  54680 [ACK] Seq=1 Ack=2 Win=64 Len=0 SLE=1 SRE=2"
"696","35.346181","safebrowsing.googleapis.com","FioImma.local","TCP","60","443  >  54806 [ACK] Seq=3193 Ack=4387 Win=78080 Len=0"
"697","35.370920","safebrowsing.googleapis.com","FioImma.local","TLSv1.3","119","Application Data"
"698","35.370920","safebrowsing.googleapis.com","FioImma.local","TLSv1.3","192","Application Data"
"699","35.370920","safebrowsing.googleapis.com","FioImma.local","TLSv1.3","85","Application Data"
"700","35.370920","safebrowsing.googleapis.com","FioImma.local","TLSv1.3","93","Application Data"
"701","35.370994","FioImma.local","safebrowsing.googleapis.com","TCP","54","54806  >  443 [ACK] Seq=4387 Ack=3466 Win=130560 Len=0"
"702","35.371997","FioImma.local","safebrowsing.googleapis.com","TLSv1.3","93","Application Data"
"703","35.386139","safebrowsing.googleapis.com","FioImma.local","TCP","60","443  >  54806 [ACK] Seq=3466 Ack=4426 Win=78080 Len=0"
"704","35.517686","waws-prod-blu-171.eastus.cloudapp.azure.com","FioImma.local","TCP","66","443  >  54810 [SYN, ACK] Seq=0 Ack=1 Win=65535 Len=0 MSS=1440 WS=256 SACK_PERM"
"705","35.517786","FioImma.local","waws-prod-blu-171.eastus.cloudapp.azure.com","TCP","54","54810  >  443 [ACK] Seq=1 Ack=1 Win=132352 Len=0"
"706","35.519115","FioImma.local","waws-prod-blu-171.eastus.cloudapp.azure.com","TCP","1494","54810  >  443 [ACK] Seq=1 Ack=1 Win=132352 Len=1440 [TCP PDU reassembled in 707]"
"707","35.519115","FioImma.local","waws-prod-blu-171.eastus.cloudapp.azure.com","TLSv1.3","344","Client Hello (SNI=stream.cadmore.media)"
"708","35.578592","FioImma.local","mars.octa.edu","DNS","74","Standard query 0x4d44 A ogs.google.com"
"709","35.578714","FioImma.local","mars.octa.edu","DNS","74","Standard query 0xf1a8 HTTPS ogs.google.com"
"710","35.590480","mars.octa.edu","FioImma.local","DNS","111","Standard query response 0x4d44 A ogs.google.com CNAME www3.l.google.com A 172.217.166.110"
"711","35.590480","mars.octa.edu","FioImma.local","DNS","145","Standard query response 0xf1a8 HTTPS ogs.google.com CNAME www3.l.google.com SOA ns1.google.com"
"712","35.595742","FioImma.local","www3.l.google.com","TCP","66","54811  >  443 [SYN] Seq=0 Win=64240 Len=0 MSS=1460 WS=256 SACK_PERM"
"713","35.597173","FioImma.local","d34ow7epij5zhk.cloudfront.net","TLSv1.3","146","Application Data"
"714","35.598047","FioImma.local","d34ow7epij5zhk.cloudfront.net","TLSv1.3","85","Application Data"
"715","35.598359","FioImma.local","d34ow7epij5zhk.cloudfront.net","TCP","1494","54808  >  443 [ACK] Seq=2069 Ack=443 Win=131840 Len=1440 [TCP PDU reassembled in 717]"
"716","35.598359","FioImma.local","d34ow7epij5zhk.cloudfront.net","TCP","1494","54808  >  443 [ACK] Seq=3509 Ack=443 Win=131840 Len=1440 [TCP PDU reassembled in 717]"
"717","35.598359","FioImma.local","d34ow7epij5zhk.cloudfront.net","TLSv1.3","242","Application Data"
"718","35.598688","FioImma.local","d2gt2ux04o03l1.cloudfront.net","TLSv1.3","146","Application Data"
"719","35.599354","FioImma.local","d2gt2ux04o03l1.cloudfront.net","TLSv1.3","85","Application Data"
"720","35.599431","FioImma.local","d2gt2ux04o03l1.cloudfront.net","TLSv1.3","529","Application Data"
"721","35.600772","FioImma.local","d34ow7epij5zhk.cloudfront.net","TCP","1494","54808  >  443 [ACK] Seq=5137 Ack=443 Win=131840 Len=1440 [TCP PDU reassembled in 723]"
"722","35.600772","FioImma.local","d34ow7epij5zhk.cloudfront.net","TCP","1494","54808  >  443 [ACK] Seq=6577 Ack=443 Win=131840 Len=1440 [TCP PDU reassembled in 723]"
"723","35.600772","FioImma.local","d34ow7epij5zhk.cloudfront.net","TLSv1.3","248","Application Data"
"724","35.600974","FioImma.local","d34ow7epij5zhk.cloudfront.net","TCP","1494","54808  >  443 [ACK] Seq=8211 Ack=443 Win=131840 Len=1440 [TCP PDU reassembled in 726]"
"725","35.600974","FioImma.local","d34ow7epij5zhk.cloudfront.net","TCP","1494","54808  >  443 [ACK] Seq=9651 Ack=443 Win=131840 Len=1440 [TCP PDU reassembled in 726]"
"726","35.600974","FioImma.local","d34ow7epij5zhk.cloudfront.net","TLSv1.3","250","Application Data"
"727","35.601167","FioImma.local","d34ow7epij5zhk.cloudfront.net","TCP","1494","54808  >  443 [ACK] Seq=11287 Ack=443 Win=131840 Len=1440 [TCP PDU reassembled in 729]"
"728","35.601167","FioImma.local","d34ow7epij5zhk.cloudfront.net","TCP","1494","54808  >  443 [ACK] Seq=12727 Ack=443 Win=131840 Len=1440 [TCP PDU reassembled in 729]"
"729","35.601167","FioImma.local","d34ow7epij5zhk.cloudfront.net","TLSv1.3","251","Application Data"
"730","35.602737","FioImma.local","d34ow7epij5zhk.cloudfront.net","TCP","1494","54808  >  443 [ACK] Seq=14364 Ack=443 Win=131840 Len=1440 [TCP PDU reassembled in 732]"
"731","35.602737","FioImma.local","d34ow7epij5zhk.cloudfront.net","TCP","1494","54808  >  443 [ACK] Seq=15804 Ack=443 Win=131840 Len=1440 [TCP PDU reassembled in 732]"
"732","35.602737","FioImma.local","d34ow7epij5zhk.cloudfront.net","TLSv1.3","259","Application Data"
"733","35.606241","www3.l.google.com","FioImma.local","TCP","66","443  >  54811 [SYN, ACK] Seq=0 Ack=1 Win=65535 Len=0 MSS=1412 SACK_PERM WS=256"
"734","35.606380","FioImma.local","www3.l.google.com","TCP","54","54811  >  443 [ACK] Seq=1 Ack=1 Win=131072 Len=0"
"735","35.606748","FioImma.local","d2jj6g4vsh8eh.cloudfront.net","TCP","66","54812  >  443 [SYN] Seq=0 Win=64240 Len=0 MSS=1460 WS=256 SACK_PERM"
"736","35.608971","d34ow7epij5zhk.cloudfront.net","FioImma.local","TLSv1.3","85","Application Data"
"737","35.608971","d2gt2ux04o03l1.cloudfront.net","FioImma.local","TCP","60","443  >  54809 [ACK] Seq=443 Ack=2602 Win=74240 Len=0"
"738","35.608971","d2gt2ux04o03l1.cloudfront.net","FioImma.local","TLSv1.3","85","Application Data"
"739","35.609410","FioImma.local","www3.l.google.com","TCP","1466","54811  >  443 [ACK] Seq=1 Ack=1 Win=131072 Len=1412 [TCP PDU reassembled in 740]"
"740","35.609410","FioImma.local","www3.l.google.com","TLSv1.3","916","Client Hello (SNI=ogs.google.com)"
"741","35.611808","d34ow7epij5zhk.cloudfront.net","FioImma.local","TCP","60","443  >  54808 [ACK] Seq=474 Ack=4949 Win=77312 Len=0"
"742","35.611808","d2gt2ux04o03l1.cloudfront.net","FioImma.local","TLSv1.3","658","Application Data"
"743","35.611808","d34ow7epij5zhk.cloudfront.net","FioImma.local","TLSv1.3","471","Application Data"
"744","35.611808","d34ow7epij5zhk.cloudfront.net","FioImma.local","TCP","60","443  >  54808 [ACK] Seq=891 Ack=8017 Win=86016 Len=0"
"745","35.611808","d34ow7epij5zhk.cloudfront.net","FioImma.local","TCP","60","443  >  54808 [ACK] Seq=891 Ack=9651 Win=91648 Len=0"
"746","35.611961","FioImma.local","d34ow7epij5zhk.cloudfront.net","TCP","1494","54808  >  443 [ACK] Seq=17449 Ack=891 Win=131584 Len=1440 [TCP PDU reassembled in 748]"
"747","35.611961","FioImma.local","d34ow7epij5zhk.cloudfront.net","TCP","1494","54808  >  443 [ACK] Seq=18889 Ack=891 Win=131584 Len=1440 [TCP PDU reassembled in 748]"
"748","35.611961","FioImma.local","d34ow7epij5zhk.cloudfront.net","TLSv1.3","1494","Application Data"
"749","35.611961","FioImma.local","d34ow7epij5zhk.cloudfront.net","TCP","1494","54808  >  443 [ACK] Seq=21769 Ack=891 Win=131584 Len=1440 [TCP PDU reassembled in 750]"
"750","35.611961","FioImma.local","d34ow7epij5zhk.cloudfront.net","TLSv1.3","1494","Application Data"
"751","35.611961","FioImma.local","d34ow7epij5zhk.cloudfront.net","TCP","1494","54808  >  443 [ACK] Seq=24649 Ack=891 Win=131584 Len=1440 [TCP PDU reassembled in 752]"
"752","35.611961","FioImma.local","d34ow7epij5zhk.cloudfront.net","TLSv1.3","1494","Application Data"
"753","35.611961","FioImma.local","d34ow7epij5zhk.cloudfront.net","TCP","1494","54808  >  443 [ACK] Seq=27529 Ack=891 Win=131584 Len=1440 [TCP PDU reassembled in 754]"
"754","35.611961","FioImma.local","d34ow7epij5zhk.cloudfront.net","TLSv1.3","1494","Application Data"
"755","35.611961","FioImma.local","d34ow7epij5zhk.cloudfront.net","TCP","1494","54808  >  443 [ACK] Seq=30409 Ack=891 Win=131584 Len=1440 [TCP PDU reassembled in 756]"
"756","35.611961","FioImma.local","d34ow7epij5zhk.cloudfront.net","TLSv1.3","1494","Application Data"
"757","35.612164","FioImma.local","d2gt2ux04o03l1.cloudfront.net","TCP","54","54809  >  443 [ACK] Seq=2602 Ack=1078 Win=131328 Len=0"
"758","35.615001","d34ow7epij5zhk.cloudfront.net","FioImma.local","TLSv1.3","470","Application Data"
"759","35.615001","d34ow7epij5zhk.cloudfront.net","FioImma.local","TCP","60","443  >  54808 [ACK] Seq=1307 Ack=11287 Win=97280 Len=0"
"760","35.615001","d34ow7epij5zhk.cloudfront.net","FioImma.local","TCP","60","443  >  54808 [ACK] Seq=1307 Ack=14167 Win=103424 Len=0"
"761","35.615001","d34ow7epij5zhk.cloudfront.net","FioImma.local","TLSv1.3","469","Application Data"
"762","35.615001","d34ow7epij5zhk.cloudfront.net","FioImma.local","TLSv1.3","470","Application Data"
"763","35.615001","d34ow7epij5zhk.cloudfront.net","FioImma.local","TCP","60","443  >  54808 [ACK] Seq=2138 Ack=17449 Win=114688 Len=0"
"764","35.615001","d34ow7epij5zhk.cloudfront.net","FioImma.local","TLSv1.3","468","Application Data"
"765","35.615120","FioImma.local","d34ow7epij5zhk.cloudfront.net","TCP","1494","54808  >  443 [ACK] Seq=33289 Ack=2552 Win=132352 Len=1440 [TCP PDU reassembled in 766]"
"766","35.615120","FioImma.local","d34ow7epij5zhk.cloudfront.net","TLSv1.3","1494","Application Data"
"767","35.615120","FioImma.local","d34ow7epij5zhk.cloudfront.net","TCP","1494","54808  >  443 [ACK] Seq=36169 Ack=2552 Win=132352 Len=1440 [TCP PDU reassembled in 768]"
"768","35.615120","FioImma.local","d34ow7epij5zhk.cloudfront.net","TLSv1.3","1494","Application Data"
"769","35.615120","FioImma.local","d34ow7epij5zhk.cloudfront.net","TCP","1494","54808  >  443 [ACK] Seq=39049 Ack=2552 Win=132352 Len=1440 [TCP PDU reassembled in 771]"
"770","35.615120","FioImma.local","d34ow7epij5zhk.cloudfront.net","TCP","1494","54808  >  443 [ACK] Seq=40489 Ack=2552 Win=132352 Len=1440 [TCP PDU reassembled in 771]"
"771","35.615120","FioImma.local","d34ow7epij5zhk.cloudfront.net","TLSv1.3","115","Application Data"
"772","35.632262","FioImma.local","www3.l.google.com","TCP","1466","[TCP Retransmission] 54811  >  443 [PSH, ACK] Seq=863 Ack=1 Win=131072 Len=1412 [TCP PDU reassembled in 740]"
"773","35.632342","www3.l.google.com","FioImma.local","TCP","60","443  >  54811 [ACK] Seq=1 Ack=1413 Win=68608 Len=0"
"774","35.632342","www3.l.google.com","FioImma.local","TCP","60","443  >  54811 [ACK] Seq=1 Ack=2275 Win=71424 Len=0"
"775","35.632342","d34ow7epij5zhk.cloudfront.net","FioImma.local","TCP","60","443  >  54808 [ACK] Seq=2552 Ack=20329 Win=120320 Len=0"
"776","35.632342","d34ow7epij5zhk.cloudfront.net","FioImma.local","TCP","60","443  >  54808 [ACK] Seq=2552 Ack=23209 Win=126464 Len=0"
"777","35.632342","d34ow7epij5zhk.cloudfront.net","FioImma.local","TLSv1.3","450","Application Data"
"778","35.632342","d34ow7epij5zhk.cloudfront.net","FioImma.local","TCP","60","443  >  54808 [ACK] Seq=2948 Ack=27529 Win=134656 Len=0"
"779","35.632342","d34ow7epij5zhk.cloudfront.net","FioImma.local","TCP","60","443  >  54808 [ACK] Seq=2948 Ack=30409 Win=140800 Len=0"
"780","35.632342","d34ow7epij5zhk.cloudfront.net","FioImma.local","TLSv1.3","471","Application Data"
"781","35.632342","d34ow7epij5zhk.cloudfront.net","FioImma.local","TCP","60","443  >  54808 [ACK] Seq=3365 Ack=33289 Win=146432 Len=0"
"782","35.632342","d34ow7epij5zhk.cloudfront.net","FioImma.local","TLSv1.3","471","Application Data"
"783","35.632342","d34ow7epij5zhk.cloudfront.net","FioImma.local","TCP","60","443  >  54808 [ACK] Seq=3782 Ack=37609 Win=155136 Len=0"
"784","35.632342","d34ow7epij5zhk.cloudfront.net","FioImma.local","TCP","60","443  >  54808 [ACK] Seq=3782 Ack=40489 Win=160768 Len=0"
"785","35.632342","d34ow7epij5zhk.cloudfront.net","FioImma.local","TLSv1.3","468","Application Data"
"786","35.632342","d34ow7epij5zhk.cloudfront.net","FioImma.local","TCP","60","443  >  54808 [ACK] Seq=4196 Ack=41990 Win=163840 Len=0"
"787","35.632342","d34ow7epij5zhk.cloudfront.net","FioImma.local","TLSv1.3","449","Application Data"
"788","35.632342","d34ow7epij5zhk.cloudfront.net","FioImma.local","TLSv1.3","468","Application Data"
"789","35.632464","FioImma.local","d34ow7epij5zhk.cloudfront.net","TCP","54","54808  >  443 [ACK] Seq=41990 Ack=5005 Win=132352 Len=0"
"790","35.635761","d34ow7epij5zhk.cloudfront.net","FioImma.local","TLSv1.3","470","Application Data"
"791","35.635761","d34ow7epij5zhk.cloudfront.net","FioImma.local","TLSv1.3","469","Application Data"
"792","35.635804","FioImma.local","d34ow7epij5zhk.cloudfront.net","TCP","54","54808  >  443 [ACK] Seq=41990 Ack=5836 Win=131584 Len=0"
"793","35.643815","www3.l.google.com","FioImma.local","TCP","66","[TCP Dup ACK 774#1] 443  >  54811 [ACK] Seq=1 Ack=2275 Win=71424 Len=0 SLE=863 SRE=2275"
"794","35.651312","d2jj6g4vsh8eh.cloudfront.net","FioImma.local","TCP","66","443  >  54812 [SYN, ACK] Seq=0 Ack=1 Win=65535 Len=0 MSS=1440 SACK_PERM WS=512"
"795","35.651384","FioImma.local","d2jj6g4vsh8eh.cloudfront.net","TCP","54","54812  >  443 [ACK] Seq=1 Ack=1 Win=132352 Len=0"
"796","35.653366","FioImma.local","d2jj6g4vsh8eh.cloudfront.net","TCP","1494","54812  >  443 [ACK] Seq=1 Ack=1 Win=132352 Len=1440 [TCP PDU reassembled in 797]"
"797","35.653366","FioImma.local","d2jj6g4vsh8eh.cloudfront.net","TLSv1.3","520","Client Hello (SNI=www.ieee.org)"
"798","35.653703","www3.l.google.com","FioImma.local","TLSv1.3","1466","Server Hello, Change Cipher Spec"
"799","35.653703","www3.l.google.com","FioImma.local","TLSv1.3","105","Application Data"
"800","35.653772","FioImma.local","www3.l.google.com","TCP","54","54811  >  443 [ACK] Seq=2275 Ack=1464 Win=131072 Len=0"
"801","35.660458","FioImma.local","www3.l.google.com","TLSv1.3","128","Change Cipher Spec, Application Data"
"802","35.661721","FioImma.local","mars.octa.edu","DNS","78","Standard query 0xe31c A scholar.google.com"
"803","35.661866","FioImma.local","mars.octa.edu","DNS","78","Standard query 0x5afd HTTPS scholar.google.com"
"804","35.663396","FioImma.local","cdn.parsely.com","TLSv1.3","146","Application Data"
"805","35.664164","FioImma.local","www3.l.google.com","TLSv1.3","146","Application Data"
"806","35.664311","FioImma.local","cdn.parsely.com","TLSv1.3","85","Application Data"
"807","35.664373","FioImma.local","cdn.parsely.com","TLSv1.3","495","Application Data"
"808","35.664544","FioImma.local","d34ow7epij5zhk.cloudfront.net","TCP","1494","54808  >  443 [ACK] Seq=41990 Ack=5836 Win=131584 Len=1440 [TCP PDU reassembled in 810]"
"809","35.664544","FioImma.local","d34ow7epij5zhk.cloudfront.net","TCP","1494","54808  >  443 [ACK] Seq=43430 Ack=5836 Win=131584 Len=1440 [TCP PDU reassembled in 810]"
"810","35.664544","FioImma.local","d34ow7epij5zhk.cloudfront.net","TLSv1.3","224","Application Data"
"811","35.664718","FioImma.local","d34ow7epij5zhk.cloudfront.net","TCP","1494","54808  >  443 [ACK] Seq=45040 Ack=5836 Win=131584 Len=1440 [TCP PDU reassembled in 813]"
"812","35.664718","FioImma.local","d34ow7epij5zhk.cloudfront.net","TCP","1494","54808  >  443 [ACK] Seq=46480 Ack=5836 Win=131584 Len=1440 [TCP PDU reassembled in 813]"
"813","35.664718","FioImma.local","d34ow7epij5zhk.cloudfront.net","TLSv1.3","222","Application Data"
"814","35.666240","mars.octa.edu","FioImma.local","DNS","118","Standard query response 0xe31c A scholar.google.com CNAME scholar.l.google.com A 142.250.193.132"
"815","35.667291","FioImma.local","www3.l.google.com","TCP","1466","54811  >  443 [ACK] Seq=2441 Ack=1464 Win=131072 Len=1412 [TCP PDU reassembled in 816]"
"816","35.667291","FioImma.local","www3.l.google.com","TLSv1.3","1030","Application Data"
"817","35.668338","mars.octa.edu","FioImma.local","DNS","152","Standard query response 0x5afd HTTPS scholar.google.com CNAME scholar.l.google.com SOA ns1.google.com"
"818","35.668833","FioImma.local","scholar.l.google.com","TCP","66","54813  >  443 [SYN] Seq=0 Win=64240 Len=0 MSS=1460 WS=256 SACK_PERM"
"819","35.672288","www3.l.google.com","FioImma.local","TLSv1.3","1012","Application Data, Application Data"
"820","35.672671","FioImma.local","www3.l.google.com","TLSv1.3","85","Application Data"
"821","35.674183","cdn.parsely.com","FioImma.local","TLSv1.3","85","Application Data"
"822","35.674183","www3.l.google.com","FioImma.local","TLSv1.3","85","Application Data"
"823","35.674183","d34ow7epij5zhk.cloudfront.net","FioImma.local","TCP","60","443  >  54808 [ACK] Seq=5836 Ack=44870 Win=169472 Len=0"
"824","35.677024","d34ow7epij5zhk.cloudfront.net","FioImma.local","TCP","60","443  >  54808 [ACK] Seq=5836 Ack=46480 Win=175104 Len=0"
"825","35.677024","d34ow7epij5zhk.cloudfront.net","FioImma.local","TCP","60","443  >  54808 [ACK] Seq=5836 Ack=48088 Win=180736 Len=0"
"826","35.677024","d34ow7epij5zhk.cloudfront.net","FioImma.local","TLSv1.3","471","Application Data"
"827","35.677024","cdn.parsely.com","FioImma.local","TCP","60","443  >  54807 [ACK] Seq=474 Ack=2506 Win=74240 Len=0"
"828","35.677024","www3.l.google.com","FioImma.local","TCP","60","443  >  54811 [ACK] Seq=2453 Ack=4829 Win=77056 Len=0"
"829","35.677024","cdn.parsely.com","FioImma.local","TLSv1.3","423","Application Data"
"830","35.677024","d34ow7epij5zhk.cloudfront.net","FioImma.local","TLSv1.3","468","Application Data"
"831","35.677070","FioImma.local","d34ow7epij5zhk.cloudfront.net","TCP","54","54808  >  443 [ACK] Seq=48088 Ack=6667 Win=132352 Len=0"
"832","35.677087","FioImma.local","cdn.parsely.com","TCP","54","54807  >  443 [ACK] Seq=2506 Ack=843 Win=131584 Len=0"
"833","35.678641","scholar.l.google.com","FioImma.local","TCP","66","443  >  54813 [SYN, ACK] Seq=0 Ack=1 Win=65535 Len=0 MSS=1412 SACK_PERM WS=256"
"834","35.678689","FioImma.local","scholar.l.google.com","TCP","54","54813  >  443 [ACK] Seq=1 Ack=1 Win=131072 Len=0"
"835","35.679588","FioImma.local","scholar.l.google.com","TCP","1466","54813  >  443 [ACK] Seq=1 Ack=1 Win=131072 Len=1412 [TCP PDU reassembled in 836]"
"836","35.679588","FioImma.local","scholar.l.google.com","TLSv1.3","892","Client Hello (SNI=scholar.google.com)"
"837","35.685253","www3.l.google.com","FioImma.local","TCP","60","443  >  54811 [ACK] Seq=2453 Ack=4860 Win=77056 Len=0"
"838","35.689642","scholar.l.google.com","FioImma.local","TCP","60","443  >  54813 [ACK] Seq=1 Ack=1413 Win=68608 Len=0"
"839","35.689642","scholar.l.google.com","FioImma.local","TCP","60","443  >  54813 [ACK] Seq=1 Ack=2251 Win=71424 Len=0"
"840","35.698464","d2jj6g4vsh8eh.cloudfront.net","FioImma.local","TCP","60","443  >  54812 [ACK] Seq=1 Ack=1441 Win=68608 Len=0"
"841","35.698464","d2jj6g4vsh8eh.cloudfront.net","FioImma.local","TCP","60","443  >  54812 [ACK] Seq=1 Ack=1907 Win=71680 Len=0"
"842","35.698464","d2jj6g4vsh8eh.cloudfront.net","FioImma.local","TLSv1.3","288","Server Hello, Change Cipher Spec, Application Data, Application Data"
"843","35.707040","FioImma.local","d2jj6g4vsh8eh.cloudfront.net","TLSv1.3","118","Change Cipher Spec, Application Data"
"844","35.707280","FioImma.local","d2jj6g4vsh8eh.cloudfront.net","TLSv1.3","146","Application Data"
"845","35.707641","FioImma.local","d2jj6g4vsh8eh.cloudfront.net","TLSv1.3","1174","Application Data"
"846","35.707704","FioImma.local","d2jj6g4vsh8eh.cloudfront.net","TLSv1.3","194","Application Data"
"847","35.707751","FioImma.local","d2jj6g4vsh8eh.cloudfront.net","TLSv1.3","174","Application Data"
"848","35.707793","FioImma.local","d2jj6g4vsh8eh.cloudfront.net","TLSv1.3","202","Application Data"
"849","35.713825","FioImma.local","www3.l.google.com","TCP","54","54811  >  443 [ACK] Seq=4860 Ack=2453 Win=130304 Len=0"
"850","35.730771","scholar.l.google.com","FioImma.local","TLSv1.3","1466","Server Hello, Change Cipher Spec"
"851","35.730771","scholar.l.google.com","FioImma.local","TLSv1.3","109","Application Data"
"852","35.730851","FioImma.local","scholar.l.google.com","TCP","54","54813  >  443 [ACK] Seq=2251 Ack=1468 Win=131072 Len=0"
"853","35.733661","fe80::58be:e3ff:fea4:f2","ff02::2","ICMPv6","70","Router Solicitation from 5a:be:e3:a4:00:f2"
"854","35.736604","FioImma.local","scholar.l.google.com","TLSv1.3","128","Change Cipher Spec, Application Data"
"855","35.736803","FioImma.local","scholar.l.google.com","TLSv1.3","146","Application Data"
"856","35.736961","FioImma.local","scholar.l.google.com","TLSv1.3","1193","Application Data"
"857","35.740569","waws-prod-blu-171.eastus.cloudapp.azure.com","FioImma.local","TCP","60","443  >  54810 [ACK] Seq=1 Ack=1731 Win=524288 Len=0"
"858","35.740569","waws-prod-blu-171.eastus.cloudapp.azure.com","FioImma.local","TLSv1.3","153","Hello Retry Request, Change Cipher Spec"
"859","35.742898","FioImma.local","waws-prod-blu-171.eastus.cloudapp.azure.com","TLSv1.3","630","Change Cipher Spec, Client Hello (SNI=stream.cadmore.media)"
"860","35.750908","d2jj6g4vsh8eh.cloudfront.net","FioImma.local","TCP","60","443  >  54812 [ACK] Seq=235 Ack=1971 Win=71680 Len=0"
"861","35.750908","d2jj6g4vsh8eh.cloudfront.net","FioImma.local","TLSv1.3","200","Application Data"
"862","35.750908","d2jj6g4vsh8eh.cloudfront.net","FioImma.local","TLSv1.3","116","Application Data"
"863","35.750908","d2jj6g4vsh8eh.cloudfront.net","FioImma.local","TLSv1.3","85","Application Data"
"864","35.750954","FioImma.local","d2jj6g4vsh8eh.cloudfront.net","TCP","54","54812  >  443 [ACK] Seq=3591 Ack=474 Win=131840 Len=0"
"865","35.751172","FioImma.local","d2jj6g4vsh8eh.cloudfront.net","TLSv1.3","85","Application Data"
"866","35.753093","d2jj6g4vsh8eh.cloudfront.net","FioImma.local","TCP","60","443  >  54812 [ACK] Seq=474 Ack=3591 Win=80384 Len=0"
"867","35.753093","scholar.l.google.com","FioImma.local","TLSv1.3","1020","Application Data, Application Data"
"868","35.753093","scholar.l.google.com","FioImma.local","TLSv1.3","85","Application Data"
"869","35.753093","scholar.l.google.com","FioImma.local","TLSv1.3","352","Application Data"
"870","35.753133","FioImma.local","scholar.l.google.com","TCP","54","54813  >  443 [ACK] Seq=3556 Ack=2763 Win=129792 Len=0"
"871","35.753969","FioImma.local","scholar.l.google.com","TLSv1.3","85","Application Data"
"872","35.755127","scholar.l.google.com","FioImma.local","TLSv1.3","2878","Application Data, Application Data"
"873","35.755127","scholar.l.google.com","FioImma.local","TLSv1.3","778","Application Data"
"874","35.755127","d2jj6g4vsh8eh.cloudfront.net","FioImma.local","TCP","1494","443  >  54812 [ACK] Seq=474 Ack=3591 Win=80384 Len=1440 [TCP PDU reassembled in 875]"
"875","35.755127","d2jj6g4vsh8eh.cloudfront.net","FioImma.local","TLSv1.3","193","Application Data"
"876","35.755127","d2jj6g4vsh8eh.cloudfront.net","FioImma.local","TLSv1.3","1020","Application Data, Application Data"
"877","35.755127","scholar.l.google.com","FioImma.local","TLSv1.3","93","Application Data"
"878","35.755127","d2jj6g4vsh8eh.cloudfront.net","FioImma.local","TLSv1.3","1327","Application Data"
"879","35.755184","FioImma.local","scholar.l.google.com","TCP","54","54813  >  443 [ACK] Seq=3587 Ack=6350 Win=131072 Len=0"
"880","35.755199","FioImma.local","d2jj6g4vsh8eh.cloudfront.net","TCP","54","54812  >  443 [ACK] Seq=3622 Ack=4292 Win=132352 Len=0"
"881","35.755782","FioImma.local","scholar.l.google.com","TLSv1.3","93","Application Data"
"882","35.764234","scholar.l.google.com","FioImma.local","TCP","60","443  >  54813 [ACK] Seq=6350 Ack=3626 Win=74240 Len=0"
"883","35.799117","FioImma.local","d34ow7epij5zhk.cloudfront.net","TCP","1494","54808  >  443 [ACK] Seq=48088 Ack=6667 Win=132352 Len=1440 [TCP PDU reassembled in 885]"
"884","35.799117","FioImma.local","d34ow7epij5zhk.cloudfront.net","TCP","1494","54808  >  443 [ACK] Seq=49528 Ack=6667 Win=132352 Len=1440 [TCP PDU reassembled in 885]"
"885","35.799117","FioImma.local","d34ow7epij5zhk.cloudfront.net","TLSv1.3","287","Application Data"
"886","35.811190","d34ow7epij5zhk.cloudfront.net","FioImma.local","TCP","60","443  >  54808 [ACK] Seq=6667 Ack=50968 Win=186880 Len=0"
"887","35.811190","d34ow7epij5zhk.cloudfront.net","FioImma.local","TLSv1.3","449","Application Data"
"888","35.813815","FioImma.local","mars.octa.edu","DNS","90","Standard query 0x88a7 A securepubads.g.doubleclick.net"
"889","35.814045","FioImma.local","mars.octa.edu","DNS","90","Standard query 0x2510 HTTPS securepubads.g.doubleclick.net"
"890","35.821443","mars.octa.edu","FioImma.local","DNS","106","Standard query response 0x88a7 A securepubads.g.doubleclick.net A 142.250.196.34"
"891","35.821443","mars.octa.edu","FioImma.local","DNS","115","Standard query response 0x2510 HTTPS securepubads.g.doubleclick.net HTTPS"
"892","35.823109","FioImma.local","securepubads.g.doubleclick.net","TCP","66","54814  >  443 [SYN] Seq=0 Win=64240 Len=0 MSS=1460 WS=256 SACK_PERM"
"893","35.824942","FioImma.local","mars.octa.edu","DNS","75","Standard query 0x68a2 A tags.tiqcdn.com"
"894","35.825278","FioImma.local","mars.octa.edu","DNS","75","Standard query 0x012f HTTPS tags.tiqcdn.com"
"895","35.833813","mars.octa.edu","FioImma.local","DNS","181","Standard query response 0x68a2 A tags.tiqcdn.com CNAME dzfq4ouujrxm8.cloudfront.net A 13.33.146.34 A 13.33.146.31 A 13.33.146.94 A 13.33.146.63"
"896","35.833813","securepubads.g.doubleclick.net","FioImma.local","TCP","66","443  >  54814 [SYN, ACK] Seq=0 Ack=1 Win=65535 Len=0 MSS=1412 SACK_PERM WS=256"
"897","35.833813","mars.octa.edu","FioImma.local","DNS","201","Standard query response 0x012f HTTPS tags.tiqcdn.com CNAME dzfq4ouujrxm8.cloudfront.net SOA ns-1905.awsdns-46.co.uk"
"898","35.833991","FioImma.local","securepubads.g.doubleclick.net","TCP","54","54814  >  443 [ACK] Seq=1 Ack=1 Win=131072 Len=0"
"899","35.835704","FioImma.local","securepubads.g.doubleclick.net","TCP","1466","54814  >  443 [ACK] Seq=1 Ack=1 Win=131072 Len=1412 [TCP PDU reassembled in 900]"
"900","35.835704","FioImma.local","securepubads.g.doubleclick.net","TLSv1.3","948","Client Hello (SNI=securepubads.g.doubleclick.net)"
"901","35.836407","d2jj6g4vsh8eh.cloudfront.net","FioImma.local","TCP","60","443  >  54812 [ACK] Seq=4292 Ack=3622 Win=80384 Len=0"
"902","35.836671","FioImma.local","d34ow7epij5zhk.cloudfront.net","TCP","1494","54808  >  443 [ACK] Seq=51201 Ack=7062 Win=131840 Len=1440 [TCP PDU reassembled in 904]"
"903","35.836671","FioImma.local","d34ow7epij5zhk.cloudfront.net","TCP","1494","54808  >  443 [ACK] Seq=52641 Ack=7062 Win=131840 Len=1440 [TCP PDU reassembled in 904]"
"904","35.836671","FioImma.local","d34ow7epij5zhk.cloudfront.net","TLSv1.3","286","Application Data"
"905","35.837048","FioImma.local","dzfq4ouujrxm8.cloudfront.net","TCP","66","54815  >  443 [SYN] Seq=0 Win=64240 Len=0 MSS=1460 WS=256 SACK_PERM"
"906","35.839104","FioImma.local","d34ow7epij5zhk.cloudfront.net","TCP","1494","54808  >  443 [ACK] Seq=54313 Ack=7062 Win=131840 Len=1440 [TCP PDU reassembled in 908]"
"907","35.839104","FioImma.local","d34ow7epij5zhk.cloudfront.net","TCP","1494","54808  >  443 [ACK] Seq=55753 Ack=7062 Win=131840 Len=1440 [TCP PDU reassembled in 908]"
"908","35.839104","FioImma.local","d34ow7epij5zhk.cloudfront.net","TLSv1.3","301","Application Data"
"909","35.854090","securepubads.g.doubleclick.net","FioImma.local","TCP","54","443  >  54814 [ACK] Seq=1 Ack=1413 Win=68608 Len=0"
"910","35.854090","securepubads.g.doubleclick.net","FioImma.local","TCP","54","443  >  54814 [ACK] Seq=1 Ack=2307 Win=71424 Len=0"
"911","35.854090","d34ow7epij5zhk.cloudfront.net","FioImma.local","TCP","60","443  >  54808 [ACK] Seq=7062 Ack=54081 Win=195584 Len=0"
"912","35.854090","dzfq4ouujrxm8.cloudfront.net","FioImma.local","TCP","66","443  >  54815 [SYN, ACK] Seq=0 Ack=1 Win=65535 Len=0 MSS=1440 SACK_PERM WS=512"
"913","35.854090","d34ow7epij5zhk.cloudfront.net","FioImma.local","TLSv1.3","449","Application Data"
"914","35.854090","d34ow7epij5zhk.cloudfront.net","FioImma.local","TCP","60","443  >  54808 [ACK] Seq=7457 Ack=57193 Win=203776 Len=0"
"915","35.854090","www3.l.google.com","FioImma.local","TLSv1.3","1466","Application Data"
"916","35.854090","www3.l.google.com","FioImma.local","TLSv1.3","1084","Application Data"
"917","35.854090","d34ow7epij5zhk.cloudfront.net","FioImma.local","TLSv1.3","449","Application Data"
"918","35.854090","www3.l.google.com","FioImma.local","TLSv1.3","9938","Application Data, Application Data, Application Data, Application Data, Application Data, Application Data, Application Data"
"919","35.854292","FioImma.local","d34ow7epij5zhk.cloudfront.net","TCP","54","54808  >  443 [ACK] Seq=57440 Ack=7852 Win=131072 Len=0"
"920","35.854325","FioImma.local","dzfq4ouujrxm8.cloudfront.net","TCP","54","54815  >  443 [ACK] Seq=1 Ack=1 Win=132352 Len=0"
"921","35.854335","FioImma.local","www3.l.google.com","TCP","54","54811  >  443 [ACK] Seq=4860 Ack=14779 Win=131072 Len=0"
"922","35.855727","FioImma.local","dzfq4ouujrxm8.cloudfront.net","TCP","1494","54815  >  443 [ACK] Seq=1 Ack=1 Win=132352 Len=1440 [TCP PDU reassembled in 923]"
"923","35.855727","FioImma.local","dzfq4ouujrxm8.cloudfront.net","TLSv1.3","523","Client Hello (SNI=tags.tiqcdn.com)"
"924","35.860955","www3.l.google.com","FioImma.local","TLSv1.3","600","Application Data"
"925","35.860955","www3.l.google.com","FioImma.local","TLSv1.3","341","Application Data"
"926","35.860955","www3.l.google.com","FioImma.local","TLSv1.3","4290","Application Data, Application Data, Application Data"
"927","35.860955","www3.l.google.com","FioImma.local","TLSv1.3","176","Application Data"
"928","35.860955","www3.l.google.com","FioImma.local","TLSv1.3","1234","Application Data"
"929","35.860955","www3.l.google.com","FioImma.local","TLSv1.3","289","Application Data"
"930","35.860955","www3.l.google.com","FioImma.local","TLSv1.3","85","Application Data"
"931","35.860955","www3.l.google.com","FioImma.local","TLSv1.3","93","Application Data"
"932","35.861030","FioImma.local","www3.l.google.com","TCP","54","54811  >  443 [ACK] Seq=4860 Ack=21455 Win=131072 Len=0"
"933","35.861742","FioImma.local","www3.l.google.com","TLSv1.3","93","Application Data"
"934","35.867811","FioImma.local","mars.octa.edu","DNS","75","Standard query 0xc82e A www.gstatic.com"
"935","35.868002","dzfq4ouujrxm8.cloudfront.net","FioImma.local","TCP","60","443  >  54815 [ACK] Seq=1 Ack=1441 Win=68608 Len=0"
"936","35.868002","dzfq4ouujrxm8.cloudfront.net","FioImma.local","TCP","60","443  >  54815 [ACK] Seq=1 Ack=1910 Win=71680 Len=0"
"937","35.868002","dzfq4ouujrxm8.cloudfront.net","FioImma.local","TLSv1.3","4374","Server Hello, Change Cipher Spec, Application Data"
"938","35.868119","FioImma.local","dzfq4ouujrxm8.cloudfront.net","TCP","54","54815  >  443 [ACK] Seq=1910 Ack=4321 Win=132352 Len=0"
"939","35.868143","FioImma.local","mars.octa.edu","DNS","75","Standard query 0xed7f HTTPS www.gstatic.com"
"940","35.869257","FioImma.local","mars.octa.edu","DNS","75","Standard query 0x851b A ssl.gstatic.com"
"941","35.869425","FioImma.local","mars.octa.edu","DNS","75","Standard query 0xddfd HTTPS ssl.gstatic.com"
"942","35.869516","www3.l.google.com","FioImma.local","TCP","60","443  >  54811 [ACK] Seq=21455 Ack=4899 Win=77056 Len=0"
"943","35.872049","dzfq4ouujrxm8.cloudfront.net","FioImma.local","TLSv1.3","1494","Application Data"
"944","35.872049","mars.octa.edu","FioImma.local","DNS","91","Standard query response 0xc82e A www.gstatic.com A 142.250.196.35"
"945","35.872049","dzfq4ouujrxm8.cloudfront.net","FioImma.local","TLSv1.3","267","Application Data, Application Data"
"946","35.872178","FioImma.local","dzfq4ouujrxm8.cloudfront.net","TCP","54","54815  >  443 [ACK] Seq=1910 Ack=5761 Win=132352 Len=0"
"947","35.873726","mars.octa.edu","FioImma.local","DNS","100","Standard query response 0xed7f HTTPS www.gstatic.com HTTPS"
"948","35.873726","mars.octa.edu","FioImma.local","DNS","91","Standard query response 0x851b A ssl.gstatic.com A 142.250.67.35"
"949","35.876359","FioImma.local","www.gstatic.com","QUIC","1292","Initial, DCID=0a30a9834688ad4a, PKN: 1, CRYPTO"
"950","35.876427","FioImma.local","www.gstatic.com","QUIC","1292","Initial, DCID=0a30a9834688ad4a, PKN: 2, CRYPTO, CRYPTO, PADDING, CRYPTO, CRYPTO, CRYPTO, CRYPTO, CRYPTO, CRYPTO"
"951","35.876911","mars.octa.edu","FioImma.local","DNS","132","Standard query response 0xddfd HTTPS ssl.gstatic.com SOA ns1.google.com"
"952","35.879853","FioImma.local","dzfq4ouujrxm8.cloudfront.net","TLSv1.3","118","Change Cipher Spec, Application Data"
"953","35.880473","FioImma.local","dzfq4ouujrxm8.cloudfront.net","TLSv1.3","146","Application Data"
"954","35.880714","FioImma.local","dzfq4ouujrxm8.cloudfront.net","TLSv1.3","498","Application Data"
"955","35.883334","FioImma.local","fonts.gstatic.com","QUIC","1292","Initial, DCID=8d45708570ae88d5, PKN: 1, CRYPTO"
"956","35.883424","FioImma.local","fonts.gstatic.com","QUIC","1292","Initial, DCID=8d45708570ae88d5, PKN: 2, CRYPTO, PADDING, CRYPTO, CRYPTO, PADDING, CRYPTO, CRYPTO, CRYPTO, PADDING, CRYPTO, CRYPTO"
"957","35.884968","FioImma.local","www.gstatic.com","TCP","66","54816  >  443 [SYN] Seq=0 Win=64240 Len=0 MSS=1460 WS=256 SACK_PERM"
"958","35.886008","securepubads.g.doubleclick.net","FioImma.local","TLSv1.3","1466","Server Hello, Change Cipher Spec"
"959","35.886008","securepubads.g.doubleclick.net","FioImma.local","TLSv1.3","121","Application Data"
"960","35.886079","FioImma.local","mars.octa.edu","DNS","74","Standard query 0x7a5d A ieee.hum.works"
"961","35.886089","FioImma.local","securepubads.g.doubleclick.net","TCP","54","54814  >  443 [ACK] Seq=2307 Ack=1480 Win=131072 Len=0"
"962","35.886219","FioImma.local","mars.octa.edu","DNS","74","Standard query 0xdd02 HTTPS ieee.hum.works"
"963","35.890881","FioImma.local","securepubads.g.doubleclick.net","TLSv1.3","128","Change Cipher Spec, Application Data"
"964","35.891053","FioImma.local","securepubads.g.doubleclick.net","TLSv1.3","146","Application Data"
"965","35.891259","FioImma.local","securepubads.g.doubleclick.net","TLSv1.3","830","Application Data"
"966","35.892948","mars.octa.edu","FioImma.local","DNS","90","Standard query response 0x7a5d A ieee.hum.works A 34.128.159.54"
"967","35.892948","dzfq4ouujrxm8.cloudfront.net","FioImma.local","TCP","60","443  >  54815 [ACK] Seq=5974 Ack=1974 Win=71680 Len=0"
"968","35.892948","dzfq4ouujrxm8.cloudfront.net","FioImma.local","TLSv1.3","200","Application Data"
"969","35.892948","dzfq4ouujrxm8.cloudfront.net","FioImma.local","TLSv1.3","116","Application Data"
"970","35.892948","dzfq4ouujrxm8.cloudfront.net","FioImma.local","TLSv1.3","85","Application Data"
"971","35.893063","FioImma.local","dzfq4ouujrxm8.cloudfront.net","TCP","54","54815  >  443 [ACK] Seq=2510 Ack=6213 Win=131840 Len=0"
"972","35.893287","FioImma.local","dzfq4ouujrxm8.cloudfront.net","TLSv1.3","85","Application Data"
"973","35.898493","FioImma.local","mars.octa.edu","DNS","85","Standard query 0xa2e2 A lh3.googleusercontent.com"
"974","35.898653","FioImma.local","mars.octa.edu","DNS","85","Standard query 0xb181 HTTPS lh3.googleusercontent.com"
"975","35.898897","FioImma.local","ieee.hum.works","TCP","66","54817  >  443 [SYN] Seq=0 Win=64240 Len=0 MSS=1460 WS=256 SACK_PERM"
"976","35.901329","dzfq4ouujrxm8.cloudfront.net","FioImma.local","TLSv1.3","444","Application Data"
"977","35.901329","www.gstatic.com","FioImma.local","TCP","66","443  >  54816 [SYN, ACK] Seq=0 Ack=1 Win=65535 Len=0 MSS=1412 SACK_PERM WS=256"
"978","35.901329","mars.octa.edu","FioImma.local","DNS","167","Standard query response 0xdd02 HTTPS ieee.hum.works SOA ns-cloud-b1.googledomains.com"
"979","35.901329","securepubads.g.doubleclick.net","FioImma.local","TLSv1.3","1044","Application Data, Application Data"
"980","35.901329","securepubads.g.doubleclick.net","FioImma.local","TLSv1.3","85","Application Data"
"981","35.901329","mars.octa.edu","FioImma.local","DNS","130","Standard query response 0xa2e2 A lh3.googleusercontent.com CNAME googlehosted.l.googleusercontent.com A 142.250.193.129"
"982","35.901441","FioImma.local","www.gstatic.com","TCP","54","54816  >  443 [ACK] Seq=1 Ack=1 Win=131072 Len=0"
"983","35.901493","FioImma.local","securepubads.g.doubleclick.net","TCP","54","54814  >  443 [ACK] Seq=3249 Ack=2501 Win=130048 Len=0"
"984","35.902863","FioImma.local","www.gstatic.com","TCP","1466","54816  >  443 [ACK] Seq=1 Ack=1 Win=131072 Len=1412 [TCP PDU reassembled in 985]"
"985","35.902863","FioImma.local","www.gstatic.com","TLSv1.3","463","Client Hello (SNI=www.gstatic.com)"
"986","35.902987","FioImma.local","securepubads.g.doubleclick.net","TLSv1.3","85","Application Data"
"987","35.904303","mars.octa.edu","FioImma.local","DNS","171","Standard query response 0xb181 HTTPS lh3.googleusercontent.com CNAME googlehosted.l.googleusercontent.com SOA ns1.google.com"
"988","35.904303","securepubads.g.doubleclick.net","FioImma.local","TCP","54","443  >  54814 [ACK] Seq=2501 Ack=3249 Win=74240 Len=0"
"989","35.906164","FioImma.local","googlehosted.l.googleusercontent.com","QUIC","1292","Initial, DCID=2c7ffd09f9d824ff, PKN: 1, CRYPTO"
"990","35.906246","FioImma.local","googlehosted.l.googleusercontent.com","QUIC","1292","Initial, DCID=2c7ffd09f9d824ff, PKN: 2, PING, PADDING, CRYPTO, PADDING, PING, PADDING, CRYPTO, PING, PADDING, CRYPTO, PADDING, PING, PING, PADDING, CRYPTO, CRYPTO, PING, CRYPTO, PADDING, CRYPTO, PADDING, PING, CRYPTO"
"991","35.906565","FioImma.local","googlehosted.l.googleusercontent.com","TCP","66","54818  >  443 [SYN] Seq=0 Win=64240 Len=0 MSS=1460 WS=256 SACK_PERM"
"992","35.908470","ieee.hum.works","FioImma.local","TCP","66","443  >  54817 [SYN, ACK] Seq=0 Ack=1 Win=65535 Len=0 MSS=1412 SACK_PERM WS=256"
"993","35.908590","FioImma.local","ieee.hum.works","TCP","54","54817  >  443 [ACK] Seq=1 Ack=1 Win=131072 Len=0"
"994","35.909495","FioImma.local","ieee.hum.works","TCP","1466","54817  >  443 [ACK] Seq=1 Ack=1 Win=131072 Len=1412 [TCP PDU reassembled in 995]"
"995","35.909495","FioImma.local","ieee.hum.works","TLSv1.3","706","Client Hello (SNI=ieee.hum.works)"
"996","35.912097","www.gstatic.com","FioImma.local","TCP","60","443  >  54816 [ACK] Seq=1 Ack=1413 Win=68608 Len=0"
"997","35.912097","www.gstatic.com","FioImma.local","TCP","60","443  >  54816 [ACK] Seq=1 Ack=1822 Win=71424 Len=0"
"998","35.912097","securepubads.g.doubleclick.net","FioImma.local","TCP","54","443  >  54814 [ACK] Seq=2501 Ack=3280 Win=74240 Len=0"
"999","35.915336","googlehosted.l.googleusercontent.com","FioImma.local","TCP","66","443  >  54818 [SYN, ACK] Seq=0 Ack=1 Win=65535 Len=0 MSS=1412 SACK_PERM WS=256"
"1000","35.915395","FioImma.local","googlehosted.l.googleusercontent.com","TCP","54","54818  >  443 [ACK] Seq=1 Ack=1 Win=131072 Len=0"
"1001","35.916688","FioImma.local","googlehosted.l.googleusercontent.com","TCP","1466","54818  >  443 [ACK] Seq=1 Ack=1 Win=131072 Len=1412 [TCP PDU reassembled in 1002]"
"1002","35.916688","FioImma.local","googlehosted.l.googleusercontent.com","TLSv1.3","874","Client Hello (SNI=lh3.googleusercontent.com)"
"1003","35.918473","ieee.hum.works","FioImma.local","TCP","60","443  >  54817 [ACK] Seq=1 Ack=1413 Win=68608 Len=0"
"1004","35.918473","ieee.hum.works","FioImma.local","TCP","60","443  >  54817 [ACK] Seq=1 Ack=2065 Win=71424 Len=0"
"1005","35.926625","googlehosted.l.googleusercontent.com","FioImma.local","TCP","60","443  >  54818 [ACK] Seq=1 Ack=1413 Win=68608 Len=0"
"1006","35.926625","googlehosted.l.googleusercontent.com","FioImma.local","TCP","60","443  >  54818 [ACK] Seq=1 Ack=2233 Win=71424 Len=0"
"1007","35.941860","FioImma.local","dzfq4ouujrxm8.cloudfront.net","TCP","54","54815  >  443 [ACK] Seq=2541 Ack=6603 Win=131584 Len=0"
"1008","35.945687","www.gstatic.com","FioImma.local","TLSv1.3","4290","Server Hello, Change Cipher Spec"
"1009","35.945687","www.gstatic.com","FioImma.local","TLSv1.3","1201","Application Data"
"1010","35.945786","FioImma.local","www.gstatic.com","TCP","54","54816  >  443 [ACK] Seq=1822 Ack=5384 Win=131072 Len=0"
"1011","35.947257","securepubads.g.doubleclick.net","FioImma.local","TLSv1.3","563","Application Data"
"1012","35.948816","securepubads.g.doubleclick.net","FioImma.local","TLSv1.3","8526","Application Data, Application Data, Application Data, Application Data, Application Data, Application Data"
"1013","35.948865","FioImma.local","securepubads.g.doubleclick.net","TCP","54","54814  >  443 [ACK] Seq=3280 Ack=11482 Win=131072 Len=0"
"1014","35.949026","securepubads.g.doubleclick.net","FioImma.local","TLSv1.3","4290","Application Data, Application Data, Application Data"
"1015","35.949050","FioImma.local","securepubads.g.doubleclick.net","TCP","54","54814  >  443 [ACK] Seq=3280 Ack=15718 Win=131072 Len=0"
"1016","35.949102","securepubads.g.doubleclick.net","FioImma.local","TLSv1.3","1466","Application Data"
"1017","35.950985","FioImma.local","www.gstatic.com","TLSv1.3","128","Change Cipher Spec, Application Data"
"1018","35.951246","securepubads.g.doubleclick.net","FioImma.local","TLSv1.3","1345","Application Data"
"1019","35.951246","dzfq4ouujrxm8.cloudfront.net","FioImma.local","TCP","60","443  >  54815 [ACK] Seq=6603 Ack=2541 Win=74240 Len=0"
"1020","35.951295","FioImma.local","securepubads.g.doubleclick.net","TCP","54","54814  >  443 [ACK] Seq=3280 Ack=18421 Win=131072 Len=0"
"1021","35.951341","FioImma.local","www.gstatic.com","TLSv1.3","146","Application Data"
"1022","35.952197","FioImma.local","www.gstatic.com","TLSv1.3","637","Application Data"
"1023","35.953330","ieee.hum.works","FioImma.local","TLSv1.3","266","Server Hello, Change Cipher Spec, Application Data"
"1024","35.954244","securepubads.g.doubleclick.net","FioImma.local","TLSv1.3","1466","Application Data"
"1025","35.954279","securepubads.g.doubleclick.net","FioImma.local","TLSv1.3","1466","Application Data"
"1026","35.954289","FioImma.local","securepubads.g.doubleclick.net","TCP","54","54814  >  443 [ACK] Seq=3280 Ack=21245 Win=131072 Len=0"
"1027","35.954310","securepubads.g.doubleclick.net","FioImma.local","TLSv1.3","1466","Application Data"
"1028","35.954322","securepubads.g.doubleclick.net","FioImma.local","TLSv1.3","1466","Application Data"
"1029","35.954330","FioImma.local","securepubads.g.doubleclick.net","TCP","54","54814  >  443 [ACK] Seq=3280 Ack=24069 Win=131072 Len=0"
"1030","35.956081","securepubads.g.doubleclick.net","FioImma.local","TLSv1.3","1466","Application Data"
"1031","35.956081","securepubads.g.doubleclick.net","FioImma.local","TLSv1.3","1466","Application Data"
"1032","35.956081","securepubads.g.doubleclick.net","FioImma.local","TLSv1.3","1466","Application Data"
"1033","35.956081","securepubads.g.doubleclick.net","FioImma.local","TLSv1.3","1466","Application Data"
"1034","35.956081","securepubads.g.doubleclick.net","FioImma.local","TLSv1.3","1466","Application Data"
"1035","35.956081","securepubads.g.doubleclick.net","FioImma.local","TLSv1.3","1466","Application Data"
"1036","35.956131","FioImma.local","securepubads.g.doubleclick.net","TCP","54","54814  >  443 [ACK] Seq=3280 Ack=32541 Win=131072 Len=0"
"1037","35.957588","FioImma.local","ieee.hum.works","TLSv1.3","118","Change Cipher Spec, Application Data"
"1038","35.957935","FioImma.local","ieee.hum.works","TLSv1.3","146","Application Data"
"1039","35.958130","FioImma.local","ieee.hum.works","TLSv1.3","452","Application Data"
"1040","35.958284","securepubads.g.doubleclick.net","FioImma.local","TLSv1.3","1466","Application Data"
"1041","35.958284","securepubads.g.doubleclick.net","FioImma.local","TLSv1.3","1466","Application Data"
"1042","35.958351","FioImma.local","securepubads.g.doubleclick.net","TCP","54","54814  >  443 [ACK] Seq=3280 Ack=35365 Win=131072 Len=0"
"1043","35.958419","securepubads.g.doubleclick.net","FioImma.local","TLSv1.3","1312","Application Data, Application Data, Application Data, Application Data"
"1044","35.958457","googlehosted.l.googleusercontent.com","FioImma.local","TLSv1.3","1466","Server Hello, Change Cipher Spec"
"1045","35.958485","googlehosted.l.googleusercontent.com","FioImma.local","TLSv1.3","116","Application Data"
"1046","35.958498","FioImma.local","googlehosted.l.googleusercontent.com","TCP","54","54818  >  443 [ACK] Seq=2233 Ack=1475 Win=131072 Len=0"
"1047","35.959097","FioImma.local","securepubads.g.doubleclick.net","TLSv1.3","93","Application Data"
"1048","35.960817","www.gstatic.com","FioImma.local","TLSv1.3","1014","Application Data, Application Data"
"1049","35.960817","www.gstatic.com","FioImma.local","TLSv1.3","85","Application Data"
"1050","35.960864","FioImma.local","www.gstatic.com","TCP","54","54816  >  443 [ACK] Seq=2571 Ack=6375 Win=130304 Len=0"
"1051","35.961058","FioImma.local","www.gstatic.com","TLSv1.3","85","Application Data"
"1052","35.962237","FioImma.local","p1.parsely.com","TCP","66","54819  >  443 [SYN] Seq=0 Win=64240 Len=0 MSS=1460 WS=256 SACK_PERM"
"1053","35.962350","www.gstatic.com","FioImma.local","TLSv1.3","706","Application Data"
"1054","35.962350","www.gstatic.com","FioImma.local","TLSv1.3","1466","Application Data"
"1055","35.962350","www.gstatic.com","FioImma.local","TLSv1.3","1466","Application Data"
"1056","35.962350","www.gstatic.com","FioImma.local","TLSv1.3","2878","Application Data, Application Data"
"1057","35.962414","FioImma.local","www.gstatic.com","TCP","54","54816  >  443 [ACK] Seq=2602 Ack=12675 Win=131072 Len=0"
"1058","35.962459","www.gstatic.com","FioImma.local","TLSv1.3","1466","Application Data"
"1059","35.962459","www.gstatic.com","FioImma.local","TLSv1.3","1466","Application Data"
"1060","35.962459","www.gstatic.com","FioImma.local","TLSv1.3","1466","Application Data"
"1061","35.962486","FioImma.local","www.gstatic.com","TCP","54","54816  >  443 [ACK] Seq=2602 Ack=16911 Win=131072 Len=0"
"1062","35.962632","FioImma.local","googlehosted.l.googleusercontent.com","TLSv1.3","128","Change Cipher Spec, Application Data"
"1063","35.963148","FioImma.local","googlehosted.l.googleusercontent.com","TLSv1.3","146","Application Data"
"1064","35.963443","FioImma.local","googlehosted.l.googleusercontent.com","TLSv1.3","609","Application Data"
"1065","35.964873","www.gstatic.com","FioImma.local","TLSv1.3","8526","Application Data, Application Data, Application Data, Application Data, Application Data, Application Data"
"1066","35.964962","FioImma.local","www.gstatic.com","TCP","54","54816  >  443 [ACK] Seq=2602 Ack=25383 Win=131072 Len=0"
"1067","35.967359","waws-prod-blu-171.eastus.cloudapp.azure.com","FioImma.local","TLSv1.3","1514","Server Hello"
"1068","35.967359","waws-prod-blu-171.eastus.cloudapp.azure.com","FioImma.local","TCP","1514","443  >  54810 [ACK] Seq=1560 Ack=2307 Win=524288 Len=1460 [TCP PDU reassembled in 1070]"
"1069","35.967359","www.gstatic.com","FioImma.local","TLSv1.3","2878","Application Data, Application Data"
"1070","35.967359","waws-prod-blu-171.eastus.cloudapp.azure.com","FioImma.local","TLSv1.3","926","Application Data"
"1071","35.967359","ieee.hum.works","FioImma.local","TLSv1.3","640","Application Data, Application Data"
"1072","35.967359","www.gstatic.com","FioImma.local","TLSv1.3","1466","Application Data"
"1073","35.967359","ieee.hum.works","FioImma.local","TLSv1.3","85","Application Data"
"1074","35.967359","www.gstatic.com","FioImma.local","TLSv1.3","1466","Application Data"
"1075","35.967480","FioImma.local","waws-prod-blu-171.eastus.cloudapp.azure.com","TCP","54","54810  >  443 [ACK] Seq=2307 Ack=3892 Win=132352 Len=0"
"1076","35.967517","FioImma.local","www.gstatic.com","TCP","54","54816  >  443 [ACK] Seq=2602 Ack=31031 Win=131072 Len=0"
"1077","35.967526","FioImma.local","ieee.hum.works","TCP","54","54817  >  443 [ACK] Seq=2619 Ack=830 Win=130304 Len=0"
"1078","35.970607","FioImma.local","ieee.hum.works","TLSv1.3","85","Application Data"
"1079","35.971762","www.gstatic.com","FioImma.local","TLSv1.3","1466","Application Data"
"1080","35.971762","www.gstatic.com","FioImma.local","TLSv1.3","1466","Application Data"
"1081","35.971762","www.gstatic.com","FioImma.local","TLSv1.3","1466","Application Data"
"1082","35.971762","www.gstatic.com","FioImma.local","TLSv1.3","2878","Application Data, Application Data"
"1083","35.971833","FioImma.local","www.gstatic.com","TCP","54","54816  >  443 [ACK] Seq=2602 Ack=38091 Win=131072 Len=0"
"1084","35.971964","www.gstatic.com","FioImma.local","TLSv1.3","1466","Application Data"
"1085","35.971964","securepubads.g.doubleclick.net","FioImma.local","TCP","54","443  >  54814 [ACK] Seq=36623 Ack=3319 Win=74240 Len=0"
"1086","35.972009","FioImma.local","www.gstatic.com","TCP","54","54816  >  443 [ACK] Seq=2602 Ack=39503 Win=131072 Len=0"
"1087","35.972294","www.gstatic.com","FioImma.local","TLSv1.3","1466","Application Data"
"1088","35.972294","www.gstatic.com","FioImma.local","TLSv1.3","1466","Application Data"
"1089","35.972294","googlehosted.l.googleusercontent.com","FioImma.local","TLSv1.3","1034","Application Data, Application Data"
"1090","35.972294","googlehosted.l.googleusercontent.com","FioImma.local","TLSv1.3","85","Application Data"
"1091","35.972294","www.gstatic.com","FioImma.local","TLSv1.3","4290","Application Data, Application Data, Application Data"
"1092","35.972294","www.gstatic.com","FioImma.local","TLSv1.3","1466","Application Data"
"1093","35.972344","FioImma.local","www.gstatic.com","TCP","54","54816  >  443 [ACK] Seq=2602 Ack=47975 Win=131072 Len=0"
"1094","35.972359","FioImma.local","googlehosted.l.googleusercontent.com","TCP","54","54818  >  443 [ACK] Seq=2954 Ack=2486 Win=130304 Len=0"
"1095","35.972606","FioImma.local","googlehosted.l.googleusercontent.com","TLSv1.3","85","Application Data"
"1096","35.973968","FioImma.local","waws-prod-blu-171.eastus.cloudapp.azure.com","TLSv1.3","128","Application Data"
"1097","35.979542","www.gstatic.com","FioImma.local","TLSv1.3","2878","Application Data, Application Data"
"1098","35.979542","www.gstatic.com","FioImma.local","TLSv1.3","1466","Application Data"
"1099","35.979542","www.gstatic.com","FioImma.local","TLSv1.3","1466","Application Data"
"1100","35.979542","www.gstatic.com","FioImma.local","TLSv1.3","1466","Application Data"
"1101","35.979542","www.gstatic.com","FioImma.local","TLSv1.3","1466","Application Data"
"1102","35.979542","www.gstatic.com","FioImma.local","TLSv1.3","8526","Application Data, Application Data, Application Data, Application Data, Application Data, Application Data"
"1103","35.979542","googlehosted.l.googleusercontent.com","FioImma.local","TCP","60","443  >  54818 [ACK] Seq=2486 Ack=2954 Win=74240 Len=0"
"1104","35.979542","www.gstatic.com","FioImma.local","TLSv1.3","14174","Application Data, Application Data, Application Data, Application Data, Application Data, Application Data, Application Data, Application Data, Application Data, Application Data"
"1105","35.979680","FioImma.local","www.gstatic.com","TCP","54","54816  >  443 [ACK] Seq=2602 Ack=79039 Win=131072 Len=0"
"1106","35.981150","www.gstatic.com","FioImma.local","TLSv1.3","1004","Application Data, Application Data, Application Data"
"1107","35.981150","googlehosted.l.googleusercontent.com","FioImma.local","TCP","60","443  >  54818 [ACK] Seq=2486 Ack=2985 Win=74240 Len=0"
"1108","35.981343","FioImma.local","www.gstatic.com","TLSv1.3","93","Application Data"
"1109","35.983362","ieee.hum.works","FioImma.local","TCP","60","443  >  54817 [ACK] Seq=830 Ack=2650 Win=74240 Len=0"
"1110","35.991646","102.221.186.35.bc.googleusercontent.com","FioImma.local","TLSv1.2","419","Application Data"
"1111","35.992206","FioImma.local","102.221.186.35.bc.googleusercontent.com","TLSv1.2","93","Application Data"
"1112","35.992250","FioImma.local","102.221.186.35.bc.googleusercontent.com","TLSv1.2","89","Application Data"
"1113","35.993897","www.gstatic.com","FioImma.local","TCP","60","443  >  54816 [ACK] Seq=79989 Ack=2641 Win=74240 Len=0"
"1114","35.998220","FioImma.local","mars.octa.edu","DNS","74","Standard query 0x5d6a A dpm.demdex.net"
"1115","35.998469","FioImma.local","mars.octa.edu","DNS","74","Standard query 0x3134 HTTPS dpm.demdex.net"
"1116","36.001108","102.221.186.35.bc.googleusercontent.com","FioImma.local","TCP","60","443  >  54633 [ACK] Seq=405 Ack=757 Win=356 Len=0"
"1117","36.001108","102.221.186.35.bc.googleusercontent.com","FioImma.local","TCP","60","443  >  54633 [ACK] Seq=405 Ack=792 Win=356 Len=0"
"1118","36.001413","FioImma.local","d2gt2ux04o03l1.cloudfront.net","TLSv1.3","208","Application Data"
"1119","36.002285","FioImma.local","d2gt2ux04o03l1.cloudfront.net","TCP","66","54820  >  443 [SYN] Seq=0 Win=64240 Len=0 MSS=1460 WS=256 SACK_PERM"
"1120","36.003928","mars.octa.edu","FioImma.local","DNS","320","Standard query response 0x5d6a A dpm.demdex.net CNAME gslb-2.demdex.net CNAME edge-ind1.demdex.net CNAME dcs-public-edge-ind1-566352572.ap-south-1.elb.amazonaws.com A 3.111.25.110 A 15.207.189.6 A 15.207.136.97 A 3.6.228.114 A 15.207.144.48 A 52.66.135.207 A 3.109.27.242 A 3.6.145.182"
"1121","36.003928","mars.octa.edu","FioImma.local","DNS","270","Standard query response 0x3134 HTTPS dpm.demdex.net CNAME gslb-2.demdex.net CNAME edge-ind1.demdex.net CNAME dcs-public-edge-ind1-566352572.ap-south-1.elb.amazonaws.com SOA ns-329.awsdns-41.com"
"1122","36.004593","FioImma.local","dcs-public-edge-ind1-566352572.ap-south-1.elb.amazonaws.com","TCP","66","54821  >  443 [SYN] Seq=0 Win=64240 Len=0 MSS=1460 WS=256 SACK_PERM"
"1123","36.014791","d2gt2ux04o03l1.cloudfront.net","FioImma.local","TLSv1.3","652","Application Data"
"1124","36.014791","d2gt2ux04o03l1.cloudfront.net","FioImma.local","TCP","66","443  >  54820 [SYN, ACK] Seq=0 Ack=1 Win=65535 Len=0 MSS=1440 SACK_PERM WS=512"
"1125","36.014896","FioImma.local","d2gt2ux04o03l1.cloudfront.net","TCP","54","54820  >  443 [ACK] Seq=1 Ack=1 Win=132352 Len=0"
"1126","36.016252","FioImma.local","d2gt2ux04o03l1.cloudfront.net","TCP","1494","54820  >  443 [ACK] Seq=1 Ack=1 Win=132352 Len=1440 [TCP PDU reassembled in 1127]"
"1127","36.016252","FioImma.local","d2gt2ux04o03l1.cloudfront.net","TLSv1.3","585","Client Hello (SNI=cmp.osano.com)"
"1128","36.027798","d2gt2ux04o03l1.cloudfront.net","FioImma.local","TCP","60","443  >  54820 [ACK] Seq=1 Ack=1441 Win=68608 Len=0"
"1129","36.027798","d2gt2ux04o03l1.cloudfront.net","FioImma.local","TCP","60","443  >  54820 [ACK] Seq=1 Ack=1972 Win=71680 Len=0"
"1130","36.027798","d2gt2ux04o03l1.cloudfront.net","FioImma.local","TLSv1.3","288","Server Hello, Change Cipher Spec, Application Data, Application Data"
"1131","36.028548","FioImma.local","d2gt2ux04o03l1.cloudfront.net","TLSv1.3","118","Change Cipher Spec, Application Data"
"1132","36.028688","FioImma.local","d2gt2ux04o03l1.cloudfront.net","TLSv1.3","146","Application Data"
"1133","36.028861","FioImma.local","d2gt2ux04o03l1.cloudfront.net","TLSv1.3","466","Application Data"
"1134","36.041592","d2gt2ux04o03l1.cloudfront.net","FioImma.local","TCP","60","443  >  54820 [ACK] Seq=235 Ack=2036 Win=71680 Len=0"
"1135","36.041592","d2gt2ux04o03l1.cloudfront.net","FioImma.local","TCP","60","443  >  54820 [ACK] Seq=235 Ack=2128 Win=71680 Len=0"
"1136","36.041592","d2gt2ux04o03l1.cloudfront.net","FioImma.local","TLSv1.3","200","Application Data"
"1137","36.041592","d2gt2ux04o03l1.cloudfront.net","FioImma.local","TLSv1.3","125","Application Data"
"1138","36.041592","dcs-public-edge-ind1-566352572.ap-south-1.elb.amazonaws.com","FioImma.local","TCP","66","443  >  54821 [SYN, ACK] Seq=0 Ack=1 Win=26883 Len=0 MSS=1460 SACK_PERM WS=256"
"1139","36.041735","FioImma.local","d2gt2ux04o03l1.cloudfront.net","TCP","54","54820  >  443 [ACK] Seq=2540 Ack=452 Win=131840 Len=0"
"1140","36.041774","FioImma.local","dcs-public-edge-ind1-566352572.ap-south-1.elb.amazonaws.com","TCP","54","54821  >  443 [ACK] Seq=1 Ack=1 Win=131328 Len=0"
"1141","36.043309","FioImma.local","dcs-public-edge-ind1-566352572.ap-south-1.elb.amazonaws.com","TCP","1514","54821  >  443 [ACK] Seq=1 Ack=1 Win=131328 Len=1460 [TCP PDU reassembled in 1142]"
"1142","36.043309","FioImma.local","dcs-public-edge-ind1-566352572.ap-south-1.elb.amazonaws.com","TLSv1.3","534","Client Hello (SNI=dpm.demdex.net)"
"1143","36.043413","FioImma.local","d2gt2ux04o03l1.cloudfront.net","TLSv1.3","85","Application Data"
"1144","36.058163","d2gt2ux04o03l1.cloudfront.net","FioImma.local","TCP","60","443  >  54820 [ACK] Seq=452 Ack=2571 Win=74240 Len=0"
"1145","36.063724","FioImma.local","d2gt2ux04o03l1.cloudfront.net","TCP","54","54809  >  443 [ACK] Seq=2756 Ack=1676 Win=132352 Len=0"
"1146","36.083905","dcs-public-edge-ind1-566352572.ap-south-1.elb.amazonaws.com","FioImma.local","TCP","60","443  >  54821 [ACK] Seq=1 Ack=1461 Win=45056 Len=0"
"1147","36.083905","dcs-public-edge-ind1-566352572.ap-south-1.elb.amazonaws.com","FioImma.local","TCP","60","443  >  54821 [ACK] Seq=1 Ack=1941 Win=47872 Len=0"
"1148","36.083905","dcs-public-edge-ind1-566352572.ap-south-1.elb.amazonaws.com","FioImma.local","TLSv1.3","4434","Server Hello, Change Cipher Spec, Application Data, Application Data"
"1149","36.083905","dcs-public-edge-ind1-566352572.ap-south-1.elb.amazonaws.com","FioImma.local","TLSv1.3","295","Application Data, Application Data"
"1150","36.084053","FioImma.local","dcs-public-edge-ind1-566352572.ap-south-1.elb.amazonaws.com","TCP","54","54821  >  443 [ACK] Seq=1941 Ack=4622 Win=131328 Len=0"
"1151","36.097184","FioImma.local","dcs-public-edge-ind1-566352572.ap-south-1.elb.amazonaws.com","TLSv1.3","118","Change Cipher Spec, Application Data"
"1152","36.097628","FioImma.local","dcs-public-edge-ind1-566352572.ap-south-1.elb.amazonaws.com","TLSv1.3","146","Application Data"
"1153","36.097959","FioImma.local","dcs-public-edge-ind1-566352572.ap-south-1.elb.amazonaws.com","TLSv1.3","765","Application Data"
"1154","36.112024","FioImma.local","mars.octa.edu","DNS","77","Standard query 0x575e A fonts.gstatic.com"
"1155","36.112319","FioImma.local","mars.octa.edu","DNS","77","Standard query 0x2717 HTTPS fonts.gstatic.com"
"1156","36.116791","mars.octa.edu","FioImma.local","DNS","93","Standard query response 0x575e A fonts.gstatic.com A 142.250.67.35"
"1157","36.118812","mars.octa.edu","FioImma.local","DNS","102","Standard query response 0x2717 HTTPS fonts.gstatic.com HTTPS"
"1158","36.120772","FioImma.local","fonts.gstatic.com","QUIC","1292","Initial, DCID=ad7557a491da8278, PKN: 1, CRYPTO"
"1159","36.120846","FioImma.local","fonts.gstatic.com","QUIC","1292","Initial, DCID=ad7557a491da8278, PKN: 2, PADDING, CRYPTO, CRYPTO, PING, CRYPTO, CRYPTO, PADDING, PING, PING, PADDING, PING, PADDING, PING, CRYPTO, PADDING"
"1160","36.129968","p1.parsely.com","FioImma.local","TCP","66","443  >  54819 [SYN, ACK] Seq=0 Ack=1 Win=26883 Len=0 MSS=1460 SACK_PERM WS=4096"
"1161","36.130045","FioImma.local","p1.parsely.com","TCP","54","54819  >  443 [ACK] Seq=1 Ack=1 Win=131328 Len=0"
"1162","36.132356","FioImma.local","p1.parsely.com","TCP","1514","54819  >  443 [ACK] Seq=1 Ack=1 Win=131328 Len=1460 [TCP PDU reassembled in 1163]"
"1163","36.132356","FioImma.local","p1.parsely.com","TLSv1.2","350","Client Hello (SNI=p1.parsely.com)"
"1164","36.137379","dcs-public-edge-ind1-566352572.ap-south-1.elb.amazonaws.com","FioImma.local","TCP","60","443  >  54821 [ACK] Seq=4622 Ack=2005 Win=47872 Len=0"
"1165","36.137379","dcs-public-edge-ind1-566352572.ap-south-1.elb.amazonaws.com","FioImma.local","TLSv1.3","200","Application Data"
"1166","36.137379","dcs-public-edge-ind1-566352572.ap-south-1.elb.amazonaws.com","FioImma.local","TLSv1.3","116","Application Data"
"1167","36.137379","dcs-public-edge-ind1-566352572.ap-south-1.elb.amazonaws.com","FioImma.local","TLSv1.3","85","Application Data"
"1168","36.137424","FioImma.local","dcs-public-edge-ind1-566352572.ap-south-1.elb.amazonaws.com","TCP","54","54821  >  443 [ACK] Seq=2808 Ack=4861 Win=131072 Len=0"
"1169","36.137645","FioImma.local","dcs-public-edge-ind1-566352572.ap-south-1.elb.amazonaws.com","TLSv1.3","85","Application Data"
"1170","36.140633","dcs-public-edge-ind1-566352572.ap-south-1.elb.amazonaws.com","FioImma.local","TLSv1.3","988","Application Data"
"1171","36.140633","dcs-public-edge-ind1-566352572.ap-south-1.elb.amazonaws.com","FioImma.local","TLSv1.3","85","Application Data"
"1172","36.140665","FioImma.local","dcs-public-edge-ind1-566352572.ap-south-1.elb.amazonaws.com","TCP","54","54821  >  443 [ACK] Seq=2839 Ack=5826 Win=130048 Len=0"
"1173","36.178446","FioImma.local","www.gstatic.com","QUIC","1292","Initial, DCID=0a30a9834688ad4a, PKN: 4, CRYPTO"
"1174","36.186522","FioImma.local","fonts.gstatic.com","QUIC","1292","Initial, DCID=8d45708570ae88d5, PKN: 4, CRYPTO"
"1175","36.202107","waws-prod-blu-171.eastus.cloudapp.azure.com","FioImma.local","TLSv1.3","157","Application Data"
"1176","36.218790","FioImma.local","googlehosted.l.googleusercontent.com","QUIC","1292","Initial, DCID=2c7ffd09f9d824ff, PKN: 4, CRYPTO"
"1177","36.221635","dcs-public-edge-ind1-566352572.ap-south-1.elb.amazonaws.com","FioImma.local","TCP","60","443  >  54821 [ACK] Seq=5826 Ack=2839 Win=65792 Len=0"
"1178","36.225728","ieee.hum.works","FioImma.local","TLSv1.3","261","Application Data"
"1179","36.226399","FioImma.local","ieee.hum.works","TLSv1.3","89","Application Data"
"1180","36.229811","ieee.hum.works","FioImma.local","TLSv1.3","85","Application Data"
"1181","36.229811","ieee.hum.works","FioImma.local","TLSv1.3","93","Application Data"
"1182","36.229850","FioImma.local","ieee.hum.works","TCP","54","54817  >  443 [ACK] Seq=2685 Ack=1107 Win=130048 Len=0"
"1183","36.229976","FioImma.local","ieee.hum.works","TLSv1.3","93","Application Data"
"1184","36.235279","ieee.hum.works","FioImma.local","TCP","60","443  >  54817 [ACK] Seq=1107 Ack=2685 Win=74240 Len=0"
"1185","36.238215","ieee.hum.works","FioImma.local","TCP","60","443  >  54817 [ACK] Seq=1107 Ack=2724 Win=74240 Len=0"
"1186","36.243081","FioImma.local","waws-prod-blu-171.eastus.cloudapp.azure.com","TCP","54","54810  >  443 [ACK] Seq=2381 Ack=3995 Win=132352 Len=0"
"1187","36.300451","p1.parsely.com","FioImma.local","TCP","60","443  >  54819 [ACK] Seq=1 Ack=1461 Win=45056 Len=0"
"1188","36.300451","p1.parsely.com","FioImma.local","TCP","60","443  >  54819 [ACK] Seq=1 Ack=1757 Win=49152 Len=0"
"1189","36.300451","p1.parsely.com","FioImma.local","TLSv1.2","158","Server Hello"
"1190","36.300451","p1.parsely.com","FioImma.local","TCP","1514","443  >  54819 [ACK] Seq=105 Ack=1757 Win=49152 Len=1460 [TCP PDU reassembled in 1191]"
"1191","36.300451","p1.parsely.com","FioImma.local","TLSv1.2","1163","Certificate"
"1192","36.300451","p1.parsely.com","FioImma.local","TLSv1.2","392","Server Key Exchange"
"1193","36.300451","p1.parsely.com","FioImma.local","TLSv1.2","63","Server Hello Done"
"1194","36.300528","FioImma.local","p1.parsely.com","TCP","54","54819  >  443 [ACK] Seq=1757 Ack=3021 Win=131328 Len=0"
"1195","36.305780","FioImma.local","p1.parsely.com","TLSv1.2","180","Client Key Exchange, Change Cipher Spec, Encrypted Handshake Message"
"1196","36.308256","googlehosted.l.googleusercontent.com","FioImma.local","TLSv1.3","397","Application Data"
"1197","36.308976","FioImma.local","googlehosted.l.googleusercontent.com","TLSv1.3","93","Application Data"
"1198","36.318737","googlehosted.l.googleusercontent.com","FioImma.local","TCP","60","443  >  54818 [ACK] Seq=2829 Ack=3024 Win=74240 Len=0"
"1199","36.417767","FioImma.local","mars.octa.edu","DNS","78","Standard query 0xa03b A play.cadmore.media"
"1200","36.417954","FioImma.local","mars.octa.edu","DNS","78","Standard query 0xf342 HTTPS play.cadmore.media"
"1201","36.418787","FioImma.local","d34ow7epij5zhk.cloudfront.net","TCP","1494","54808  >  443 [ACK] Seq=57440 Ack=7852 Win=131072 Len=1440 [TCP PDU reassembled in 1203]"
"1202","36.418787","FioImma.local","d34ow7epij5zhk.cloudfront.net","TCP","1494","54808  >  443 [ACK] Seq=58880 Ack=7852 Win=131072 Len=1440 [TCP PDU reassembled in 1203]"
"1203","36.418787","FioImma.local","d34ow7epij5zhk.cloudfront.net","TLSv1.3","212","Application Data"
"1204","36.419016","FioImma.local","d34ow7epij5zhk.cloudfront.net","TCP","1494","54808  >  443 [ACK] Seq=60478 Ack=7852 Win=131072 Len=1440 [TCP PDU reassembled in 1206]"
"1205","36.419016","FioImma.local","d34ow7epij5zhk.cloudfront.net","TCP","1494","54808  >  443 [ACK] Seq=61918 Ack=7852 Win=131072 Len=1440 [TCP PDU reassembled in 1206]"
"1206","36.419016","FioImma.local","d34ow7epij5zhk.cloudfront.net","TLSv1.3","234","Application Data"
"1207","36.419162","FioImma.local","d34ow7epij5zhk.cloudfront.net","TCP","1494","54808  >  443 [ACK] Seq=63538 Ack=7852 Win=131072 Len=1440 [TCP PDU reassembled in 1209]"
"1208","36.419162","FioImma.local","d34ow7epij5zhk.cloudfront.net","TCP","1494","54808  >  443 [ACK] Seq=64978 Ack=7852 Win=131072 Len=1440 [TCP PDU reassembled in 1209]"
"1209","36.419162","FioImma.local","d34ow7epij5zhk.cloudfront.net","TLSv1.3","297","Application Data"
"1210","36.420132","FioImma.local","d34ow7epij5zhk.cloudfront.net","TCP","1494","54808  >  443 [ACK] Seq=66661 Ack=7852 Win=131072 Len=1440 [TCP PDU reassembled in 1212]"
"1211","36.420132","FioImma.local","d34ow7epij5zhk.cloudfront.net","TCP","1494","54808  >  443 [ACK] Seq=68101 Ack=7852 Win=131072 Len=1440 [TCP PDU reassembled in 1212]"
"1212","36.420132","FioImma.local","d34ow7epij5zhk.cloudfront.net","TLSv1.3","221","Application Data"
"1213","36.420319","FioImma.local","d34ow7epij5zhk.cloudfront.net","TCP","1494","54808  >  443 [ACK] Seq=69708 Ack=7852 Win=131072 Len=1440 [TCP PDU reassembled in 1215]"
"1214","36.420319","FioImma.local","d34ow7epij5zhk.cloudfront.net","TCP","1494","54808  >  443 [ACK] Seq=71148 Ack=7852 Win=131072 Len=1440 [TCP PDU reassembled in 1215]"
"1215","36.420319","FioImma.local","d34ow7epij5zhk.cloudfront.net","TLSv1.3","274","Application Data"
"1216","36.420454","FioImma.local","d34ow7epij5zhk.cloudfront.net","TCP","1494","54808  >  443 [ACK] Seq=72808 Ack=7852 Win=131072 Len=1440 [TCP PDU reassembled in 1218]"
"1217","36.420454","FioImma.local","d34ow7epij5zhk.cloudfront.net","TCP","1494","54808  >  443 [ACK] Seq=74248 Ack=7852 Win=131072 Len=1440 [TCP PDU reassembled in 1218]"
"1218","36.420454","FioImma.local","d34ow7epij5zhk.cloudfront.net","TLSv1.3","272","Application Data"
"1219","36.421296","FioImma.local","fonts.gstatic.com","QUIC","1292","Initial, DCID=ad7557a491da8278, PKN: 4, CRYPTO"
"1220","36.422600","FioImma.local","scholar.l.google.com","QUIC","1292","Initial, DCID=d9e28ad9360d0508, PKN: 1, CRYPTO"
"1221","36.422655","FioImma.local","scholar.l.google.com","QUIC","1292","Initial, DCID=d9e28ad9360d0508, PKN: 2, PING, PING, CRYPTO, PADDING"
"1222","36.423009","FioImma.local","fonts.gstatic.com","TCP","66","54822  >  443 [SYN] Seq=0 Win=64240 Len=0 MSS=1460 WS=256 SACK_PERM"
"1223","36.423328","FioImma.local","scholar.l.google.com","TLSv1.3","217","Application Data"
"1224","36.426777","FioImma.local","mars.octa.edu","DNS","86","Standard query 0x2c48 A service.seamlessaccess.org"
"1225","36.426978","FioImma.local","mars.octa.edu","DNS","86","Standard query 0xb4a4 HTTPS service.seamlessaccess.org"
"1226","36.430674","FioImma.local","d34ow7epij5zhk.cloudfront.net","TCP","1494","54808  >  443 [ACK] Seq=75906 Ack=7852 Win=131072 Len=1440 [TCP PDU reassembled in 1228]"
"1227","36.430674","FioImma.local","d34ow7epij5zhk.cloudfront.net","TCP","1494","54808  >  443 [ACK] Seq=77346 Ack=7852 Win=131072 Len=1440 [TCP PDU reassembled in 1228]"
"1228","36.430674","FioImma.local","d34ow7epij5zhk.cloudfront.net","TLSv1.3","280","Application Data"
"1229","36.431743","FioImma.local","d34ow7epij5zhk.cloudfront.net","TCP","1494","54808  >  443 [ACK] Seq=79012 Ack=7852 Win=131072 Len=1440 [TCP PDU reassembled in 1231]"
"1230","36.431743","FioImma.local","d34ow7epij5zhk.cloudfront.net","TCP","1494","54808  >  443 [ACK] Seq=80452 Ack=7852 Win=131072 Len=1440 [TCP PDU reassembled in 1231]"
"1231","36.431743","FioImma.local","d34ow7epij5zhk.cloudfront.net","TLSv1.3","277","Application Data"
"1232","36.432188","d34ow7epij5zhk.cloudfront.net","FioImma.local","TCP","60","443  >  54808 [ACK] Seq=7852 Ack=60320 Win=212480 Len=0"
"1233","36.432188","d34ow7epij5zhk.cloudfront.net","FioImma.local","TCP","60","443  >  54808 [ACK] Seq=7852 Ack=61918 Win=216064 Len=0"
"1234","36.432188","d34ow7epij5zhk.cloudfront.net","FioImma.local","TCP","60","443  >  54808 [ACK] Seq=7852 Ack=69541 Win=230912 Len=0"
"1235","36.432188","d34ow7epij5zhk.cloudfront.net","FioImma.local","TCP","60","443  >  54808 [ACK] Seq=7852 Ack=71148 Win=237056 Len=0"
"1236","36.432188","d34ow7epij5zhk.cloudfront.net","FioImma.local","TCP","60","443  >  54808 [ACK] Seq=7852 Ack=72808 Win=242688 Len=0"
"1237","36.432188","fonts.gstatic.com","FioImma.local","TCP","66","443  >  54822 [SYN, ACK] Seq=0 Ack=1 Win=65535 Len=0 MSS=1412 SACK_PERM WS=256"
"1238","36.432188","d34ow7epij5zhk.cloudfront.net","FioImma.local","TCP","60","443  >  54808 [ACK] Seq=7852 Ack=75688 Win=248320 Len=0"
"1239","36.432321","FioImma.local","fonts.gstatic.com","TCP","54","54822  >  443 [ACK] Seq=1 Ack=1 Win=131072 Len=0"
"1240","36.433430","FioImma.local","fonts.gstatic.com","TCP","1466","54822  >  443 [ACK] Seq=1 Ack=1 Win=131072 Len=1412 [TCP PDU reassembled in 1241]"
"1241","36.433430","FioImma.local","fonts.gstatic.com","TLSv1.3","401","Client Hello (SNI=fonts.gstatic.com)"
"1242","36.433723","FioImma.local","www.gstatic.com","TLSv1.3","999","Application Data"
"1243","36.434556","FioImma.local","d34ow7epij5zhk.cloudfront.net","TCP","1494","54808  >  443 [ACK] Seq=82115 Ack=7852 Win=131072 Len=1440 [TCP PDU reassembled in 1245]"
"1244","36.434556","FioImma.local","d34ow7epij5zhk.cloudfront.net","TCP","1494","54808  >  443 [ACK] Seq=83555 Ack=7852 Win=131072 Len=1440 [TCP PDU reassembled in 1245]"
"1245","36.434556","FioImma.local","d34ow7epij5zhk.cloudfront.net","TLSv1.3","278","Application Data"
"1246","36.434701","FioImma.local","d34ow7epij5zhk.cloudfront.net","TCP","1494","54808  >  443 [ACK] Seq=85219 Ack=7852 Win=131072 Len=1440 [TCP PDU reassembled in 1248]"
"1247","36.434701","FioImma.local","d34ow7epij5zhk.cloudfront.net","TCP","1494","54808  >  443 [ACK] Seq=86659 Ack=7852 Win=131072 Len=1440 [TCP PDU reassembled in 1248]"
"1248","36.434701","FioImma.local","d34ow7epij5zhk.cloudfront.net","TLSv1.3","274","Application Data"
"1249","36.434850","FioImma.local","d34ow7epij5zhk.cloudfront.net","TCP","1494","54808  >  443 [ACK] Seq=88319 Ack=7852 Win=131072 Len=1440 [TCP PDU reassembled in 1251]"
"1250","36.434850","FioImma.local","d34ow7epij5zhk.cloudfront.net","TCP","1494","54808  >  443 [ACK] Seq=89759 Ack=7852 Win=131072 Len=1440 [TCP PDU reassembled in 1251]"
"1251","36.434850","FioImma.local","d34ow7epij5zhk.cloudfront.net","TLSv1.3","280","Application Data"
"1252","36.435360","d34ow7epij5zhk.cloudfront.net","FioImma.local","TLSv1.3","448","Application Data"
"1253","36.435423","FioImma.local","d34ow7epij5zhk.cloudfront.net","TCP","54","54808  >  443 [ACK] Seq=91425 Ack=8246 Win=132352 Len=0"
"1254","36.436225","d34ow7epij5zhk.cloudfront.net","FioImma.local","TLSv1.3","471","Application Data"
"1255","36.436225","d34ow7epij5zhk.cloudfront.net","FioImma.local","TLSv1.3","470","Application Data"
"1256","36.436225","scholar.l.google.com","FioImma.local","TCP","60","443  >  54813 [ACK] Seq=6350 Ack=3789 Win=77056 Len=0"
"1257","36.436271","FioImma.local","d34ow7epij5zhk.cloudfront.net","TCP","54","54808  >  443 [ACK] Seq=91425 Ack=9079 Win=131584 Len=0"
"1258","36.437664","mars.octa.edu","FioImma.local","DNS","191","Standard query response 0x2c48 A service.seamlessaccess.org CNAME h3.shared.global.fastly.net A 151.101.194.217 A 151.101.130.217 A 151.101.2.217 A 151.101.66.217"
"1259","36.442542","d34ow7epij5zhk.cloudfront.net","FioImma.local","TCP","60","443  >  54808 [ACK] Seq=9079 Ack=78786 Win=257024 Len=0"
"1260","36.442542","d34ow7epij5zhk.cloudfront.net","FioImma.local","TCP","60","443  >  54808 [ACK] Seq=9079 Ack=80452 Win=262656 Len=0"
"1261","36.442542","d34ow7epij5zhk.cloudfront.net","FioImma.local","TLSv1.3","450","Application Data"
"1262","36.442542","d34ow7epij5zhk.cloudfront.net","FioImma.local","TCP","60","443  >  54808 [ACK] Seq=9475 Ack=82115 Win=268800 Len=0"
"1263","36.442542","www.gstatic.com","FioImma.local","TCP","60","443  >  54816 [ACK] Seq=79989 Ack=3586 Win=77056 Len=0"
"1264","36.442542","fonts.gstatic.com","FioImma.local","TCP","60","443  >  54822 [ACK] Seq=1 Ack=1413 Win=68608 Len=0"
"1265","36.442542","fonts.gstatic.com","FioImma.local","TCP","60","443  >  54822 [ACK] Seq=1 Ack=1760 Win=71424 Len=0"
"1266","36.442542","d34ow7epij5zhk.cloudfront.net","FioImma.local","TLSv1.3","449","Application Data"
"1267","36.442622","FioImma.local","d34ow7epij5zhk.cloudfront.net","TCP","54","54808  >  443 [ACK] Seq=91425 Ack=9870 Win=132352 Len=0"
"1268","36.443789","FioImma.local","h3.shared.global.fastly.net","TCP","66","54823  >  443 [SYN] Seq=0 Win=64240 Len=0 MSS=1460 WS=256 SACK_PERM"
"1269","36.445178","d34ow7epij5zhk.cloudfront.net","FioImma.local","TCP","60","443  >  54808 [ACK] Seq=9870 Ack=84995 Win=274432 Len=0"
"1270","36.445178","d34ow7epij5zhk.cloudfront.net","FioImma.local","TCP","60","443  >  54808 [ACK] Seq=9870 Ack=86659 Win=280064 Len=0"
"1271","36.445178","d34ow7epij5zhk.cloudfront.net","FioImma.local","TCP","60","443  >  54808 [ACK] Seq=9870 Ack=88319 Win=285696 Len=0"
"1272","36.445178","d34ow7epij5zhk.cloudfront.net","FioImma.local","TCP","60","443  >  54808 [ACK] Seq=9870 Ack=91199 Win=291840 Len=0"
"1273","36.445178","www.gstatic.com","FioImma.local","TLSv1.3","185","Application Data"
"1274","36.445178","www.gstatic.com","FioImma.local","TLSv1.3","2878","Application Data, Application Data"
"1275","36.445269","FioImma.local","www.gstatic.com","TCP","54","54816  >  443 [ACK] Seq=3586 Ack=82944 Win=131072 Len=0"
"1276","36.447406","www.gstatic.com","FioImma.local","TLSv1.3","2878","Application Data, Application Data"
"1277","36.447406","d34ow7epij5zhk.cloudfront.net","FioImma.local","TLSv1.3","449","Application Data"
"1278","36.447464","FioImma.local","www.gstatic.com","TCP","54","54816  >  443 [ACK] Seq=3586 Ack=85768 Win=131072 Len=0"
"1279","36.447485","FioImma.local","d34ow7epij5zhk.cloudfront.net","TCP","54","54808  >  443 [ACK] Seq=91425 Ack=10265 Win=131840 Len=0"
"1280","36.447780","www.gstatic.com","FioImma.local","TLSv1.3","1466","Application Data"
"1281","36.447780","d34ow7epij5zhk.cloudfront.net","FioImma.local","TLSv1.3","450","Application Data"
"1282","36.447780","www.gstatic.com","FioImma.local","TLSv1.3","1466","Application Data"
"1283","36.447780","www.gstatic.com","FioImma.local","TLSv1.3","1466","Application Data"
"1284","36.447780","www.gstatic.com","FioImma.local","TLSv1.3","8526","Application Data, Application Data, Application Data, Application Data, Application Data, Application Data"
"1285","36.447780","d34ow7epij5zhk.cloudfront.net","FioImma.local","TLSv1.3","451","Application Data"
"1286","36.447780","www.gstatic.com","FioImma.local","TLSv1.3","1466","Application Data"
"1287","36.447780","www.gstatic.com","FioImma.local","TLSv1.3","1466","Application Data"
"1288","36.447862","FioImma.local","www.gstatic.com","TCP","54","54816  >  443 [ACK] Seq=3586 Ack=101300 Win=131072 Len=0"
"1289","36.447878","FioImma.local","d34ow7epij5zhk.cloudfront.net","TCP","54","54808  >  443 [ACK] Seq=91425 Ack=11058 Win=131072 Len=0"
"1290","36.448739","www.gstatic.com","FioImma.local","TLSv1.3","2878","Application Data, Application Data"
"1291","36.448770","FioImma.local","www.gstatic.com","TCP","54","54816  >  443 [ACK] Seq=3586 Ack=104124 Win=131072 Len=0"
"1292","36.448805","www.gstatic.com","FioImma.local","TLSv1.3","5702","Application Data, Application Data, Application Data, Application Data"
"1293","36.448819","FioImma.local","www.gstatic.com","TCP","54","54816  >  443 [ACK] Seq=3586 Ack=109772 Win=131072 Len=0"
"1294","36.452944","www.gstatic.com","FioImma.local","TLSv1.3","1466","Application Data"
"1295","36.452944","www.gstatic.com","FioImma.local","TLSv1.3","9938","Application Data, Application Data, Application Data, Application Data, Application Data, Application Data, Application Data"
"1296","36.452944","www.gstatic.com","FioImma.local","TLSv1.3","1466","Application Data"
"1297","36.452944","www.gstatic.com","FioImma.local","TLSv1.3","8526","Application Data, Application Data, Application Data, Application Data, Application Data, Application Data"
"1298","36.452944","www.gstatic.com","FioImma.local","TLSv1.3","1466","Application Data"
"1299","36.452944","www.gstatic.com","FioImma.local","TLSv1.3","16998","Application Data, Application Data, Application Data, Application Data, Application Data, Application Data, Application Data, Application Data, Application Data, Application Data, Application Data, Application Data"
"1300","36.452944","www.gstatic.com","FioImma.local","TLSv1.3","1466","Application Data"
"1301","36.452944","www.gstatic.com","FioImma.local","TLSv1.3","7114","Application Data, Application Data, Application Data, Application Data, Application Data"
"1302","36.453149","FioImma.local","www.gstatic.com","TCP","54","54816  >  443 [ACK] Seq=3586 Ack=157780 Win=131072 Len=0"
"1303","36.454967","h3.shared.global.fastly.net","FioImma.local","TCP","66","443  >  54823 [SYN, ACK] Seq=0 Ack=1 Win=65535 Len=0 MSS=1460 SACK_PERM WS=512"
"1304","36.454967","www.gstatic.com","FioImma.local","TLSv1.3","21234","Application Data, Application Data, Application Data, Application Data, Application Data, Application Data, Application Data, Application Data, Application Data, Application Data, Application Data, Application Data, Application Data, Application Data, Application Data"
"1305","36.455287","FioImma.local","h3.shared.global.fastly.net","TCP","54","54823  >  443 [ACK] Seq=1 Ack=1 Win=131328 Len=0"
"1306","36.455352","FioImma.local","www.gstatic.com","TCP","54","54816  >  443 [ACK] Seq=3586 Ack=178960 Win=131072 Len=0"
"1307","36.456804","FioImma.local","h3.shared.global.fastly.net","TCP","1514","54823  >  443 [ACK] Seq=1 Ack=1 Win=131328 Len=1460 [TCP PDU reassembled in 1308]"
"1308","36.456804","FioImma.local","h3.shared.global.fastly.net","TLSv1.2","330","Client Hello (SNI=service.seamlessaccess.org)"
"1309","36.457413","www.gstatic.com","FioImma.local","TLSv1.3","1423","Application Data, Application Data, Application Data, Application Data"
"1310","36.457446","FioImma.local","www.gstatic.com","TCP","54","54816  >  443 [ACK] Seq=3586 Ack=180329 Win=129792 Len=0"
"1311","36.457631","FioImma.local","www.gstatic.com","TLSv1.3","93","Application Data"
"1312","36.462703","mars.octa.edu","FioImma.local","DNS","254","Standard query response 0xa03b A play.cadmore.media CNAME cadmoreplayer.azurewebsites.net CNAME waws-prod-blu-171.sip.azurewebsites.windows.net CNAME waws-prod-blu-171.eastus.cloudapp.azure.com A 40.71.11.145"
"1313","36.464682","mars.octa.edu","FioImma.local","DNS","127","Standard query response 0xb4a4 HTTPS service.seamlessaccess.org CNAME h3.shared.global.fastly.net"
"1314","36.464682","mars.octa.edu","FioImma.local","DNS","309","Standard query response 0xf342 HTTPS play.cadmore.media CNAME cadmoreplayer.azurewebsites.net CNAME waws-prod-blu-171.sip.azurewebsites.windows.net CNAME waws-prod-blu-171.eastus.cloudapp.azure.com SOA ns1-201.azure-dns.com"
"1315","36.466084","FioImma.local","waws-prod-blu-171.eastus.cloudapp.azure.com","TCP","66","54824  >  443 [SYN] Seq=0 Win=64240 Len=0 MSS=1460 WS=256 SACK_PERM"
"1316","36.466754","h3.shared.global.fastly.net","FioImma.local","TCP","60","443  >  54823 [ACK] Seq=1 Ack=1461 Win=148992 Len=0"
"1317","36.466754","h3.shared.global.fastly.net","FioImma.local","TCP","60","443  >  54823 [ACK] Seq=1 Ack=1737 Win=152064 Len=0"
"1318","36.469108","h3.shared.global.fastly.net","FioImma.local","TLSv1.2","4434","Server Hello, Certificate"
"1319","36.469108","h3.shared.global.fastly.net","FioImma.local","TLSv1.2","396","Certificate Status, Server Key Exchange, Server Hello Done"
"1320","36.469182","FioImma.local","h3.shared.global.fastly.net","TCP","54","54823  >  443 [ACK] Seq=1737 Ack=4723 Win=131328 Len=0"
"1321","36.471633","www.gstatic.com","FioImma.local","TCP","60","443  >  54816 [ACK] Seq=180329 Ack=3625 Win=77056 Len=0"
"1322","36.471633","p1.parsely.com","FioImma.local","TCP","60","443  >  54819 [ACK] Seq=3021 Ack=1883 Win=49152 Len=0"
"1323","36.471633","p1.parsely.com","FioImma.local","TLSv1.2","174","New Session Ticket"
"1324","36.471633","p1.parsely.com","FioImma.local","TLSv1.2","105","Change Cipher Spec, Encrypted Handshake Message"
"1325","36.471715","FioImma.local","p1.parsely.com","TCP","54","54819  >  443 [ACK] Seq=1883 Ack=3192 Win=131072 Len=0"
"1326","36.472304","FioImma.local","p1.parsely.com","TLSv1.2","1282","Application Data"
"1327","36.476441","FioImma.local","h3.shared.global.fastly.net","TLSv1.2","147","Client Key Exchange, Change Cipher Spec, Encrypted Handshake Message"
"1328","36.476627","FioImma.local","securepubads.g.doubleclick.net","TLSv1.3","155","Application Data"
"1329","36.477044","FioImma.local","mars.octa.edu","DNS","81","Standard query 0xf626 A ieeexplore.demdex.net"
"1330","36.477237","FioImma.local","mars.octa.edu","DNS","81","Standard query 0x4676 HTTPS ieeexplore.demdex.net"
"1331","36.477727","fonts.gstatic.com","FioImma.local","TLSv1.3","4290","Server Hello, Change Cipher Spec"
"1332","36.477727","fonts.gstatic.com","FioImma.local","TLSv1.3","1201","Application Data"
"1333","36.477923","FioImma.local","fonts.gstatic.com","TCP","54","54822  >  443 [ACK] Seq=1760 Ack=5384 Win=131072 Len=0"
"1334","36.479121","FioImma.local","h3.shared.global.fastly.net","TLSv1.2","153","Application Data"
"1335","36.479422","FioImma.local","h3.shared.global.fastly.net","TLSv1.2","522","Application Data"
"1336","36.479470","FioImma.local","h3.shared.global.fastly.net","TLSv1.2","134","Application Data"
"1337","36.483975","FioImma.local","fonts.gstatic.com","TLSv1.3","128","Change Cipher Spec, Application Data"
"1338","36.484327","FioImma.local","fonts.gstatic.com","TLSv1.3","146","Application Data"
"1339","36.484459","FioImma.local","fonts.gstatic.com","TLSv1.3","546","Application Data"
"1340","36.485988","securepubads.g.doubleclick.net","FioImma.local","TCP","54","443  >  54814 [ACK] Seq=36623 Ack=3420 Win=74240 Len=0"
"1341","36.487481","h3.shared.global.fastly.net","FioImma.local","TCP","60","443  >  54823 [ACK] Seq=4723 Ack=1830 Win=152064 Len=0"
"1342","36.487481","h3.shared.global.fastly.net","FioImma.local","TLSv1.2","312","New Session Ticket, Change Cipher Spec, Encrypted Handshake Message"
"1343","36.496184","securepubads.g.doubleclick.net","FioImma.local","TLSv1.3","204","Application Data"
"1344","36.496184","h3.shared.global.fastly.net","FioImma.local","TCP","60","443  >  54823 [ACK] Seq=4981 Ack=1929 Win=152064 Len=0"
"1345","36.496184","h3.shared.global.fastly.net","FioImma.local","TLSv1.2","126","Application Data"
"1346","36.496184","securepubads.g.doubleclick.net","FioImma.local","TLSv1.3","5702","Application Data, Application Data, Application Data, Application Data"
"1347","36.496184","h3.shared.global.fastly.net","FioImma.local","TCP","60","443  >  54823 [ACK] Seq=5053 Ack=2397 Win=155136 Len=0"
"1348","36.496184","h3.shared.global.fastly.net","FioImma.local","TCP","60","443  >  54823 [ACK] Seq=5053 Ack=2477 Win=155136 Len=0"
"1349","36.496184","mars.octa.edu","FioImma.local","DNS","327","Standard query response 0xf626 A ieeexplore.demdex.net CNAME gslb-2.demdex.net CNAME edge-ind1.demdex.net CNAME dcs-public-edge-ind1-566352572.ap-south-1.elb.amazonaws.com A 15.207.189.6 A 15.207.136.97 A 3.6.228.114 A 15.207.144.48 A 52.66.135.207 A 3.109.27.242 A 3.6.145.182 A 3.111.25.110"
"1350","36.496184","h3.shared.global.fastly.net","FioImma.local","TLSv1.2","296","Application Data"
"1351","36.496184","securepubads.g.doubleclick.net","FioImma.local","TLSv1.3","49474","Application Data, Application Data, Application Data, Application Data, Application Data, Application Data, Application Data, Application Data, Application Data, Application Data, Application Data, Application Data, Application Data, Application Data, Application Data, Application Data, Application Data, Application Data, Application Data, Application Data, Application Data, Application Data, Application Data, Application Data, Application Data, Application Data, Application Data, Application Data, Application Data, Application Data, Application Data, Application Data, Application Data, Application Data, Application Data"
"1352","36.496184","h3.shared.global.fastly.net","FioImma.local","TLSv1.2","150","Application Data"
"1353","36.496184","fonts.gstatic.com","FioImma.local","TLSv1.3","1018","Application Data, Application Data"
"1354","36.496334","FioImma.local","h3.shared.global.fastly.net","TCP","54","54823  >  443 [ACK] Seq=2477 Ack=5053 Win=130816 Len=0"
"1355","36.496374","FioImma.local","securepubads.g.doubleclick.net","TCP","54","54814  >  443 [ACK] Seq=3420 Ack=42421 Win=131072 Len=0"
"1356","36.496478","FioImma.local","securepubads.g.doubleclick.net","TCP","54","54814  >  443 [ACK] Seq=3420 Ack=91841 Win=131072 Len=0"
"1357","36.496487","FioImma.local","h3.shared.global.fastly.net","TCP","54","54823  >  443 [ACK] Seq=2477 Ack=5391 Win=130560 Len=0"
"1358","36.497276","FioImma.local","h3.shared.global.fastly.net","TLSv1.2","92","Application Data"
"1359","36.497336","FioImma.local","fonts.gstatic.com","TLSv1.3","85","Application Data"
"1360","36.504001","securepubads.g.doubleclick.net","FioImma.local","TLSv1.3","5702","Application Data, Application Data, Application Data, Application Data"
"1361","36.504001","fonts.gstatic.com","FioImma.local","TLSv1.3","85","Application Data"
"1362","36.504001","fonts.gstatic.com","FioImma.local","TLSv1.3","600","Application Data"
"1363","36.504001","fonts.gstatic.com","FioImma.local","TLSv1.3","5702","Application Data, Application Data, Application Data, Application Data"
"1364","36.504001","fonts.gstatic.com","FioImma.local","TLSv1.3","1466","Application Data"
"1365","36.504001","fonts.gstatic.com","FioImma.local","TLSv1.3","7114","Application Data, Application Data, Application Data, Application Data, Application Data"
"1366","36.504001","fonts.gstatic.com","FioImma.local","TLSv1.3","1466","Application Data"
"1367","36.504001","fonts.gstatic.com","FioImma.local","TLSv1.3","347","Application Data"
"1368","36.504001","fonts.gstatic.com","FioImma.local","TLSv1.3","93","Application Data"
"1369","36.504141","FioImma.local","securepubads.g.doubleclick.net","TCP","54","54814  >  443 [ACK] Seq=3420 Ack=97489 Win=131072 Len=0"
"1370","36.504183","FioImma.local","fonts.gstatic.com","TCP","54","54822  >  443 [ACK] Seq=2449 Ack=22789 Win=131072 Len=0"
"1371","36.505270","FioImma.local","fonts.gstatic.com","TLSv1.3","93","Application Data"
"1372","36.505685","FioImma.local","dcs-public-edge-ind1-566352572.ap-south-1.elb.amazonaws.com","TCP","66","54825  >  443 [SYN] Seq=0 Win=64240 Len=0 MSS=1460 WS=256 SACK_PERM"
"1373","36.512133","securepubads.g.doubleclick.net","FioImma.local","TLSv1.3","15586","Application Data, Application Data, Application Data, Application Data, Application Data, Application Data, Application Data, Application Data, Application Data, Application Data, Application Data"
"1374","36.512133","h3.shared.global.fastly.net","FioImma.local","TCP","60","443  >  54823 [ACK] Seq=5391 Ack=2515 Win=155136 Len=0"
"1375","36.512133","securepubads.g.doubleclick.net","FioImma.local","TLSv1.3","24058","Application Data, Application Data, Application Data, Application Data, Application Data, Application Data, Application Data, Application Data, Application Data, Application Data, Application Data, Application Data, Application Data, Application Data, Application Data, Application Data, Application Data, Application Data"
"1376","36.512288","FioImma.local","securepubads.g.doubleclick.net","TCP","54","54814  >  443 [ACK] Seq=3420 Ack=137025 Win=131072 Len=0"
"1377","36.513222","FioImma.local","mars.octa.edu","DNS","78","Standard query 0x3ba7 A cm.everesttech.net"
"1378","36.513513","FioImma.local","mars.octa.edu","DNS","78","Standard query 0x076a HTTPS cm.everesttech.net"
"1379","36.515682","securepubads.g.doubleclick.net","FioImma.local","TLSv1.3","7114","Application Data, Application Data, Application Data, Application Data, Application Data"
"1380","36.515682","fonts.gstatic.com","FioImma.local","TCP","60","443  >  54822 [ACK] Seq=22789 Ack=2449 Win=74240 Len=0"
"1381","36.515682","securepubads.g.doubleclick.net","FioImma.local","TLSv1.3","22646","Application Data, Application Data, Application Data, Application Data, Application Data, Application Data, Application Data, Application Data, Application Data, Application Data, Application Data, Application Data, Application Data, Application Data, Application Data, Application Data"
"1382","36.515682","securepubads.g.doubleclick.net","FioImma.local","TLSv1.3","1466","Application Data"
"1383","36.515682","securepubads.g.doubleclick.net","FioImma.local","TLSv1.3","2878","Application Data, Application Data"
"1384","36.515682","securepubads.g.doubleclick.net","FioImma.local","TLSv1.3","1466","Application Data"
"1385","36.515770","FioImma.local","securepubads.g.doubleclick.net","TCP","54","54814  >  443 [ACK] Seq=3420 Ack=172325 Win=131072 Len=0"
"1386","36.518897","securepubads.g.doubleclick.net","FioImma.local","TLSv1.3","4290","Application Data, Application Data, Application Data"
"1387","36.518897","securepubads.g.doubleclick.net","FioImma.local","TLSv1.3","1466","Application Data"
"1388","36.518897","securepubads.g.doubleclick.net","FioImma.local","TLSv1.3","14174","Application Data, Application Data, Application Data, Application Data, Application Data, Application Data, Application Data, Application Data, Application Data, Application Data"
"1389","36.518897","securepubads.g.doubleclick.net","FioImma.local","TLSv1.3","344","Application Data, Application Data"
"1390","36.518977","FioImma.local","securepubads.g.doubleclick.net","TCP","54","54814  >  443 [ACK] Seq=3420 Ack=192383 Win=131072 Len=0"
"1391","36.522763","FioImma.local","securepubads.g.doubleclick.net","TLSv1.3","93","Application Data"
"1392","36.525749","fonts.gstatic.com","FioImma.local","TCP","60","443  >  54822 [ACK] Seq=22789 Ack=2488 Win=74240 Len=0"
"1393","36.554161","mars.octa.edu","FioImma.local","DNS","277","Standard query response 0x4676 HTTPS ieeexplore.demdex.net CNAME gslb-2.demdex.net CNAME edge-ind1.demdex.net CNAME dcs-public-edge-ind1-566352572.ap-south-1.elb.amazonaws.com SOA ns-329.awsdns-41.com"
"1394","36.554161","securepubads.g.doubleclick.net","FioImma.local","TCP","54","443  >  54814 [ACK] Seq=192383 Ack=3459 Win=74240 Len=0"
"1395","36.554161","dcs-public-edge-ind1-566352572.ap-south-1.elb.amazonaws.com","FioImma.local","TCP","66","443  >  54825 [SYN, ACK] Seq=0 Ack=1 Win=26883 Len=0 MSS=1460 SACK_PERM WS=256"
"1396","36.554303","FioImma.local","dcs-public-edge-ind1-566352572.ap-south-1.elb.amazonaws.com","TCP","54","54825  >  443 [ACK] Seq=1 Ack=1 Win=131328 Len=0"
"1397","36.555571","FioImma.local","dcs-public-edge-ind1-566352572.ap-south-1.elb.amazonaws.com","TCP","1514","54825  >  443 [ACK] Seq=1 Ack=1 Win=131328 Len=1460 [TCP PDU reassembled in 1398]"
"1398","36.555571","FioImma.local","dcs-public-edge-ind1-566352572.ap-south-1.elb.amazonaws.com","TLSv1.3","541","Client Hello (SNI=ieeexplore.demdex.net)"
"1399","36.595134","mars.octa.edu","FioImma.local","DNS","166","Standard query response 0x3ba7 A cm.everesttech.net CNAME cm.everesttech.net.akadns.net A 18.138.137.62 A 175.41.151.66 A 52.76.161.178"
"1400","36.595134","dcs-public-edge-ind1-566352572.ap-south-1.elb.amazonaws.com","FioImma.local","TCP","60","443  >  54825 [ACK] Seq=1 Ack=1461 Win=45056 Len=0"
"1401","36.595134","dcs-public-edge-ind1-566352572.ap-south-1.elb.amazonaws.com","FioImma.local","TCP","60","443  >  54825 [ACK] Seq=1 Ack=1948 Win=47872 Len=0"
"1402","36.599348","dcs-public-edge-ind1-566352572.ap-south-1.elb.amazonaws.com","FioImma.local","TLSv1.3","4434","Server Hello, Change Cipher Spec, Application Data, Application Data"
"1403","36.599348","dcs-public-edge-ind1-566352572.ap-south-1.elb.amazonaws.com","FioImma.local","TLSv1.3","295","Application Data, Application Data"
"1404","36.599395","FioImma.local","dcs-public-edge-ind1-566352572.ap-south-1.elb.amazonaws.com","TCP","54","54825  >  443 [ACK] Seq=1948 Ack=4622 Win=131328 Len=0"
"1405","36.604038","FioImma.local","dcs-public-edge-ind1-566352572.ap-south-1.elb.amazonaws.com","TLSv1.3","118","Change Cipher Spec, Application Data"
"1406","36.604380","FioImma.local","dcs-public-edge-ind1-566352572.ap-south-1.elb.amazonaws.com","TLSv1.3","146","Application Data"
"1407","36.604599","FioImma.local","dcs-public-edge-ind1-566352572.ap-south-1.elb.amazonaws.com","TLSv1.3","646","Application Data"
"1408","36.615868","FioImma.local","cm.everesttech.net.akadns.net","TCP","66","54826  >  443 [SYN] Seq=0 Win=64240 Len=0 MSS=1460 WS=256 SACK_PERM"
"1409","36.626317","FioImma.local","ieee.hum.works","TCP","66","54827  >  443 [SYN] Seq=0 Win=64240 Len=0 MSS=1460 WS=256 SACK_PERM"
"1410","36.636040","ieee.hum.works","FioImma.local","TCP","66","443  >  54827 [SYN, ACK] Seq=0 Ack=1 Win=65535 Len=0 MSS=1412 SACK_PERM WS=256"
"1411","36.636125","FioImma.local","ieee.hum.works","TCP","54","54827  >  443 [ACK] Seq=1 Ack=1 Win=131072 Len=0"
"1412","36.636895","FioImma.local","ieee.hum.works","TCP","1466","54827  >  443 [ACK] Seq=1 Ack=1 Win=131072 Len=1412 [TCP PDU reassembled in 1413]"
"1413","36.636895","FioImma.local","ieee.hum.works","TLSv1.3","706","Client Hello (SNI=ieee.hum.works)"
"1414","36.641317","p1.parsely.com","FioImma.local","TLSv1.2","312","Application Data"
"1415","36.641317","dcs-public-edge-ind1-566352572.ap-south-1.elb.amazonaws.com","FioImma.local","TCP","60","443  >  54825 [ACK] Seq=4622 Ack=2012 Win=47872 Len=0"
"1416","36.641317","dcs-public-edge-ind1-566352572.ap-south-1.elb.amazonaws.com","FioImma.local","TLSv1.3","200","Application Data"
"1417","36.641317","dcs-public-edge-ind1-566352572.ap-south-1.elb.amazonaws.com","FioImma.local","TLSv1.3","116","Application Data"
"1418","36.641317","dcs-public-edge-ind1-566352572.ap-south-1.elb.amazonaws.com","FioImma.local","TLSv1.3","85","Application Data"
"1419","36.641380","FioImma.local","dcs-public-edge-ind1-566352572.ap-south-1.elb.amazonaws.com","TCP","54","54825  >  443 [ACK] Seq=2696 Ack=4861 Win=131072 Len=0"
"1420","36.641619","FioImma.local","dcs-public-edge-ind1-566352572.ap-south-1.elb.amazonaws.com","TLSv1.3","85","Application Data"
"1421","36.643545","dcs-public-edge-ind1-566352572.ap-south-1.elb.amazonaws.com","FioImma.local","TCP","2974","443  >  54825 [ACK] Seq=4861 Ack=2696 Win=50688 Len=2920 [TCP PDU reassembled in 1422]"
"1422","36.643545","dcs-public-edge-ind1-566352572.ap-south-1.elb.amazonaws.com","FioImma.local","TLSv1.3","390","Application Data"
"1423","36.643545","dcs-public-edge-ind1-566352572.ap-south-1.elb.amazonaws.com","FioImma.local","TLSv1.3","95","Application Data"
"1424","36.643545","dcs-public-edge-ind1-566352572.ap-south-1.elb.amazonaws.com","FioImma.local","TLSv1.3","85","Application Data"
"1425","36.643586","FioImma.local","dcs-public-edge-ind1-566352572.ap-south-1.elb.amazonaws.com","TCP","54","54825  >  443 [ACK] Seq=2727 Ack=8189 Win=131328 Len=0"
"1426","36.645209","FioImma.local","www.gstatic.com","TLSv1.3","1005","Application Data"
"1427","36.646803","ieee.hum.works","FioImma.local","TCP","60","443  >  54827 [ACK] Seq=1 Ack=1413 Win=68608 Len=0"
"1428","36.646803","ieee.hum.works","FioImma.local","TCP","60","443  >  54827 [ACK] Seq=1 Ack=2065 Win=71424 Len=0"
"1429","36.646803","mars.octa.edu","FioImma.local","DNS","118","Standard query response 0x076a HTTPS cm.everesttech.net CNAME cm.everesttech.net.akadns.net"
"1430","36.654055","www.gstatic.com","FioImma.local","TCP","60","443  >  54816 [ACK] Seq=180329 Ack=4576 Win=79872 Len=0"
"1431","36.654055","www.gstatic.com","FioImma.local","TLSv1.3","138","Application Data"
"1432","36.654055","www.gstatic.com","FioImma.local","TLSv1.3","7114","Application Data, Application Data, Application Data, Application Data, Application Data"
"1433","36.654055","www.gstatic.com","FioImma.local","TLSv1.3","462","Application Data"
"1434","36.654055","www.gstatic.com","FioImma.local","TLSv1.3","93","Application Data"
"1435","36.654152","FioImma.local","www.gstatic.com","TCP","54","54816  >  443 [ACK] Seq=4576 Ack=187920 Win=131072 Len=0"
"1436","36.654756","FioImma.local","www.gstatic.com","TLSv1.3","93","Application Data"
"1437","36.664622","cm.everesttech.net.akadns.net","FioImma.local","TCP","66","443  >  54826 [SYN, ACK] Seq=0 Ack=1 Win=26883 Len=0 MSS=1460 SACK_PERM WS=256"
"1438","36.664694","FioImma.local","cm.everesttech.net.akadns.net","TCP","54","54826  >  443 [ACK] Seq=1 Ack=1 Win=131328 Len=0"
"1439","36.665513","FioImma.local","cm.everesttech.net.akadns.net","TCP","1514","54826  >  443 [ACK] Seq=1 Ack=1 Win=131328 Len=1460 [TCP PDU reassembled in 1440]"
"1440","36.665513","FioImma.local","cm.everesttech.net.akadns.net","TLSv1.2","354","Client Hello (SNI=cm.everesttech.net)"
"1441","36.668961","www.gstatic.com","FioImma.local","TCP","60","443  >  54816 [ACK] Seq=187920 Ack=4615 Win=79872 Len=0"
"1442","36.680961","ieee.hum.works","FioImma.local","TLSv1.3","266","Server Hello, Change Cipher Spec, Application Data"
"1443","36.681530","FioImma.local","ieee.hum.works","TLSv1.3","118","Change Cipher Spec, Application Data"
"1444","36.681707","FioImma.local","ieee.hum.works","TLSv1.3","146","Application Data"
"1445","36.681942","FioImma.local","ieee.hum.works","TLSv1.3","474","Application Data"
"1446","36.691341","ieee.hum.works","FioImma.local","TLSv1.3","640","Application Data, Application Data"
"1447","36.691341","ieee.hum.works","FioImma.local","TLSv1.3","85","Application Data"
"1448","36.691400","FioImma.local","ieee.hum.works","TCP","54","54827  >  443 [ACK] Seq=2641 Ack=830 Win=130304 Len=0"
"1449","36.691603","FioImma.local","ieee.hum.works","TLSv1.3","85","Application Data"
"1450","36.692897","FioImma.local","p1.parsely.com","TCP","54","54819  >  443 [ACK] Seq=3111 Ack=3450 Win=130816 Len=0"
"1451","36.694479","waws-prod-blu-171.eastus.cloudapp.azure.com","FioImma.local","TCP","66","443  >  54824 [SYN, ACK] Seq=0 Ack=1 Win=65535 Len=0 MSS=1440 WS=256 SACK_PERM"
"1452","36.694549","FioImma.local","waws-prod-blu-171.eastus.cloudapp.azure.com","TCP","54","54824  >  443 [ACK] Seq=1 Ack=1 Win=132352 Len=0"
"1453","36.695352","FioImma.local","waws-prod-blu-171.eastus.cloudapp.azure.com","TCP","1494","54824  >  443 [ACK] Seq=1 Ack=1 Win=132352 Len=1440 [TCP PDU reassembled in 1454]"
"1454","36.695352","FioImma.local","waws-prod-blu-171.eastus.cloudapp.azure.com","TLSv1.3","437","Client Hello (SNI=play.cadmore.media)"
"1455","36.705098","ieee.hum.works","FioImma.local","TCP","60","443  >  54827 [ACK] Seq=830 Ack=2672 Win=74240 Len=0"
"1456","36.714151","FioImma.local","mars.octa.edu","DNS","90","Standard query 0x4472 A securepubads.g.doubleclick.net"
"1457","36.714347","FioImma.local","mars.octa.edu","DNS","90","Standard query 0xc9d2 HTTPS securepubads.g.doubleclick.net"
"1458","36.714480","cm.everesttech.net.akadns.net","FioImma.local","TCP","60","443  >  54826 [ACK] Seq=1 Ack=1461 Win=45056 Len=0"
"1459","36.714480","cm.everesttech.net.akadns.net","FioImma.local","TCP","60","443  >  54826 [ACK] Seq=1 Ack=1761 Win=47872 Len=0"
"1460","36.714480","cm.everesttech.net.akadns.net","FioImma.local","TLSv1.2","4434","Server Hello"
"1461","36.714480","cm.everesttech.net.akadns.net","FioImma.local","TLSv1.2","1149","Certificate, Server Key Exchange, Server Hello Done"
"1462","36.714531","FioImma.local","cm.everesttech.net.akadns.net","TCP","54","54826  >  443 [ACK] Seq=1761 Ack=5476 Win=131328 Len=0"
"1463","36.717963","scholar.l.google.com","FioImma.local","TLSv1.3","405","Application Data"
"1464","36.718993","FioImma.local","cm.everesttech.net.akadns.net","TLSv1.2","180","Client Key Exchange, Change Cipher Spec, Encrypted Handshake Message"
"1465","36.719784","scholar.l.google.com","FioImma.local","TLSv1.3","303","Application Data"
"1466","36.719784","scholar.l.google.com","FioImma.local","TLSv1.3","85","Application Data"
"1467","36.719784","mars.octa.edu","FioImma.local","DNS","106","Standard query response 0x4472 A securepubads.g.doubleclick.net A 142.250.196.34"
"1468","36.719784","mars.octa.edu","FioImma.local","DNS","115","Standard query response 0xc9d2 HTTPS securepubads.g.doubleclick.net HTTPS"
"1469","36.719784","d34ow7epij5zhk.cloudfront.net","FioImma.local","TCP","7254","443  >  54808 [ACK] Seq=11058 Ack=91425 Win=294400 Len=7200 [TCP PDU reassembled in 1471]"
"1470","36.719784","scholar.l.google.com","FioImma.local","TLSv1.3","93","Application Data"
"1471","36.719784","d34ow7epij5zhk.cloudfront.net","FioImma.local","TLSv1.3","206","Application Data"
"1472","36.719784","d34ow7epij5zhk.cloudfront.net","FioImma.local","TLSv1.3","85","Application Data"
"1473","36.719831","FioImma.local","scholar.l.google.com","TCP","54","54813  >  443 [ACK] Seq=3789 Ack=6981 Win=130560 Len=0"
"1474","36.719913","FioImma.local","d34ow7epij5zhk.cloudfront.net","TCP","54","54808  >  443 [ACK] Seq=91425 Ack=18441 Win=132352 Len=0"
"1475","36.719926","FioImma.local","scholar.l.google.com","TCP","54","54813  >  443 [ACK] Seq=3789 Ack=7020 Win=130560 Len=0"
"1476","36.720426","FioImma.local","securepubads.g.doubleclick.net","TCP","66","54828  >  443 [SYN] Seq=0 Win=64240 Len=0 MSS=1460 WS=256 SACK_PERM"
"1477","36.720802","FioImma.local","scholar.l.google.com","TLSv1.3","93","Application Data"
"1478","36.722691","FioImma.local","scholar.l.google.com","QUIC","1292","Initial, DCID=d9e28ad9360d0508, PKN: 4, CRYPTO"
"1479","36.727435","securepubads.g.doubleclick.net","FioImma.local","TCP","66","443  >  54828 [SYN, ACK] Seq=0 Ack=1 Win=65535 Len=0 MSS=1412 SACK_PERM WS=256"
"1480","36.727520","FioImma.local","securepubads.g.doubleclick.net","TCP","54","54828  >  443 [ACK] Seq=1 Ack=1 Win=131072 Len=0"
"1481","36.728818","FioImma.local","securepubads.g.doubleclick.net","TCP","1466","54828  >  443 [ACK] Seq=1 Ack=1 Win=131072 Len=1412 [TCP PDU reassembled in 1482]"
"1482","36.728818","FioImma.local","securepubads.g.doubleclick.net","TLSv1.3","852","Client Hello (SNI=securepubads.g.doubleclick.net)"
"1483","36.733879","scholar.l.google.com","FioImma.local","TCP","60","443  >  54813 [ACK] Seq=7020 Ack=3828 Win=77056 Len=0"
"1484","36.733879","dcs-public-edge-ind1-566352572.ap-south-1.elb.amazonaws.com","FioImma.local","TCP","60","443  >  54825 [ACK] Seq=8189 Ack=2727 Win=50688 Len=0"
"1485","36.739406","securepubads.g.doubleclick.net","FioImma.local","TCP","60","443  >  54828 [ACK] Seq=1 Ack=1413 Win=68608 Len=0"
"1486","36.739406","securepubads.g.doubleclick.net","FioImma.local","TCP","60","443  >  54828 [ACK] Seq=1 Ack=2211 Win=71424 Len=0"
"1487","36.755907","FioImma.local","www.gstatic.com","TLSv1.3","1011","Application Data"
"1488","36.768022","cm.everesttech.net.akadns.net","FioImma.local","TCP","60","443  >  54826 [ACK] Seq=5476 Ack=1887 Win=47872 Len=0"
"1489","36.768022","cm.everesttech.net.akadns.net","FioImma.local","TLSv1.2","225","New Session Ticket, Change Cipher Spec, Encrypted Handshake Message"
"1490","36.768022","www.gstatic.com","FioImma.local","TCP","60","443  >  54816 [ACK] Seq=187920 Ack=5572 Win=82688 Len=0"
"1491","36.768022","www.gstatic.com","FioImma.local","TLSv1.3","132","Application Data"
"1492","36.768022","www.gstatic.com","FioImma.local","TLSv1.3","844","Application Data"
"1493","36.768022","www.gstatic.com","FioImma.local","TLSv1.3","93","Application Data"
"1494","36.768133","FioImma.local","www.gstatic.com","TCP","54","54816  >  443 [ACK] Seq=5572 Ack=188827 Win=130304 Len=0"
"1495","36.769154","FioImma.local","securepubads.g.doubleclick.net","TCP","1466","54814  >  443 [ACK] Seq=3459 Ack=192383 Win=131072 Len=1412 [TCP PDU reassembled in 1497]"
"1496","36.769154","FioImma.local","securepubads.g.doubleclick.net","TCP","1466","54814  >  443 [ACK] Seq=4871 Ack=192383 Win=131072 Len=1412 [TCP PDU reassembled in 1497]"
"1497","36.769154","FioImma.local","securepubads.g.doubleclick.net","TLSv1.3","925","Application Data"
"1498","36.769284","FioImma.local","www.gstatic.com","TLSv1.3","93","Application Data"
"1499","36.769968","FioImma.local","mars.octa.edu","DNS","124","Standard query 0xb317 A 13e900bd7bd3a281fae0a72f0082b49d.safeframe.googlesyndication.com"
"1500","36.770214","FioImma.local","mars.octa.edu","DNS","124","Standard query 0xeb02 HTTPS 13e900bd7bd3a281fae0a72f0082b49d.safeframe.googlesyndication.com"
"1501","36.770664","FioImma.local","cm.everesttech.net.akadns.net","TLSv1.2","801","Application Data"
"1502","36.771516","FioImma.local","securepubads.g.doubleclick.net","TCP","1466","54814  >  443 [ACK] Seq=7154 Ack=192383 Win=131072 Len=1412 [TCP PDU reassembled in 1504]"
"1503","36.771516","FioImma.local","securepubads.g.doubleclick.net","TCP","1466","54814  >  443 [ACK] Seq=8566 Ack=192383 Win=131072 Len=1412 [TCP PDU reassembled in 1504]"
"1504","36.771516","FioImma.local","securepubads.g.doubleclick.net","TLSv1.3","814","Application Data"
"1505","36.772840","securepubads.g.doubleclick.net","FioImma.local","TLSv1.3","1466","Server Hello, Change Cipher Spec"
"1506","36.772840","securepubads.g.doubleclick.net","FioImma.local","TLSv1.3","121","Application Data"
"1507","36.772914","FioImma.local","securepubads.g.doubleclick.net","TCP","54","54828  >  443 [ACK] Seq=2211 Ack=1480 Win=131072 Len=0"
"1508","36.773706","FioImma.local","securepubads.g.doubleclick.net","TLSv1.3","128","Change Cipher Spec, Application Data"
"1509","36.774248","FioImma.local","securepubads.g.doubleclick.net","TLSv1.3","146","Application Data"
"1510","36.774986","FioImma.local","mars.octa.edu","DNS","81","Standard query 0xbc7b A threat.api.mcafee.com"
"1511","36.775220","FioImma.local","mars.octa.edu","DNS","81","Standard query 0x8606 HTTPS threat.api.mcafee.com"
"1512","36.775373","FioImma.local","securepubads.g.doubleclick.net","TLSv1.3","1085","Application Data"
"1513","36.779498","securepubads.g.doubleclick.net","FioImma.local","TCP","54","443  >  54814 [ACK] Seq=192383 Ack=4871 Win=77056 Len=0"
"1514","36.779498","securepubads.g.doubleclick.net","FioImma.local","TCP","54","443  >  54814 [ACK] Seq=192383 Ack=6283 Win=79872 Len=0"
"1515","36.779498","securepubads.g.doubleclick.net","FioImma.local","TCP","54","443  >  54814 [ACK] Seq=192383 Ack=7154 Win=82688 Len=0"
"1516","36.779498","mars.octa.edu","FioImma.local","DNS","148","Standard query response 0xbc7b A threat.api.mcafee.com CNAME threat.api.mcafee.net A 3.6.211.252 A 13.126.70.76"
"1517","36.779498","mars.octa.edu","FioImma.local","DNS","198","Standard query response 0x8606 HTTPS threat.api.mcafee.com CNAME threat.api.mcafee.net SOA ns-1119.awsdns-11.org"
"1518","36.779498","securepubads.g.doubleclick.net","FioImma.local","TCP","54","443  >  54814 [ACK] Seq=192383 Ack=8566 Win=85504 Len=0"
"1519","36.779498","securepubads.g.doubleclick.net","FioImma.local","TCP","54","443  >  54814 [ACK] Seq=192383 Ack=9978 Win=88320 Len=0"
"1520","36.780283","FioImma.local","www.gstatic.com","QUIC","1292","Initial, DCID=0a30a9834688ad4a, PKN: 6, PADDING, CRYPTO, PADDING, PING, CRYPTO, CRYPTO, PING, PING, CRYPTO, CRYPTO, PING, PING, PADDING, PING, PADDING, PING, PING, CRYPTO, PING, PADDING"
"1521","36.780897","FioImma.local","threat.api.mcafee.net","TCP","66","54829  >  443 [SYN] Seq=0 Win=64240 Len=0 MSS=1460 WS=256 SACK_PERM"
"1522","36.782069","securepubads.g.doubleclick.net","FioImma.local","TCP","54","443  >  54814 [ACK] Seq=192383 Ack=10738 Win=91136 Len=0"
"1523","36.782069","securepubads.g.doubleclick.net","FioImma.local","TLSv1.3","1044","Application Data, Application Data"
"1524","36.782069","www.gstatic.com","FioImma.local","TCP","60","443  >  54816 [ACK] Seq=188827 Ack=5611 Win=82688 Len=0"
"1525","36.782358","FioImma.local","securepubads.g.doubleclick.net","TLSv1.3","85","Application Data"
"1526","36.788736","securepubads.g.doubleclick.net","FioImma.local","TCP","60","443  >  54828 [ACK] Seq=2470 Ack=3408 Win=74240 Len=0"
"1527","36.788736","securepubads.g.doubleclick.net","FioImma.local","TLSv1.3","287","Application Data"
"1528","36.788769","FioImma.local","fonts.gstatic.com","QUIC","1292","Initial, DCID=8d45708570ae88d5, PKN: 6, PING, PING, CRYPTO, PING, PING, CRYPTO, PADDING, CRYPTO, PADDING, CRYPTO, PADDING, CRYPTO, PING, PING, CRYPTO, CRYPTO, PADDING, PING, PADDING, CRYPTO, PING, PING, PADDING"
"1529","36.789337","FioImma.local","securepubads.g.doubleclick.net","TLSv1.3","93","Application Data"
"1530","36.789581","FioImma.local","www.gstatic.com","TLSv1.3","1033","Application Data"
"1531","36.794375","securepubads.g.doubleclick.net","FioImma.local","TCP","60","443  >  54828 [ACK] Seq=2703 Ack=3439 Win=74240 Len=0"
"1532","36.800592","securepubads.g.doubleclick.net","FioImma.local","TCP","60","443  >  54828 [ACK] Seq=2703 Ack=3478 Win=74240 Len=0"
"1533","36.800592","www.gstatic.com","FioImma.local","TCP","60","443  >  54816 [ACK] Seq=188827 Ack=6590 Win=85504 Len=0"
"1534","36.801108","www.gstatic.com","FioImma.local","TLSv1.3","132","Application Data"
"1535","36.801108","www.gstatic.com","FioImma.local","TLSv1.3","1466","Application Data"
"1536","36.801108","www.gstatic.com","FioImma.local","TLSv1.3","354","Application Data"
"1537","36.801108","www.gstatic.com","FioImma.local","TLSv1.3","93","Application Data"
"1538","36.801189","FioImma.local","www.gstatic.com","TCP","54","54816  >  443 [ACK] Seq=6590 Ack=190656 Win=131072 Len=0"
"1539","36.803760","FioImma.local","www.gstatic.com","TLSv1.3","93","Application Data"
"1540","36.817863","www.gstatic.com","FioImma.local","TCP","60","443  >  54816 [ACK] Seq=190656 Ack=6629 Win=85504 Len=0"
"1541","36.820023","cm.everesttech.net.akadns.net","FioImma.local","TLSv1.2","512","Application Data"
"1542","36.820796","FioImma.local","googlehosted.l.googleusercontent.com","QUIC","1292","Initial, DCID=2c7ffd09f9d824ff, PKN: 6, CRYPTO, PADDING, CRYPTO, CRYPTO, CRYPTO, PADDING, CRYPTO, CRYPTO, PADDING, CRYPTO, CRYPTO, CRYPTO, PADDING"
"1543","36.823737","FioImma.local","d34ow7epij5zhk.cloudfront.net","TCP","1494","54808  >  443 [ACK] Seq=91425 Ack=18441 Win=132352 Len=1440 [TCP PDU reassembled in 1544]"
"1544","36.823737","FioImma.local","d34ow7epij5zhk.cloudfront.net","TLSv1.3","1321","Application Data"
"1545","36.824461","FioImma.local","d34ow7epij5zhk.cloudfront.net","TCP","1494","54808  >  443 [ACK] Seq=94132 Ack=18441 Win=132352 Len=1440 [TCP PDU reassembled in 1546]"
"1546","36.824461","FioImma.local","d34ow7epij5zhk.cloudfront.net","TLSv1.3","1464","Application Data"
"1547","36.826197","threat.api.mcafee.net","FioImma.local","TCP","66","443  >  54829 [SYN, ACK] Seq=0 Ack=1 Win=26883 Len=0 MSS=1460 SACK_PERM WS=4096"
"1548","36.826369","FioImma.local","threat.api.mcafee.net","TCP","54","54829  >  443 [ACK] Seq=1 Ack=1 Win=131328 Len=0"
"1549","36.827512","FioImma.local","threat.api.mcafee.net","TCP","1514","54829  >  443 [ACK] Seq=1 Ack=1 Win=131328 Len=1460 [TCP PDU reassembled in 1550]"
"1550","36.827512","FioImma.local","threat.api.mcafee.net","TLSv1.3","421","Client Hello (SNI=threat.api.mcafee.com)"
"1551","36.828564","FioImma.local","dcs-public-edge-ind1-566352572.ap-south-1.elb.amazonaws.com","TLSv1.3","238","Application Data"
"1552","36.836244","d34ow7epij5zhk.cloudfront.net","FioImma.local","TCP","60","443  >  54808 [ACK] Seq=18441 Ack=94132 Win=300032 Len=0"
"1553","36.836244","d34ow7epij5zhk.cloudfront.net","FioImma.local","TCP","60","443  >  54808 [ACK] Seq=18441 Ack=96982 Win=306176 Len=0"
"1554","36.836244","d34ow7epij5zhk.cloudfront.net","FioImma.local","TLSv1.3","448","Application Data"
"1555","36.837150","d34ow7epij5zhk.cloudfront.net","FioImma.local","TLSv1.3","448","Application Data"
"1556","36.837191","FioImma.local","d34ow7epij5zhk.cloudfront.net","TCP","54","54808  >  443 [ACK] Seq=96982 Ack=19229 Win=131584 Len=0"
"1557","36.841714","FioImma.local","mars.octa.edu","DNS","143","Standard query 0xe0b3 PTR 2.f.0.0.4.a.e.f.f.f.3.e.e.b.8.5.0.0.0.0.0.0.0.0.0.0.0.0.0.8.e.f.ip6.arpa OPT"
"1558","36.842096","FioImma.local","mars.octa.edu","DNS","143","Standard query 0x556b PTR 2.0.0.0.0.0.0.0.0.0.0.0.0.0.0.0.0.0.0.0.0.0.0.0.0.0.0.0.2.0.f.f.ip6.arpa OPT"
"1559","36.846409","d2gt2ux04o03l1.cloudfront.net","FioImma.local","TLSv1.3","605","Application Data"
"1560","36.849996","FioImma.local","dzfq4ouujrxm8.cloudfront.net","TLSv1.3","157","Application Data"
"1561","36.861291","dzfq4ouujrxm8.cloudfront.net","FioImma.local","TCP","60","443  >  54815 [ACK] Seq=6603 Ack=2644 Win=74240 Len=0"
"1562","36.861291","dzfq4ouujrxm8.cloudfront.net","FioImma.local","TLSv1.3","508","Application Data"
"1563","36.861411","FioImma.local","d2gt2ux04o03l1.cloudfront.net","TLSv1.3","334","Application Data"
"1564","36.870609","FioImma.local","securepubads.g.doubleclick.net","TLSv1.3","190","Application Data"
"1565","36.872445","mars.octa.edu","FioImma.local","DNS","183","Standard query response 0xb317 A 13e900bd7bd3a281fae0a72f0082b49d.safeframe.googlesyndication.com CNAME pagead-googlehosted.l.google.com A 142.250.195.65"
"1566","36.872445","dcs-public-edge-ind1-566352572.ap-south-1.elb.amazonaws.com","FioImma.local","TCP","60","443  >  54821 [ACK] Seq=5826 Ack=3023 Win=68608 Len=0"
"1567","36.872445","mars.octa.edu","FioImma.local","DNS","207","Standard query response 0xe0b3 No such name PTR 2.f.0.0.4.a.e.f.f.f.3.e.e.b.8.5.0.0.0.0.0.0.0.0.0.0.0.0.0.8.e.f.ip6.arpa SOA b.ip6-servers.arpa OPT"
"1568","36.872445","dcs-public-edge-ind1-566352572.ap-south-1.elb.amazonaws.com","FioImma.local","TLSv1.3","690","Application Data"
"1569","36.872445","threat.api.mcafee.net","FioImma.local","TCP","60","443  >  54829 [ACK] Seq=1 Ack=1461 Win=45056 Len=0"
"1570","36.872445","threat.api.mcafee.net","FioImma.local","TCP","60","443  >  54829 [ACK] Seq=1 Ack=1828 Win=49152 Len=0"
"1571","36.872445","threat.api.mcafee.net","FioImma.local","TLSv1.3","181","Server Hello"
"1572","36.872445","threat.api.mcafee.net","FioImma.local","TLSv1.3","60","Change Cipher Spec"
"1573","36.872445","threat.api.mcafee.net","FioImma.local","TLSv1.3","86","Application Data"
"1574","36.872445","threat.api.mcafee.net","FioImma.local","TCP","5894","443  >  54829 [ACK] Seq=166 Ack=1828 Win=49152 Len=5840 [TCP PDU reassembled in 1575]"
"1575","36.872445","threat.api.mcafee.net","FioImma.local","TLSv1.3","258","Application Data"
"1576","36.872445","threat.api.mcafee.net","FioImma.local","TLSv1.3","340","Application Data"
"1577","36.872445","threat.api.mcafee.net","FioImma.local","TLSv1.3","112","Application Data"
"1578","36.872687","FioImma.local","threat.api.mcafee.net","TCP","54","54829  >  443 [ACK] Seq=1828 Ack=6554 Win=131328 Len=0"
"1579","36.873586","FioImma.local","cm.everesttech.net.akadns.net","TCP","54","54826  >  443 [ACK] Seq=2634 Ack=6105 Win=130560 Len=0"
"1580","36.874743","mars.octa.edu","FioImma.local","DNS","207","Standard query response 0x556b No such name PTR 2.0.0.0.0.0.0.0.0.0.0.0.0.0.0.0.0.0.0.0.0.0.0.0.0.0.0.0.2.0.f.f.ip6.arpa SOA b.ip6-servers.arpa OPT"
"1581","36.874743","d2gt2ux04o03l1.cloudfront.net","FioImma.local","TLSv1.3","709","Application Data"
"1582","36.880260","FioImma.local","threat.api.mcafee.net","TLSv1.3","118","Change Cipher Spec, Application Data"
"1583","36.880739","FioImma.local","threat.api.mcafee.net","TCP","1514","54829  >  443 [ACK] Seq=1892 Ack=6554 Win=131328 Len=1460 [TCP PDU reassembled in 1584]"
"1584","36.880739","FioImma.local","threat.api.mcafee.net","TLSv1.3","150","Application Data[Illegal Segments]"
"1585","36.882436","securepubads.g.doubleclick.net","FioImma.local","TLSv1.3","432","Application Data"
"1586","36.882436","securepubads.g.doubleclick.net","FioImma.local","TLSv1.3","5702","Application Data, Application Data, Application Data, Application Data"
"1587","36.882436","securepubads.g.doubleclick.net","FioImma.local","TCP","60","443  >  54828 [ACK] Seq=2703 Ack=3614 Win=77056 Len=0"
"1588","36.882436","securepubads.g.doubleclick.net","FioImma.local","TLSv1.3","8526","Application Data, Application Data, Application Data, Application Data, Application Data, Application Data"
"1589","36.882436","securepubads.g.doubleclick.net","FioImma.local","TLSv1.3","1028","Application Data"
"1590","36.882436","securepubads.g.doubleclick.net","FioImma.local","TLSv1.3","4290","Application Data, Application Data, Application Data"
"1591","36.882436","securepubads.g.doubleclick.net","FioImma.local","TLSv1.3","1114","Application Data"
"1592","36.882436","securepubads.g.doubleclick.net","FioImma.local","TLSv1.3","192","Application Data"
"1593","36.882436","securepubads.g.doubleclick.net","FioImma.local","TLSv1.3","85","Application Data"
"1594","36.882436","securepubads.g.doubleclick.net","FioImma.local","TLSv1.3","93","Application Data"
"1595","36.882561","FioImma.local","securepubads.g.doubleclick.net","TCP","54","54814  >  443 [ACK] Seq=10738 Ack=213221 Win=131072 Len=0"
"1596","36.883135","FioImma.local","securepubads.g.doubleclick.net","TLSv1.3","93","Application Data"
"1597","36.883246","FioImma.local","securepubads.g.doubleclick.net","TLSv1.3","93","Application Data"
"1598","36.890069","securepubads.g.doubleclick.net","FioImma.local","TLSv1.3","245","Application Data"
"1599","36.890069","securepubads.g.doubleclick.net","FioImma.local","TLSv1.3","14174","Application Data, Application Data, Application Data, Application Data, Application Data, Application Data, Application Data, Application Data, Application Data, Application Data"
"1600","36.890069","securepubads.g.doubleclick.net","FioImma.local","TLSv1.3","1027","Application Data"
"1601","36.890069","securepubads.g.doubleclick.net","FioImma.local","TLSv1.3","4290","Application Data, Application Data, Application Data"
"1602","36.890069","securepubads.g.doubleclick.net","FioImma.local","TLSv1.3","613","Application Data"
"1603","36.890069","securepubads.g.doubleclick.net","FioImma.local","TLSv1.3","85","Application Data"
"1604","36.890069","securepubads.g.doubleclick.net","FioImma.local","TCP","54","443  >  54814 [ACK] Seq=233331 Ack=10777 Win=91136 Len=0"
"1605","36.890201","FioImma.local","securepubads.g.doubleclick.net","TCP","54","54814  >  443 [ACK] Seq=10777 Ack=233331 Win=131072 Len=0"
"1606","36.894461","FioImma.local","pagead-googlehosted.l.google.com","TCP","66","54830  >  443 [SYN] Seq=0 Win=64240 Len=0 MSS=1460 WS=256 SACK_PERM"
"1607","36.895828","securepubads.g.doubleclick.net","FioImma.local","TCP","60","443  >  54828 [ACK] Seq=2841 Ack=3653 Win=77056 Len=0"
"1608","36.903564","pagead-googlehosted.l.google.com","FioImma.local","TCP","66","443  >  54830 [SYN, ACK] Seq=0 Ack=1 Win=65535 Len=0 MSS=1412 SACK_PERM WS=256"
"1609","36.903672","FioImma.local","pagead-googlehosted.l.google.com","TCP","54","54830  >  443 [ACK] Seq=1 Ack=1 Win=131072 Len=0"
"1610","36.904729","FioImma.local","pagead-googlehosted.l.google.com","TCP","1466","54830  >  443 [ACK] Seq=1 Ack=1 Win=131072 Len=1412 [TCP PDU reassembled in 1611]"
"1611","36.904729","FioImma.local","pagead-googlehosted.l.google.com","TLSv1.3","448","Client Hello (SNI=13e900bd7bd3a281fae0a72f0082b49d.safeframe.googlesyndication.com)"
"1612","36.905546","FioImma.local","dzfq4ouujrxm8.cloudfront.net","TCP","54","54815  >  443 [ACK] Seq=2644 Ack=7057 Win=131072 Len=0"
"1613","36.905847","d34ow7epij5zhk.cloudfront.net","FioImma.local","TCP","5814","443  >  54808 [ACK] Seq=19229 Ack=96982 Win=306176 Len=5760 [TCP PDU reassembled in 1614]"
"1614","36.905847","d34ow7epij5zhk.cloudfront.net","FioImma.local","TLSv1.3","875","Application Data"
"1615","36.905899","FioImma.local","d34ow7epij5zhk.cloudfront.net","TCP","54","54808  >  443 [ACK] Seq=96982 Ack=25810 Win=132352 Len=0"
"1616","36.905929","d34ow7epij5zhk.cloudfront.net","FioImma.local","TLSv1.3","85","Application Data"
"1617","36.905935","FioImma.local","d34ow7epij5zhk.cloudfront.net","TCP","54","54808  >  443 [ACK] Seq=96982 Ack=25841 Win=132352 Len=0"
"1618","36.908039","FioImma.local","mars.octa.edu","DNS","89","Standard query 0x38ab A pagead2.googlesyndication.com"
"1619","36.908189","FioImma.local","mars.octa.edu","DNS","89","Standard query 0x39f6 HTTPS pagead2.googlesyndication.com"
"1620","36.913551","FioImma.local","dcs-public-edge-ind1-566352572.ap-south-1.elb.amazonaws.com","TCP","54","54821  >  443 [ACK] Seq=3023 Ack=6462 Win=131328 Len=0"
"1621","36.921747","FioImma.local","d2gt2ux04o03l1.cloudfront.net","TCP","54","54820  >  443 [ACK] Seq=2851 Ack=1658 Win=132352 Len=0"
"1622","36.930105","mars.octa.edu","FioImma.local","DNS","105","Standard query response 0x38ab A pagead2.googlesyndication.com A 142.250.76.66"
"1623","36.930105","mars.octa.edu","FioImma.local","DNS","114","Standard query response 0x39f6 HTTPS pagead2.googlesyndication.com HTTPS"
"1624","36.930105","pagead-googlehosted.l.google.com","FioImma.local","TCP","60","443  >  54830 [ACK] Seq=1 Ack=1413 Win=68608 Len=0"
"1625","36.930105","pagead-googlehosted.l.google.com","FioImma.local","TCP","60","443  >  54830 [ACK] Seq=1 Ack=1807 Win=71424 Len=0"
"1626","36.930105","waws-prod-blu-171.eastus.cloudapp.azure.com","FioImma.local","TCP","60","443  >  54824 [ACK] Seq=1 Ack=1824 Win=524288 Len=0"
"1627","36.930105","mars.octa.edu","FioImma.local","DNS","217","Standard query response 0xeb02 HTTPS 13e900bd7bd3a281fae0a72f0082b49d.safeframe.googlesyndication.com CNAME pagead-googlehosted.l.google.com SOA ns1.google.com"
"1628","36.930105","waws-prod-blu-171.eastus.cloudapp.azure.com","FioImma.local","TLSv1.3","153","Hello Retry Request, Change Cipher Spec"
"1629","36.930105","threat.api.mcafee.net","FioImma.local","TCP","60","443  >  54829 [ACK] Seq=6554 Ack=1892 Win=49152 Len=0"
"1630","36.930105","threat.api.mcafee.net","FioImma.local","TCP","60","443  >  54829 [ACK] Seq=6554 Ack=3352 Win=53248 Len=0"
"1631","36.930105","threat.api.mcafee.net","FioImma.local","TCP","60","443  >  54829 [ACK] Seq=6554 Ack=3448 Win=53248 Len=0"
"1632","36.930105","d34ow7epij5zhk.cloudfront.net","FioImma.local","TCP","7254","443  >  54808 [ACK] Seq=25841 Ack=96982 Win=306176 Len=7200 [TCP PDU reassembled in 1634]"
"1633","36.930205","FioImma.local","pagead-googlehosted.l.google.com","TCP","1466","[TCP Spurious Retransmission] 54830  >  443 [PSH, ACK] Seq=395 Ack=1 Win=131072 Len=1412 [TCP PDU reassembled in 1611]"
"1634","36.930105","d34ow7epij5zhk.cloudfront.net","FioImma.local","TLSv1.3","752","Application Data"
"1635","36.930880","FioImma.local","d34ow7epij5zhk.cloudfront.net","TCP","54","54808  >  443 [ACK] Seq=96982 Ack=33739 Win=132352 Len=0"
"1636","36.931570","d34ow7epij5zhk.cloudfront.net","FioImma.local","TCP","14454","443  >  54808 [PSH, ACK] Seq=33739 Ack=96982 Win=306176 Len=14400 [TCP PDU reassembled in 1640]"
"1637","36.931570","threat.api.mcafee.net","FioImma.local","TLSv1.3","347","Application Data"
"1638","36.931697","FioImma.local","d34ow7epij5zhk.cloudfront.net","TCP","54","54808  >  443 [ACK] Seq=96982 Ack=48139 Win=132352 Len=0"
"1639","36.933552","d34ow7epij5zhk.cloudfront.net","FioImma.local","TCP","1494","443  >  54808 [ACK] Seq=48139 Ack=96982 Win=306176 Len=1440 [TCP PDU reassembled in 1640]"
"1640","36.933552","d34ow7epij5zhk.cloudfront.net","FioImma.local","TLSv1.3","620","Application Data"
"1641","36.933552","d34ow7epij5zhk.cloudfront.net","FioImma.local","TLSv1.3","10134","Application Data"
"1642","36.933552","d34ow7epij5zhk.cloudfront.net","FioImma.local","TLSv1.3","82","Application Data"
"1643","36.933608","FioImma.local","d34ow7epij5zhk.cloudfront.net","TCP","54","54808  >  443 [ACK] Seq=96982 Ack=60253 Win=132352 Len=0"
"1644","36.934455","FioImma.local","waws-prod-blu-171.eastus.cloudapp.azure.com","TLSv1.3","723","Change Cipher Spec, Client Hello (SNI=play.cadmore.media)"
"1645","36.935671","FioImma.local","pagead2.googlesyndication.com","QUIC","1292","Initial, DCID=350b0ca47d434f34, PKN: 1, CRYPTO"
"1646","36.935804","FioImma.local","pagead2.googlesyndication.com","QUIC","1292","Initial, DCID=350b0ca47d434f34, PKN: 2, CRYPTO, PADDING, PING, PADDING"
"1647","36.936186","FioImma.local","pagead2.googlesyndication.com","TCP","66","54831  >  443 [SYN] Seq=0 Win=64240 Len=0 MSS=1460 WS=256 SACK_PERM"
"1648","36.938624","pagead-googlehosted.l.google.com","FioImma.local","TCP","66","[TCP Dup ACK 1625#1] 443  >  54830 [ACK] Seq=1 Ack=1807 Win=71424 Len=0 SLE=395 SRE=1807"
"1649","36.945455","pagead2.googlesyndication.com","FioImma.local","TCP","66","443  >  54831 [SYN, ACK] Seq=0 Ack=1 Win=65535 Len=0 MSS=1412 SACK_PERM WS=256"
"1650","36.945611","FioImma.local","pagead2.googlesyndication.com","TCP","54","54831  >  443 [ACK] Seq=1 Ack=1 Win=131072 Len=0"
"1651","36.946988","FioImma.local","pagead2.googlesyndication.com","TCP","1466","54831  >  443 [ACK] Seq=1 Ack=1 Win=131072 Len=1412 [TCP PDU reassembled in 1652]"
"1652","36.946988","FioImma.local","pagead2.googlesyndication.com","TLSv1.3","413","Client Hello (SNI=pagead2.googlesyndication.com)"
"1653","36.948985","pagead-googlehosted.l.google.com","FioImma.local","TLSv1.3","5702","Server Hello, Change Cipher Spec"
"1654","36.948985","pagead-googlehosted.l.google.com","FioImma.local","TLSv1.3","60","Application Data"
"1655","36.948985","ieee.hum.works","FioImma.local","TLSv1.3","353","Application Data"
"1656","36.949067","FioImma.local","pagead-googlehosted.l.google.com","TCP","54","54830  >  443 [ACK] Seq=1807 Ack=5650 Win=131072 Len=0"
"1657","36.950477","FioImma.local","ieee.hum.works","TLSv1.3","93","Application Data"
"1658","36.953893","FioImma.local","ieee.hum.works","TLSv1.3","276","Application Data"
"1659","36.956207","FioImma.local","pagead-googlehosted.l.google.com","TLSv1.3","128","Change Cipher Spec, Application Data"
"1660","36.956472","FioImma.local","pagead-googlehosted.l.google.com","TLSv1.3","146","Application Data"
"1661","36.956919","FioImma.local","pagead-googlehosted.l.google.com","TLSv1.3","814","Application Data"
"1662","36.961675","pagead2.googlesyndication.com","FioImma.local","TCP","60","443  >  54831 [ACK] Seq=1 Ack=1413 Win=68608 Len=0"
"1663","36.961675","pagead2.googlesyndication.com","FioImma.local","TCP","60","443  >  54831 [ACK] Seq=1 Ack=1772 Win=71424 Len=0"
"1664","36.961675","ieee.hum.works","FioImma.local","TCP","60","443  >  54827 [ACK] Seq=1129 Ack=2711 Win=74240 Len=0"
"1665","36.962798","ieee.hum.works","FioImma.local","TCP","60","443  >  54827 [ACK] Seq=1129 Ack=2933 Win=77056 Len=0"
"1666","36.965158","pagead-googlehosted.l.google.com","FioImma.local","TLSv1.3","1112","Application Data, Application Data"
"1667","36.965158","pagead-googlehosted.l.google.com","FioImma.local","TLSv1.3","85","Application Data"
"1668","36.965244","FioImma.local","pagead-googlehosted.l.google.com","TCP","54","54830  >  443 [ACK] Seq=2733 Ack=6739 Win=130048 Len=0"
"1669","36.965490","FioImma.local","pagead-googlehosted.l.google.com","TLSv1.3","85","Application Data"
"1670","36.970201","pagead-googlehosted.l.google.com","FioImma.local","TCP","60","443  >  54830 [ACK] Seq=6739 Ack=2733 Win=74240 Len=0"
"1671","36.973790","pagead-googlehosted.l.google.com","FioImma.local","TCP","60","443  >  54830 [ACK] Seq=6739 Ack=2764 Win=74240 Len=0"
"1672","36.983777","FioImma.local","threat.api.mcafee.net","TCP","54","54829  >  443 [ACK] Seq=3448 Ack=6847 Win=131072 Len=0"
"1673","36.990176","pagead2.googlesyndication.com","FioImma.local","TLSv1.3","4290","Server Hello, Change Cipher Spec"
"1674","36.990176","pagead2.googlesyndication.com","FioImma.local","TLSv1.3","1433","Application Data"
"1675","36.990235","FioImma.local","pagead2.googlesyndication.com","TCP","54","54831  >  443 [ACK] Seq=1772 Ack=5616 Win=131072 Len=0"
"1676","37.011053","pagead-googlehosted.l.google.com","FioImma.local","TLSv1.3","519","Application Data"
"1677","37.011053","pagead-googlehosted.l.google.com","FioImma.local","TLSv1.3","1466","Application Data"
"1678","37.011053","pagead-googlehosted.l.google.com","FioImma.local","TLSv1.3","1348","Application Data"
"1679","37.011053","pagead-googlehosted.l.google.com","FioImma.local","TLSv1.3","85","Application Data"
"1680","37.011053","pagead-googlehosted.l.google.com","FioImma.local","TLSv1.3","93","Application Data"
"1681","37.011138","FioImma.local","pagead-googlehosted.l.google.com","TCP","54","54830  >  443 [ACK] Seq=2764 Ack=9980 Win=131072 Len=0"
"1682","37.012135","FioImma.local","pagead-googlehosted.l.google.com","TLSv1.3","93","Application Data"
"1683","37.025590","FioImma.local","fonts.gstatic.com","QUIC","1292","Initial, DCID=ad7557a491da8278, PKN: 6, CRYPTO, PADDING, CRYPTO, PADDING, CRYPTO, PADDING, PING, PADDING, CRYPTO, CRYPTO, PING, PING, PING, PADDING, PING, PING"
"1684","37.032132","FioImma.local","pagead2.googlesyndication.com","TLSv1.3","128","Change Cipher Spec, Application Data"
"1685","37.033078","FioImma.local","pagead2.googlesyndication.com","TLSv1.3","146","Application Data"
"1686","37.034437","FioImma.local","securepubads.g.doubleclick.net","TLSv1.3","602","Application Data"
"1687","37.034873","pagead-googlehosted.l.google.com","FioImma.local","TCP","60","443  >  54830 [ACK] Seq=9980 Ack=2803 Win=74240 Len=0"
"1688","37.035027","FioImma.local","pagead2.googlesyndication.com","TLSv1.3","655","Application Data"
"1689","37.037888","FioImma.local","mars.octa.edu","DNS","85","Standard query 0x44b1 A tpc.googlesyndication.com"
"1690","37.038174","FioImma.local","mars.octa.edu","DNS","85","Standard query 0xb462 HTTPS tpc.googlesyndication.com"
"1691","37.038475","FioImma.local","mars.octa.edu","DNS","74","Standard query 0x90dd A www.google.com"
"1692","37.038634","FioImma.local","mars.octa.edu","DNS","74","Standard query 0xe4af HTTPS www.google.com"
"1693","37.039562","FioImma.local","securepubads.g.doubleclick.net","TLSv1.3","600","Application Data"
"1694","37.061328","mars.octa.edu","FioImma.local","DNS","101","Standard query response 0x44b1 A tpc.googlesyndication.com A 142.250.182.33"
"1695","37.061328","securepubads.g.doubleclick.net","FioImma.local","TCP","54","443  >  54814 [ACK] Seq=233331 Ack=11325 Win=93952 Len=0"
"1696","37.061328","mars.octa.edu","FioImma.local","DNS","142","Standard query response 0xb462 HTTPS tpc.googlesyndication.com SOA ns1.google.com"
"1697","37.061328","mars.octa.edu","FioImma.local","DNS","90","Standard query response 0x90dd A www.google.com A 142.250.205.228"
"1698","37.061328","pagead2.googlesyndication.com","FioImma.local","TCP","60","443  >  54831 [ACK] Seq=5616 Ack=2539 Win=74240 Len=0"
"1699","37.061328","mars.octa.edu","FioImma.local","DNS","99","Standard query response 0xe4af HTTPS www.google.com HTTPS"
"1700","37.061328","pagead2.googlesyndication.com","FioImma.local","TLSv1.3","1042","Application Data, Application Data"
"1701","37.061328","pagead2.googlesyndication.com","FioImma.local","TLSv1.3","85","Application Data"
"1702","37.061328","securepubads.g.doubleclick.net","FioImma.local","TCP","54","443  >  54814 [ACK] Seq=233331 Ack=11871 Win=96768 Len=0"
"1703","37.061642","FioImma.local","pagead2.googlesyndication.com","TCP","54","54831  >  443 [ACK] Seq=2539 Ack=6635 Win=130048 Len=0"
"1704","37.062646","FioImma.local","pagead2.googlesyndication.com","TLSv1.3","85","Application Data"
"1705","37.064180","FioImma.local","www.google.com","QUIC","1292","Initial, DCID=1b4b39d17ed4ef16, PKN: 1, CRYPTO"
"1706","37.064263","FioImma.local","www.google.com","QUIC","1292","Initial, DCID=1b4b39d17ed4ef16, PKN: 2, CRYPTO, CRYPTO, CRYPTO, PADDING, CRYPTO, PADDING, CRYPTO, CRYPTO, PADDING, CRYPTO, PING, PADDING, CRYPTO, PADDING, CRYPTO, CRYPTO, CRYPTO"
"1707","37.064661","FioImma.local","tpc.googlesyndication.com","TCP","66","54832  >  443 [SYN] Seq=0 Win=64240 Len=0 MSS=1460 WS=256 SACK_PERM"
"1708","37.064915","FioImma.local","www.google.com","TCP","66","54833  >  443 [SYN] Seq=0 Win=64240 Len=0 MSS=1460 WS=256 SACK_PERM"
"1709","37.066656","FioImma.local","mars.octa.edu","DNS","88","Standard query 0xbe95 A smetrics-ieeexplore.ieee.org"
"1710","37.066808","FioImma.local","mars.octa.edu","DNS","88","Standard query 0x605a HTTPS smetrics-ieeexplore.ieee.org"
"1711","37.067329","pagead2.googlesyndication.com","FioImma.local","TCP","85","[TCP Spurious Retransmission] 443  >  54831 [PSH, ACK] Seq=6604 Ack=2539 Win=74240 Len=31"
"1712","37.067351","FioImma.local","pagead2.googlesyndication.com","TCP","66","[TCP Dup ACK 1703#1] 54831  >  443 [ACK] Seq=2570 Ack=6635 Win=130048 Len=0 SLE=6604 SRE=6635"
"1713","37.089409","mars.octa.edu","FioImma.local","DNS","176","Standard query response 0xbe95 A smetrics-ieeexplore.ieee.org CNAME ieee.org.ssl.sc.omtrdc.net A 66.117.22.159 A 66.117.22.233 A 66.117.22.105"
"1714","37.089409","www.google.com","FioImma.local","TCP","66","443  >  54833 [SYN, ACK] Seq=0 Ack=1 Win=65535 Len=0 MSS=1412 SACK_PERM WS=256"
"1715","37.089409","pagead2.googlesyndication.com","FioImma.local","TCP","60","443  >  54831 [ACK] Seq=6635 Ack=2570 Win=74240 Len=0"
"1716","37.089409","pagead2.googlesyndication.com","FioImma.local","TLSv1.3","471","Application Data"
"1717","37.089409","pagead2.googlesyndication.com","FioImma.local","TLSv1.3","85","Application Data"
"1718","37.089409","securepubads.g.doubleclick.net","FioImma.local","TLSv1.3","393","Application Data"
"1719","37.089409","pagead2.googlesyndication.com","FioImma.local","TLSv1.3","93","Application Data"
"1720","37.089409","securepubads.g.doubleclick.net","FioImma.local","TLSv1.3","85","Application Data"
"1721","37.089409","securepubads.g.doubleclick.net","FioImma.local","TLSv1.3","93","Application Data"
"1722","37.089409","securepubads.g.doubleclick.net","FioImma.local","TLSv1.3","220","Application Data"
"1723","37.089409","securepubads.g.doubleclick.net","FioImma.local","TLSv1.3","85","Application Data"
"1724","37.089583","FioImma.local","www.google.com","TCP","54","54833  >  443 [ACK] Seq=1 Ack=1 Win=131072 Len=0"
"1725","37.089610","FioImma.local","pagead2.googlesyndication.com","TCP","54","54831  >  443 [ACK] Seq=2570 Ack=7122 Win=131072 Len=0"
"1726","37.089618","FioImma.local","securepubads.g.doubleclick.net","TCP","54","54814  >  443 [ACK] Seq=11871 Ack=233937 Win=130560 Len=0"
"1727","37.090815","FioImma.local","www.google.com","TCP","1466","54833  >  443 [ACK] Seq=1 Ack=1 Win=131072 Len=1412 [TCP PDU reassembled in 1728]"
"1728","37.090815","FioImma.local","www.google.com","TLSv1.3","852","Client Hello (SNI=www.google.com)"
"1729","37.091542","FioImma.local","pagead2.googlesyndication.com","TLSv1.3","93","Application Data"
"1730","37.091609","FioImma.local","securepubads.g.doubleclick.net","TLSv1.3","93","Application Data"
"1731","37.095491","FioImma.local","ieee.org.ssl.sc.omtrdc.net","TCP","66","54834  >  443 [SYN] Seq=0 Win=64240 Len=0 MSS=1460 WS=256 SACK_PERM"
"1732","37.120294","mars.octa.edu","FioImma.local","DNS","128","Standard query response 0x605a HTTPS smetrics-ieeexplore.ieee.org CNAME ieee.org.ssl.sc.omtrdc.net"
"1733","37.120294","www.google.com","FioImma.local","TCP","60","443  >  54833 [ACK] Seq=1 Ack=1413 Win=68608 Len=0"
"1734","37.120294","www.google.com","FioImma.local","TCP","60","443  >  54833 [ACK] Seq=1 Ack=2211 Win=71424 Len=0"
"1735","37.120294","securepubads.g.doubleclick.net","FioImma.local","TCP","54","443  >  54814 [ACK] Seq=233937 Ack=11910 Win=96768 Len=0"
"1736","37.120294","pagead2.googlesyndication.com","FioImma.local","TCP","60","443  >  54831 [ACK] Seq=7122 Ack=2609 Win=74240 Len=0"
"1737","37.136593","www.google.com","FioImma.local","TLSv1.3","1466","Server Hello, Change Cipher Spec"
"1738","37.136593","www.google.com","FioImma.local","TLSv1.3","105","Application Data"
"1739","37.136685","FioImma.local","www.google.com","TCP","54","54833  >  443 [ACK] Seq=2211 Ack=1464 Win=131072 Len=0"
"1740","37.140959","ieee.org.ssl.sc.omtrdc.net","FioImma.local","TCP","66","443  >  54834 [SYN, ACK] Seq=0 Ack=1 Win=62727 Len=0 MSS=1460 SACK_PERM WS=128"
"1741","37.141067","FioImma.local","ieee.org.ssl.sc.omtrdc.net","TCP","54","54834  >  443 [ACK] Seq=1 Ack=1 Win=131328 Len=0"
"1742","37.142959","FioImma.local","ieee.org.ssl.sc.omtrdc.net","TCP","1514","54834  >  443 [ACK] Seq=1 Ack=1 Win=131328 Len=1460 [TCP PDU reassembled in 1743]"
"1743","37.142959","FioImma.local","ieee.org.ssl.sc.omtrdc.net","TLSv1.3","571","Client Hello (SNI=smetrics-ieeexplore.ieee.org)"
"1744","37.144639","FioImma.local","www.google.com","TLSv1.3","128","Change Cipher Spec, Application Data"
"1745","37.145248","FioImma.local","www.google.com","TLSv1.3","146","Application Data"
"1746","37.145705","FioImma.local","www.google.com","TLSv1.3","1284","Application Data"
"1747","37.153947","www.google.com","FioImma.local","TCP","60","443  >  54833 [ACK] Seq=1464 Ack=2377 Win=71424 Len=0"
"1748","37.153947","www.google.com","FioImma.local","TLSv1.3","1012","Application Data, Application Data"
"1749","37.153947","www.google.com","FioImma.local","TLSv1.3","85","Application Data"
"1750","37.154048","FioImma.local","www.google.com","TCP","54","54833  >  443 [ACK] Seq=3607 Ack=2453 Win=130304 Len=0"
"1751","37.154367","FioImma.local","www.google.com","TLSv1.3","85","Application Data"
"1752","37.157439","www.google.com","FioImma.local","TCP","60","443  >  54833 [ACK] Seq=2453 Ack=3607 Win=74240 Len=0"
"1753","37.165682","waws-prod-blu-171.eastus.cloudapp.azure.com","FioImma.local","TLSv1.3","1514","Server Hello"
"1754","37.165682","waws-prod-blu-171.eastus.cloudapp.azure.com","FioImma.local","TCP","1514","443  >  54824 [ACK] Seq=1560 Ack=2493 Win=524288 Len=1460 [TCP PDU reassembled in 1755]"
"1755","37.165682","waws-prod-blu-171.eastus.cloudapp.azure.com","FioImma.local","TLSv1.3","920","Application Data"
"1756","37.165682","www.google.com","FioImma.local","TCP","60","443  >  54833 [ACK] Seq=2453 Ack=3638 Win=74240 Len=0"
"1757","37.165808","FioImma.local","waws-prod-blu-171.eastus.cloudapp.azure.com","TCP","54","54824  >  443 [ACK] Seq=2493 Ack=3886 Win=132352 Len=0"
"1758","37.180341","FioImma.local","waws-prod-blu-171.eastus.cloudapp.azure.com","TLSv1.3","128","Application Data"
"1759","37.180801","FioImma.local","waws-prod-blu-171.eastus.cloudapp.azure.com","TLSv1.3","146","Application Data"
"1760","37.181127","FioImma.local","waws-prod-blu-171.eastus.cloudapp.azure.com","TLSv1.3","534","Application Data"
"1761","37.190347","ieee.org.ssl.sc.omtrdc.net","FioImma.local","TCP","60","443  >  54834 [ACK] Seq=1 Ack=1461 Win=61312 Len=0"
"1762","37.190347","ieee.org.ssl.sc.omtrdc.net","FioImma.local","TCP","60","443  >  54834 [ACK] Seq=1 Ack=1978 Win=60800 Len=0"
"1763","37.190347","ieee.org.ssl.sc.omtrdc.net","FioImma.local","TLSv1.3","2974","Server Hello, Change Cipher Spec"
"1764","37.190347","ieee.org.ssl.sc.omtrdc.net","FioImma.local","TLSv1.3","258","Application Data"
"1765","37.190511","FioImma.local","ieee.org.ssl.sc.omtrdc.net","TCP","54","54834  >  443 [ACK] Seq=1978 Ack=3125 Win=131328 Len=0"
"1766","37.205706","FioImma.local","ieee.org.ssl.sc.omtrdc.net","TLSv1.3","118","Change Cipher Spec, Application Data"
"1767","37.206189","FioImma.local","ieee.org.ssl.sc.omtrdc.net","TLSv1.3","146","Application Data"
"1768","37.206553","FioImma.local","ieee.org.ssl.sc.omtrdc.net","TCP","1514","54834  >  443 [ACK] Seq=2134 Ack=3125 Win=131328 Len=1460 [TCP PDU reassembled in 1769]"
"1769","37.206553","FioImma.local","ieee.org.ssl.sc.omtrdc.net","TLSv1.3","322","Application Data"
"1770","37.225929","ieee.hum.works","FioImma.local","TLSv1.3","159","Application Data"
"1771","37.225929","ieee.hum.works","FioImma.local","TLSv1.3","1466","Application Data"
"1772","37.225929","ieee.hum.works","FioImma.local","TLSv1.3","519","Application Data"
"1773","37.226074","FioImma.local","ieee.hum.works","TCP","54","54827  >  443 [ACK] Seq=2933 Ack=3111 Win=131072 Len=0"
"1774","37.230486","ieee.hum.works","FioImma.local","TLSv1.3","85","Application Data"
"1775","37.230486","ieee.hum.works","FioImma.local","TLSv1.3","93","Application Data"
"1776","37.230583","FioImma.local","ieee.hum.works","TCP","54","54827  >  443 [ACK] Seq=2933 Ack=3181 Win=131072 Len=0"
"1777","37.231790","FioImma.local","ieee.hum.works","TLSv1.3","93","Application Data"
"1778","37.237027","FioImma.local","pagead2.googlesyndication.com","QUIC","1292","Initial, DCID=350b0ca47d434f34, PKN: 4, CRYPTO"
"1779","37.243236","ieee.hum.works","FioImma.local","TCP","60","443  >  54827 [ACK] Seq=3181 Ack=2972 Win=77056 Len=0"
"1780","37.246451","www.google.com","FioImma.local","TLSv1.3","424","Application Data"
"1781","37.246451","www.google.com","FioImma.local","TLSv1.3","85","Application Data"
"1782","37.246451","www.google.com","FioImma.local","TLSv1.3","93","Application Data"
"1783","37.246545","FioImma.local","www.google.com","TCP","54","54833  >  443 [ACK] Seq=3638 Ack=2893 Win=131072 Len=0"
"1784","37.247014","FioImma.local","www.google.com","TLSv1.3","93","Application Data"
"1785","37.253887","ieee.org.ssl.sc.omtrdc.net","FioImma.local","TCP","60","443  >  54834 [ACK] Seq=3125 Ack=2134 Win=60672 Len=0"
"1786","37.253887","ieee.org.ssl.sc.omtrdc.net","FioImma.local","TLSv1.3","581","Application Data, Application Data"
"1787","37.253887","ieee.org.ssl.sc.omtrdc.net","FioImma.local","TCP","60","443  >  54834 [ACK] Seq=3652 Ack=3862 Win=59008 Len=0"
"1788","37.254262","FioImma.local","ieee.org.ssl.sc.omtrdc.net","TLSv1.3","85","Application Data"
"1789","37.257195","ieee.org.ssl.sc.omtrdc.net","FioImma.local","TLSv1.3","566","Application Data"
"1790","37.257195","www.google.com","FioImma.local","TCP","60","443  >  54833 [ACK] Seq=2893 Ack=3677 Win=74240 Len=0"
"1791","37.274608","FioImma.local","ieee.org.ssl.sc.omtrdc.net","TLSv1.3","895","Application Data"
"1792","37.280178","FioImma.local","ieee.hum.works","TLSv1.3","189","Application Data"
"1793","37.289211","ieee.hum.works","FioImma.local","TCP","60","443  >  54827 [ACK] Seq=3181 Ack=3107 Win=79872 Len=0"
"1794","37.319312","FioImma.local","tpc.googlesyndication.com","TCP","66","54835  >  443 [SYN] Seq=0 Win=64240 Len=0 MSS=1460 WS=256 SACK_PERM"
"1795","37.321478","ieee.org.ssl.sc.omtrdc.net","FioImma.local","TCP","60","443  >  54834 [ACK] Seq=4164 Ack=4734 Win=58240 Len=0"
"1796","37.325806","ieee.org.ssl.sc.omtrdc.net","FioImma.local","TLSv1.3","313","Application Data"
"1797","37.326280","FioImma.local","scholar.l.google.com","QUIC","1292","Initial, DCID=d9e28ad9360d0508, PKN: 6, PING, PADDING, CRYPTO, PADDING, CRYPTO, CRYPTO, CRYPTO, PING, PADDING, PING, CRYPTO, PING, PADDING, PING, CRYPTO, PADDING, PING, PADDING, PING, CRYPTO, PING, CRYPTO"
"1798","37.331176","tpc.googlesyndication.com","FioImma.local","TCP","66","443  >  54835 [SYN, ACK] Seq=0 Ack=1 Win=65535 Len=0 MSS=1412 SACK_PERM WS=256"
"1799","37.331272","FioImma.local","tpc.googlesyndication.com","TCP","54","54835  >  443 [ACK] Seq=1 Ack=1 Win=131072 Len=0"
"1800","37.332270","FioImma.local","tpc.googlesyndication.com","TCP","1466","54835  >  443 [ACK] Seq=1 Ack=1 Win=131072 Len=1412 [TCP PDU reassembled in 1801]"
"1801","37.332270","FioImma.local","tpc.googlesyndication.com","TLSv1.3","906","Client Hello (SNI=tpc.googlesyndication.com)"
"1802","37.340142","tpc.googlesyndication.com","FioImma.local","TCP","60","443  >  54835 [ACK] Seq=1 Ack=1413 Win=68608 Len=0"
"1803","37.342020","tpc.googlesyndication.com","FioImma.local","TCP","60","443  >  54835 [ACK] Seq=1 Ack=2265 Win=71424 Len=0"
"1804","37.363517","FioImma.local","mars.octa.edu","DNS","84","Standard query 0x10f9 A www.googleadservices.com"
"1805","37.363787","FioImma.local","mars.octa.edu","DNS","84","Standard query 0x86b5 HTTPS www.googleadservices.com"
"1806","37.364202","FioImma.local","www.google.com","QUIC","1292","Initial, DCID=1b4b39d17ed4ef16, PKN: 4, CRYPTO"
"1807","37.368063","FioImma.local","ieee.org.ssl.sc.omtrdc.net","TCP","54","54834  >  443 [ACK] Seq=4734 Ack=4423 Win=130048 Len=0"
"1808","37.368478","FioImma.local","tpc.googlesyndication.com","TCP","66","54836  >  443 [SYN] Seq=0 Win=64240 Len=0 MSS=1460 WS=256 SACK_PERM"
"1809","37.391819","mars.octa.edu","FioImma.local","DNS","100","Standard query response 0x10f9 A www.googleadservices.com A 142.250.182.98"
"1810","37.391819","mars.octa.edu","FioImma.local","DNS","109","Standard query response 0x86b5 HTTPS www.googleadservices.com HTTPS"
"1811","37.391819","tpc.googlesyndication.com","FioImma.local","TCP","66","443  >  54832 [SYN, ACK] Seq=0 Ack=1 Win=65535 Len=0 MSS=1412 SACK_PERM WS=256"
"1812","37.391819","tpc.googlesyndication.com","FioImma.local","TLSv1.3","1466","Server Hello, Change Cipher Spec"
"1813","37.391819","tpc.googlesyndication.com","FioImma.local","TLSv1.3","116","Application Data"
"1814","37.391819","tpc.googlesyndication.com","FioImma.local","TCP","66","443  >  54836 [SYN, ACK] Seq=0 Ack=1 Win=65535 Len=0 MSS=1412 SACK_PERM WS=256"
"1815","37.391985","FioImma.local","tpc.googlesyndication.com","TCP","54","54832  >  443 [ACK] Seq=1 Ack=1 Win=131072 Len=0"
"1816","37.392023","FioImma.local","tpc.googlesyndication.com","TCP","54","54835  >  443 [ACK] Seq=2265 Ack=1475 Win=131072 Len=0"
"1817","37.392032","FioImma.local","tpc.googlesyndication.com","TCP","54","54836  >  443 [ACK] Seq=1 Ack=1 Win=131072 Len=0"
"1818","37.392453","FioImma.local","www.googleadservices.com","TCP","66","54837  >  443 [SYN] Seq=0 Win=64240 Len=0 MSS=1460 WS=256 SACK_PERM"
"1819","37.393290","FioImma.local","tpc.googlesyndication.com","TCP","1466","54832  >  443 [ACK] Seq=1 Ack=1 Win=131072 Len=1412 [TCP PDU reassembled in 1820]"
"1820","37.393290","FioImma.local","tpc.googlesyndication.com","TLSv1.3","874","Client Hello (SNI=tpc.googlesyndication.com)"
"1821","37.394627","FioImma.local","tpc.googlesyndication.com","TCP","1466","54836  >  443 [ACK] Seq=1 Ack=1 Win=131072 Len=1412 [TCP PDU reassembled in 1822]"
"1822","37.394627","FioImma.local","tpc.googlesyndication.com","TLSv1.3","441","Client Hello (SNI=tpc.googlesyndication.com)"
"1823","37.396465","tpc.googlesyndication.com","FioImma.local","TCP","116","[TCP Spurious Retransmission] 443  >  54835 [PSH, ACK] Seq=1413 Ack=2265 Win=71424 Len=62 [TCP PDU reassembled in 1813]"
"1824","37.396485","FioImma.local","tpc.googlesyndication.com","TCP","66","[TCP Dup ACK 1816#1] 54835  >  443 [ACK] Seq=2265 Ack=1475 Win=131072 Len=0 SLE=1413 SRE=1475"
"1825","37.397369","FioImma.local","tpc.googlesyndication.com","TLSv1.3","128","Change Cipher Spec, Application Data"
"1826","37.397640","FioImma.local","tpc.googlesyndication.com","TLSv1.3","146","Application Data"
"1827","37.397674","FioImma.local","tpc.googlesyndication.com","TCP","54","54832  >  443 [FIN, ACK] Seq=2233 Ack=1 Win=131072 Len=0"
"1828","37.397968","FioImma.local","tpc.googlesyndication.com","TLSv1.3","574","Application Data"
"1829","37.398041","FioImma.local","tpc.googlesyndication.com","TLSv1.3","128","Application Data"
"1830","37.403080","www.googleadservices.com","FioImma.local","TCP","66","443  >  54837 [SYN, ACK] Seq=0 Ack=1 Win=65535 Len=0 MSS=1412 SACK_PERM WS=256"
"1831","37.403080","tpc.googlesyndication.com","FioImma.local","TCP","54","443  >  54832 [ACK] Seq=1 Ack=1413 Win=68608 Len=0"
"1832","37.403080","tpc.googlesyndication.com","FioImma.local","TCP","54","443  >  54832 [ACK] Seq=1 Ack=2233 Win=71424 Len=0"
"1833","37.403080","tpc.googlesyndication.com","FioImma.local","TCP","60","443  >  54836 [ACK] Seq=1 Ack=1413 Win=68608 Len=0"
"1834","37.403080","tpc.googlesyndication.com","FioImma.local","TCP","60","443  >  54836 [ACK] Seq=1 Ack=1800 Win=71424 Len=0"
"1835","37.403175","FioImma.local","www.googleadservices.com","TCP","54","54837  >  443 [ACK] Seq=1 Ack=1 Win=131072 Len=0"
"1836","37.404081","FioImma.local","www.googleadservices.com","TCP","1466","54837  >  443 [ACK] Seq=1 Ack=1 Win=131072 Len=1412 [TCP PDU reassembled in 1837]"
"1837","37.404081","FioImma.local","www.googleadservices.com","TLSv1.3","936","Client Hello (SNI=www.googleadservices.com)"
"1838","37.406696","tpc.googlesyndication.com","FioImma.local","TLSv1.3","1034","Application Data, Application Data"
"1839","37.406696","tpc.googlesyndication.com","FioImma.local","TLSv1.3","85","Application Data"
"1840","37.406696","waws-prod-blu-171.eastus.cloudapp.azure.com","FioImma.local","TCP","60","443  >  54824 [ACK] Seq=3886 Ack=2659 Win=524288 Len=0"
"1841","37.406696","waws-prod-blu-171.eastus.cloudapp.azure.com","FioImma.local","TLSv1.3","157","Application Data"
"1842","37.406696","waws-prod-blu-171.eastus.cloudapp.azure.com","FioImma.local","TLSv1.3","138","Application Data, Application Data"
"1843","37.406696","waws-prod-blu-171.eastus.cloudapp.azure.com","FioImma.local","TLSv1.3","85","Application Data"
"1844","37.406696","tpc.googlesyndication.com","FioImma.local","TCP","60","443  >  54835 [ACK] Seq=2486 Ack=3025 Win=74240 Len=0"
"1845","37.406769","FioImma.local","tpc.googlesyndication.com","TCP","54","54835  >  443 [ACK] Seq=3025 Ack=2486 Win=130304 Len=0"
"1846","37.406782","FioImma.local","waws-prod-blu-171.eastus.cloudapp.azure.com","TCP","54","54824  >  443 [ACK] Seq=3139 Ack=4104 Win=132096 Len=0"
"1847","37.406912","FioImma.local","tpc.googlesyndication.com","TLSv1.3","85","Application Data"
"1848","37.406939","FioImma.local","waws-prod-blu-171.eastus.cloudapp.azure.com","TLSv1.3","85","Application Data"
"1849","37.408642","tpc.googlesyndication.com","FioImma.local","TLSv1.3","582","Application Data"
"1850","37.408642","tpc.googlesyndication.com","FioImma.local","TLSv1.3","7114","Application Data, Application Data, Application Data, Application Data, Application Data"
"1851","37.408692","FioImma.local","tpc.googlesyndication.com","TCP","54","54835  >  443 [ACK] Seq=3056 Ack=10074 Win=131072 Len=0"
"1852","37.408846","tpc.googlesyndication.com","FioImma.local","TLSv1.3","1466","Application Data"
"1853","37.408868","FioImma.local","tpc.googlesyndication.com","TCP","54","54835  >  443 [ACK] Seq=3056 Ack=11486 Win=131072 Len=0"
"1854","37.411054","tpc.googlesyndication.com","FioImma.local","TLSv1.3","1466","Application Data"
"1855","37.411054","tpc.googlesyndication.com","FioImma.local","TCP","54","443  >  54832 [ACK] Seq=1 Ack=2234 Win=71424 Len=0"
"1856","37.411054","tpc.googlesyndication.com","FioImma.local","TLSv1.3","4290","Application Data, Application Data, Application Data"
"1857","37.411054","waws-prod-blu-171.eastus.cloudapp.azure.com","FioImma.local","TLSv1.3","310","Application Data"
"1858","37.411097","FioImma.local","tpc.googlesyndication.com","TCP","54","54835  >  443 [ACK] Seq=3056 Ack=17134 Win=131072 Len=0"
"1859","37.411290","tpc.googlesyndication.com","FioImma.local","TLSv1.3","1466","Application Data"
"1860","37.411290","tpc.googlesyndication.com","FioImma.local","TLSv1.3","2878","Application Data, Application Data"
"1861","37.411290","tpc.googlesyndication.com","FioImma.local","TLSv1.3","1466","Application Data"
"1862","37.411290","tpc.googlesyndication.com","FioImma.local","TLSv1.3","1466","Application Data"
"1863","37.411319","FioImma.local","tpc.googlesyndication.com","TCP","54","54835  >  443 [ACK] Seq=3056 Ack=24194 Win=131072 Len=0"
"1864","37.411586","tpc.googlesyndication.com","FioImma.local","TLSv1.3","1466","Application Data"
"1865","37.411599","FioImma.local","tpc.googlesyndication.com","TCP","54","54835  >  443 [ACK] Seq=3056 Ack=25606 Win=131072 Len=0"
"1866","37.411612","tpc.googlesyndication.com","FioImma.local","TLSv1.3","1466","Application Data"
"1867","37.411620","FioImma.local","tpc.googlesyndication.com","TCP","54","54835  >  443 [ACK] Seq=3056 Ack=27018 Win=131072 Len=0"
"1868","37.414036","www.googleadservices.com","FioImma.local","TCP","60","443  >  54837 [ACK] Seq=1 Ack=1413 Win=68608 Len=0"
"1869","37.414036","www.googleadservices.com","FioImma.local","TCP","60","443  >  54837 [ACK] Seq=1 Ack=2295 Win=71424 Len=0"
"1870","37.415741","tpc.googlesyndication.com","FioImma.local","TLSv1.3","5702","Application Data, Application Data, Application Data, Application Data"
"1871","37.415780","FioImma.local","tpc.googlesyndication.com","TCP","54","54835  >  443 [ACK] Seq=3056 Ack=32666 Win=131072 Len=0"
"1872","37.424240","tpc.googlesyndication.com","FioImma.local","TLSv1.3","45238","Application Data, Application Data, Application Data, Application Data, Application Data, Application Data, Application Data, Application Data, Application Data, Application Data, Application Data, Application Data, Application Data, Application Data, Application Data, Application Data, Application Data, Application Data, Application Data, Application Data, Application Data, Application Data, Application Data, Application Data, Application Data, Application Data, Application Data, Application Data, Application Data, Application Data, Application Data, Application Data"
"1873","37.424316","FioImma.local","tpc.googlesyndication.com","TCP","54","54835  >  443 [ACK] Seq=3056 Ack=77850 Win=131072 Len=0"
"1874","37.425338","tpc.googlesyndication.com","FioImma.local","TLSv1.3","7114","Application Data, Application Data, Application Data, Application Data, Application Data"
"1875","37.425358","FioImma.local","tpc.googlesyndication.com","TCP","54","54835  >  443 [ACK] Seq=3056 Ack=84910 Win=131072 Len=0"
"1876","37.425379","tpc.googlesyndication.com","FioImma.local","TLSv1.3","5702","Application Data, Application Data, Application Data, Application Data"
"1877","37.425390","FioImma.local","tpc.googlesyndication.com","TCP","54","54835  >  443 [ACK] Seq=3056 Ack=90558 Win=131072 Len=0"
"1878","37.431936","tpc.googlesyndication.com","FioImma.local","TLSv1.3","1466","Application Data"
"1879","37.432048","FioImma.local","tpc.googlesyndication.com","TCP","54","54835  >  443 [ACK] Seq=3056 Ack=91970 Win=131072 Len=0"
"1880","37.432728","tpc.googlesyndication.com","FioImma.local","TLSv1.3","5702","Application Data, Application Data, Application Data, Application Data"
"1881","37.432767","FioImma.local","tpc.googlesyndication.com","TCP","54","54835  >  443 [ACK] Seq=3056 Ack=97618 Win=131072 Len=0"
"1882","37.432801","tpc.googlesyndication.com","FioImma.local","TLSv1.3","7114","Application Data, Application Data, Application Data, Application Data, Application Data, Application Data"
"1883","37.432812","FioImma.local","tpc.googlesyndication.com","TCP","54","54835  >  443 [ACK] Seq=3056 Ack=104678 Win=131072 Len=0"
"1884","37.432906","tpc.googlesyndication.com","FioImma.local","TLSv1.3","4290","Application Data, Application Data, Application Data"
"1885","37.432961","FioImma.local","tpc.googlesyndication.com","TCP","54","54835  >  443 [ACK] Seq=3056 Ack=108914 Win=131072 Len=0"
"1886","37.433021","tpc.googlesyndication.com","FioImma.local","TLSv1.3","1466","Application Data"
"1887","37.435227","tpc.googlesyndication.com","FioImma.local","TLSv1.3","9938","Application Data, Application Data, Application Data, Application Data, Application Data, Application Data, Application Data"
"1888","37.435258","FioImma.local","tpc.googlesyndication.com","TCP","54","54835  >  443 [ACK] Seq=3056 Ack=120210 Win=131072 Len=0"
"1889","37.435294","tpc.googlesyndication.com","FioImma.local","TLSv1.3","5702","Application Data, Application Data, Application Data, Application Data"
"1890","37.435311","FioImma.local","tpc.googlesyndication.com","TCP","54","54835  >  443 [ACK] Seq=3056 Ack=125858 Win=131072 Len=0"
"1891","37.435365","tpc.googlesyndication.com","FioImma.local","TLSv1.3","2878","Application Data, Application Data"
"1892","37.435377","FioImma.local","tpc.googlesyndication.com","TCP","54","54835  >  443 [ACK] Seq=3056 Ack=128682 Win=131072 Len=0"
"1893","37.435466","tpc.googlesyndication.com","FioImma.local","TLSv1.3","4290","Application Data, Application Data, Application Data"
"1894","37.435480","FioImma.local","tpc.googlesyndication.com","TCP","54","54835  >  443 [ACK] Seq=3056 Ack=132918 Win=131072 Len=0"
"1895","37.436481","tpc.googlesyndication.com","FioImma.local","TLSv1.3","8526","Application Data, Application Data, Application Data, Application Data, Application Data, Application Data, Application Data"
"1896","37.436528","FioImma.local","tpc.googlesyndication.com","TCP","54","54835  >  443 [ACK] Seq=3056 Ack=141390 Win=131072 Len=0"
"1897","37.436571","tpc.googlesyndication.com","FioImma.local","TLSv1.3","5702","Application Data, Application Data, Application Data, Application Data"
"1898","37.436585","FioImma.local","tpc.googlesyndication.com","TCP","54","54835  >  443 [ACK] Seq=3056 Ack=147038 Win=131072 Len=0"
"1899","37.436617","tpc.googlesyndication.com","FioImma.local","TLSv1.3","4290","Application Data, Application Data, Application Data"
"1900","37.436628","FioImma.local","tpc.googlesyndication.com","TCP","54","54835  >  443 [ACK] Seq=3056 Ack=151274 Win=131072 Len=0"
"1901","37.436774","tpc.googlesyndication.com","FioImma.local","TLSv1.3","1466","Application Data"
"1902","37.436916","tpc.googlesyndication.com","FioImma.local","TLSv1.3","1466","Application Data"
"1903","37.436925","FioImma.local","tpc.googlesyndication.com","TCP","54","54835  >  443 [ACK] Seq=3056 Ack=154098 Win=131072 Len=0"
"1904","37.436939","tpc.googlesyndication.com","FioImma.local","TLSv1.3","1466","Application Data"
"1905","37.437790","tpc.googlesyndication.com","FioImma.local","TLSv1.3","4290","Application Data, Application Data, Application Data"
"1906","37.437790","tpc.googlesyndication.com","FioImma.local","TLSv1.3","1466","Server Hello, Change Cipher Spec"
"1907","37.437823","FioImma.local","tpc.googlesyndication.com","TCP","54","54835  >  443 [ACK] Seq=3056 Ack=159746 Win=131072 Len=0"
"1908","37.438134","tpc.googlesyndication.com","FioImma.local","TLSv1.3","1466","Application Data"
"1909","37.438145","tpc.googlesyndication.com","FioImma.local","TLSv1.3","1466","Application Data"
"1910","37.438152","FioImma.local","tpc.googlesyndication.com","TCP","54","54835  >  443 [ACK] Seq=3056 Ack=162570 Win=131072 Len=0"
"1911","37.438164","tpc.googlesyndication.com","FioImma.local","TCP","1466","443  >  54836 [PSH, ACK] Seq=1413 Ack=1800 Win=71424 Len=1412 [TCP PDU reassembled in 1921]"
"1912","37.438175","FioImma.local","tpc.googlesyndication.com","TCP","54","54836  >  443 [ACK] Seq=1800 Ack=2825 Win=131072 Len=0"
"1913","37.438186","tpc.googlesyndication.com","FioImma.local","TLSv1.3","1466","Application Data"
"1914","37.438199","tpc.googlesyndication.com","FioImma.local","TLSv1.3","1466","Application Data"
"1915","37.438206","FioImma.local","tpc.googlesyndication.com","TCP","54","54835  >  443 [ACK] Seq=3056 Ack=165394 Win=131072 Len=0"
"1916","37.438217","tpc.googlesyndication.com","FioImma.local","TLSv1.3","1466","Application Data"
"1917","37.438226","tpc.googlesyndication.com","FioImma.local","TCP","1466","443  >  54836 [ACK] Seq=2825 Ack=1800 Win=71424 Len=1412 [TCP PDU reassembled in 1921]"
"1918","37.438233","tpc.googlesyndication.com","FioImma.local","TLSv1.3","1466","Application Data"
"1919","37.438242","FioImma.local","tpc.googlesyndication.com","TCP","54","54835  >  443 [ACK] Seq=3056 Ack=168218 Win=131072 Len=0"
"1920","37.438253","tpc.googlesyndication.com","FioImma.local","TLSv1.3","1466","Application Data"
"1921","37.438309","tpc.googlesyndication.com","FioImma.local","TLSv1.3","1202","Application Data"
"1922","37.438318","FioImma.local","tpc.googlesyndication.com","TCP","54","54836  >  443 [ACK] Seq=1800 Ack=5385 Win=131072 Len=0"
"1923","37.438329","tpc.googlesyndication.com","FioImma.local","TLSv1.3","1466","Application Data"
"1924","37.438358","FioImma.local","tpc.googlesyndication.com","TCP","54","54835  >  443 [ACK] Seq=3056 Ack=171042 Win=131072 Len=0"
"1925","37.438382","tpc.googlesyndication.com","FioImma.local","TLSv1.3","1466","Application Data"
"1926","37.439155","tpc.googlesyndication.com","FioImma.local","TLSv1.3","4290","Application Data, Application Data, Application Data, Application Data, Application Data"
"1927","37.439174","FioImma.local","tpc.googlesyndication.com","TCP","54","54835  >  443 [ACK] Seq=3056 Ack=176690 Win=131072 Len=0"
"1928","37.439221","tpc.googlesyndication.com","FioImma.local","TLSv1.3","1466","Server Hello, Change Cipher Spec"
"1929","37.439221","tpc.googlesyndication.com","FioImma.local","TLSv1.3","116","Application Data"
"1930","37.439221","tpc.googlesyndication.com","FioImma.local","TLSv1.3","1466","Application Data"
"1931","37.439221","tpc.googlesyndication.com","FioImma.local","TCP","54","443  >  54832 [FIN, ACK] Seq=1475 Ack=2234 Win=71424 Len=0"
"1932","37.439221","tpc.googlesyndication.com","FioImma.local","TLSv1.3","2878","Application Data, Application Data"
"1933","37.439261","FioImma.local","tpc.googlesyndication.com","TCP","54","54832  >  443 [RST, ACK] Seq=2234 Ack=1413 Win=0 Len=0"
"1934","37.439306","FioImma.local","tpc.googlesyndication.com","TCP","54","54835  >  443 [ACK] Seq=3056 Ack=180926 Win=131072 Len=0"
"1935","37.439331","tpc.googlesyndication.com","FioImma.local","TLSv1.3","4290","Application Data, Application Data, Application Data"
"1936","37.439340","FioImma.local","tpc.googlesyndication.com","TCP","54","54835  >  443 [ACK] Seq=3056 Ack=185162 Win=131072 Len=0"
"1937","37.439359","tpc.googlesyndication.com","FioImma.local","TLSv1.3","5702","Application Data, Application Data, Application Data, Application Data"
"1938","37.439370","FioImma.local","tpc.googlesyndication.com","TCP","54","54835  >  443 [ACK] Seq=3056 Ack=190810 Win=131072 Len=0"
"1939","37.439380","FioImma.local","tpc.googlesyndication.com","TLSv1.3","93","Application Data"
"1940","37.441259","tpc.googlesyndication.com","FioImma.local","TLSv1.3","1466","Application Data"
"1941","37.441259","tpc.googlesyndication.com","FioImma.local","TLSv1.3","15586","Application Data, Application Data, Application Data, Application Data, Application Data, Application Data, Application Data, Application Data, Application Data, Application Data, Application Data"
"1942","37.441259","tpc.googlesyndication.com","FioImma.local","TLSv1.3","1466","Application Data"
"1943","37.441259","tpc.googlesyndication.com","FioImma.local","TLSv1.3","4290","Application Data, Application Data, Application Data"
"1944","37.441316","FioImma.local","tpc.googlesyndication.com","TCP","54","54835  >  443 [ACK] Seq=3095 Ack=213402 Win=262400 Len=0"
"1945","37.442237","FioImma.local","tpc.googlesyndication.com","TLSv1.3","128","Change Cipher Spec, Application Data"
"1946","37.442382","tpc.googlesyndication.com","FioImma.local","TLSv1.3","2878","Application Data, Application Data"
"1947","37.442404","FioImma.local","tpc.googlesyndication.com","TCP","54","54835  >  443 [ACK] Seq=3095 Ack=216226 Win=262400 Len=0"
"1948","37.442653","tpc.googlesyndication.com","FioImma.local","TLSv1.3","1466","Application Data"
"1949","37.442653","tpc.googlesyndication.com","FioImma.local","TLSv1.3","2878","Application Data, Application Data"
"1950","37.442653","tpc.googlesyndication.com","FioImma.local","TLSv1.3","1466","Application Data"
"1951","37.442653","tpc.googlesyndication.com","FioImma.local","TLSv1.3","1466","Application Data"
"1952","37.442653","tpc.googlesyndication.com","FioImma.local","TLSv1.3","1466","Application Data"
"1953","37.442653","tpc.googlesyndication.com","FioImma.local","TLSv1.3","1466","Application Data"
"1954","37.442653","tpc.googlesyndication.com","FioImma.local","TLSv1.3","1466","Application Data"
"1955","37.442653","tpc.googlesyndication.com","FioImma.local","TLSv1.3","1466","Application Data"
"1956","37.442687","FioImma.local","tpc.googlesyndication.com","TCP","54","54835  >  443 [ACK] Seq=3095 Ack=228934 Win=262400 Len=0"
"1957","37.442709","tpc.googlesyndication.com","FioImma.local","TLSv1.3","1466","Application Data"
"1958","37.442709","tpc.googlesyndication.com","FioImma.local","TLSv1.3","218","Application Data"
"1959","37.442717","FioImma.local","tpc.googlesyndication.com","TCP","54","54835  >  443 [ACK] Seq=3095 Ack=230510 Win=262400 Len=0"
"1960","37.444708","www.googleadservices.com","FioImma.local","TLSv1.3","1466","Server Hello, Change Cipher Spec"
"1961","37.446655","www.googleadservices.com","FioImma.local","TLSv1.3","115","Application Data"
"1962","37.446677","FioImma.local","www.googleadservices.com","TCP","54","54837  >  443 [ACK] Seq=2295 Ack=1474 Win=131072 Len=0"
"1963","37.451736","FioImma.local","www.googleadservices.com","TLSv1.3","128","Change Cipher Spec, Application Data"
"1964","37.452031","FioImma.local","www.googleadservices.com","TLSv1.3","146","Application Data"
"1965","37.452202","tpc.googlesyndication.com","FioImma.local","TLSv1.3","1034","Application Data, Application Data"
"1966","37.452619","FioImma.local","www.googleadservices.com","TLSv1.3","826","Application Data"
"1967","37.453843","tpc.googlesyndication.com","FioImma.local","TCP","60","443  >  54835 [ACK] Seq=230510 Ack=3095 Win=74240 Len=0"
"1968","37.458050","FioImma.local","waws-prod-blu-171.eastus.cloudapp.azure.com","TCP","54","54824  >  443 [ACK] Seq=3170 Ack=4360 Win=131840 Len=0"
"1969","37.461386","www.googleadservices.com","FioImma.local","TLSv1.3","1032","Application Data, Application Data"
"1970","37.461386","www.googleadservices.com","FioImma.local","TLSv1.3","85","Application Data"
"1971","37.461415","FioImma.local","www.googleadservices.com","TCP","54","54837  >  443 [ACK] Seq=3233 Ack=2483 Win=130304 Len=0"
"1972","37.461568","FioImma.local","www.googleadservices.com","TLSv1.3","85","Application Data"
"1973","37.465645","www.googleadservices.com","FioImma.local","TCP","60","443  >  54837 [ACK] Seq=2483 Ack=3233 Win=74240 Len=0"
"1974","37.469737","www.googleadservices.com","FioImma.local","TCP","60","443  >  54837 [ACK] Seq=2483 Ack=3264 Win=74240 Len=0"
"1975","37.472095","192.168.1.1","all-systems.mcast.net","IGMPv3","50","Membership Query, general"
"1976","37.477055","FioImma.local","securepubads.g.doubleclick.net","TCP","66","54838  >  443 [SYN] Seq=0 Win=64240 Len=0 MSS=1460 WS=256 SACK_PERM"
"1977","37.488505","securepubads.g.doubleclick.net","FioImma.local","TCP","66","443  >  54838 [SYN, ACK] Seq=0 Ack=1 Win=65535 Len=0 MSS=1412 SACK_PERM WS=256"
"1978","37.488619","FioImma.local","securepubads.g.doubleclick.net","TCP","54","54838  >  443 [ACK] Seq=1 Ack=1 Win=131072 Len=0"
"1979","37.490406","FioImma.local","securepubads.g.doubleclick.net","TCP","1466","54838  >  443 [ACK] Seq=1 Ack=1 Win=131072 Len=1412 [TCP PDU reassembled in 1980]"
"1980","37.490406","FioImma.local","securepubads.g.doubleclick.net","TLSv1.3","948","Client Hello (SNI=securepubads.g.doubleclick.net)"
"1981","37.497293","www.googleadservices.com","FioImma.local","TLSv1.3","438","Application Data"
"1982","37.497809","FioImma.local","www.googleadservices.com","TLSv1.3","93","Application Data"
"1983","37.498535","FioImma.local","tpc.googlesyndication.com","TCP","54","54836  >  443 [ACK] Seq=1874 Ack=6365 Win=130304 Len=0"
"1984","37.500083","securepubads.g.doubleclick.net","FioImma.local","TCP","60","443  >  54838 [ACK] Seq=1 Ack=1413 Win=68608 Len=0"
"1985","37.500083","securepubads.g.doubleclick.net","FioImma.local","TCP","60","443  >  54838 [ACK] Seq=1 Ack=2307 Win=71424 Len=0"
"1986","37.509841","FioImma.local","www.googleadservices.com","TLSv1.3","260","Application Data"
"1987","37.510544","www.googleadservices.com","FioImma.local","TCP","60","443  >  54837 [ACK] Seq=2867 Ack=3303 Win=74240 Len=0"
"1988","37.522559","www.googleadservices.com","FioImma.local","TCP","60","443  >  54837 [ACK] Seq=2867 Ack=3509 Win=77056 Len=0"
"1989","37.535143","securepubads.g.doubleclick.net","FioImma.local","TLSv1.3","1466","Server Hello, Change Cipher Spec"
"1990","37.535143","securepubads.g.doubleclick.net","FioImma.local","TLSv1.3","121","Application Data"
"1991","37.535216","FioImma.local","securepubads.g.doubleclick.net","TCP","54","54838  >  443 [ACK] Seq=2307 Ack=1480 Win=131072 Len=0"
"1992","37.536561","FioImma.local","securepubads.g.doubleclick.net","TLSv1.3","128","Change Cipher Spec, Application Data"
"1993","37.536853","FioImma.local","securepubads.g.doubleclick.net","TLSv1.3","146","Application Data"
"1994","37.537107","FioImma.local","securepubads.g.doubleclick.net","TLSv1.3","1188","Application Data"
"1995","37.537171","FioImma.local","securepubads.g.doubleclick.net","TLSv1.3","767","Application Data"
"1996","37.547909","securepubads.g.doubleclick.net","FioImma.local","TLSv1.3","1044","Application Data, Application Data"
"1997","37.547909","securepubads.g.doubleclick.net","FioImma.local","TCP","60","443  >  54838 [ACK] Seq=2470 Ack=4320 Win=77056 Len=0"
"1998","37.547909","securepubads.g.doubleclick.net","FioImma.local","TLSv1.3","85","Application Data"
"1999","37.548054","FioImma.local","securepubads.g.doubleclick.net","TCP","54","54838  >  443 [ACK] Seq=4320 Ack=2501 Win=130048 Len=0"
"2000","37.548281","FioImma.local","securepubads.g.doubleclick.net","TLSv1.3","85","Application Data"
"2001","37.548699","ieee.hum.works","FioImma.local","TLSv1.3","162","Application Data"
"2002","37.548979","FioImma.local","ieee.hum.works","TLSv1.3","93","Application Data"
"2003","37.551118","FioImma.local","ieee.hum.works","TLSv1.3","183","Application Data"
"2004","37.555930","FioImma.local","1.80.190.35.bc.googleusercontent.com","TCP","55","54715  >  443 [ACK] Seq=1 Ack=1 Win=511 Len=1"
"2005","37.557440","ieee.hum.works","FioImma.local","TCP","60","443  >  54827 [ACK] Seq=3289 Ack=3146 Win=79872 Len=0"
"2006","37.559159","www.googleadservices.com","FioImma.local","TLSv1.3","138","Application Data"
"2007","37.559159","ieee.hum.works","FioImma.local","TCP","60","443  >  54827 [ACK] Seq=3289 Ack=3275 Win=82688 Len=0"
"2008","37.559510","FioImma.local","www.googleadservices.com","TLSv1.3","93","Application Data"
"2009","37.562518","securepubads.g.doubleclick.net","FioImma.local","TCP","60","443  >  54838 [ACK] Seq=2501 Ack=4351 Win=77056 Len=0"
"2010","37.562518","1.80.190.35.bc.googleusercontent.com","FioImma.local","TCP","66","443  >  54715 [ACK] Seq=1 Ack=2 Win=411 Len=0 SLE=1 SRE=2"
"2011","37.573212","www.googleadservices.com","FioImma.local","TCP","60","443  >  54837 [ACK] Seq=2951 Ack=3548 Win=77056 Len=0"
"2012","37.583640","securepubads.g.doubleclick.net","FioImma.local","TLSv1.3","675","Application Data"
"2013","37.583640","securepubads.g.doubleclick.net","FioImma.local","TLSv1.3","233","Application Data"
"2014","37.583640","securepubads.g.doubleclick.net","FioImma.local","TLSv1.3","85","Application Data"
"2015","37.583640","securepubads.g.doubleclick.net","FioImma.local","TLSv1.3","93","Application Data"
"2016","37.583693","FioImma.local","securepubads.g.doubleclick.net","TCP","54","54838  >  443 [ACK] Seq=4351 Ack=3371 Win=131072 Len=0"
"2017","37.584151","FioImma.local","securepubads.g.doubleclick.net","TLSv1.3","93","Application Data"
"2018","37.586311","securepubads.g.doubleclick.net","FioImma.local","TLSv1.3","85","Application Data"
"2019","37.599318","securepubads.g.doubleclick.net","FioImma.local","TCP","60","443  >  54838 [ACK] Seq=3402 Ack=4390 Win=77056 Len=0"
"2020","37.629663","FioImma.local","securepubads.g.doubleclick.net","TCP","54","54838  >  443 [ACK] Seq=4390 Ack=3402 Win=131072 Len=0"
"2021","37.683306","waws-prod-blu-171.eastus.cloudapp.azure.com","FioImma.local","TCP","60","443  >  54824 [ACK] Seq=4360 Ack=3170 Win=524288 Len=0"
"2022","37.693344","FioImma.local","mars.octa.edu","DNS","89","Standard query 0x84ea A pagead2.googlesyndication.com"
"2023","37.693668","FioImma.local","mars.octa.edu","DNS","89","Standard query 0x97e4 HTTPS pagead2.googlesyndication.com"
"2024","37.718877","mars.octa.edu","FioImma.local","DNS","114","Standard query response 0x97e4 HTTPS pagead2.googlesyndication.com HTTPS"
"2025","37.718877","mars.octa.edu","FioImma.local","DNS","105","Standard query response 0x84ea A pagead2.googlesyndication.com A 142.250.76.66"
"2026","37.719621","FioImma.local","pagead2.googlesyndication.com","TCP","66","54839  >  443 [SYN] Seq=0 Win=64240 Len=0 MSS=1460 WS=256 SACK_PERM"
"2027","37.733426","pagead2.googlesyndication.com","FioImma.local","TCP","66","443  >  54839 [SYN, ACK] Seq=0 Ack=1 Win=65535 Len=0 MSS=1412 SACK_PERM WS=256"
"2028","37.733532","FioImma.local","pagead2.googlesyndication.com","TCP","54","54839  >  443 [ACK] Seq=1 Ack=1 Win=131072 Len=0"
"2029","37.736188","FioImma.local","pagead2.googlesyndication.com","TCP","1466","54839  >  443 [ACK] Seq=1 Ack=1 Win=131072 Len=1412 [TCP PDU reassembled in 2030]"
"2030","37.736188","FioImma.local","pagead2.googlesyndication.com","TLSv1.3","850","Client Hello (SNI=pagead2.googlesyndication.com)"
"2031","37.739728","FioImma.local","mars.octa.edu","DNS","89","Standard query 0x7a6f A pagead2.googlesyndication.com"
"2032","37.739991","FioImma.local","mars.octa.edu","DNS","89","Standard query 0xe9c6 HTTPS pagead2.googlesyndication.com"
"2033","37.760529","FioImma.local","d34ow7epij5zhk.cloudfront.net","TCP","1494","54808  >  443 [ACK] Seq=96982 Ack=60253 Win=132352 Len=1440 [TCP PDU reassembled in 2035]"
"2034","37.760529","FioImma.local","d34ow7epij5zhk.cloudfront.net","TCP","1494","54808  >  443 [ACK] Seq=98422 Ack=60253 Win=132352 Len=1440 [TCP PDU reassembled in 2035]"
"2035","37.760529","FioImma.local","d34ow7epij5zhk.cloudfront.net","TLSv1.3","291","Application Data[Illegal Segments]"
"2036","37.762562","mars.octa.edu","FioImma.local","DNS","105","Standard query response 0x7a6f A pagead2.googlesyndication.com A 142.250.76.66"
"2037","37.762562","mars.octa.edu","FioImma.local","DNS","114","Standard query response 0xe9c6 HTTPS pagead2.googlesyndication.com HTTPS"
"2038","37.762562","pagead2.googlesyndication.com","FioImma.local","TCP","60","443  >  54839 [ACK] Seq=1 Ack=1413 Win=68608 Len=0"
"2039","37.762562","pagead2.googlesyndication.com","FioImma.local","TCP","60","443  >  54839 [ACK] Seq=1 Ack=2209 Win=71424 Len=0"
"2040","37.763065","FioImma.local","pagead2.googlesyndication.com","TCP","66","54840  >  443 [SYN] Seq=0 Win=64240 Len=0 MSS=1460 WS=256 SACK_PERM"
"2041","37.770975","pagead2.googlesyndication.com","FioImma.local","TCP","66","443  >  54840 [SYN, ACK] Seq=0 Ack=1 Win=65535 Len=0 MSS=1412 SACK_PERM WS=256"
"2042","37.771041","FioImma.local","pagead2.googlesyndication.com","TCP","54","54840  >  443 [ACK] Seq=1 Ack=1 Win=131072 Len=0"
"2043","37.771951","FioImma.local","pagead2.googlesyndication.com","TCP","1466","54840  >  443 [ACK] Seq=1 Ack=1 Win=131072 Len=1412 [TCP PDU reassembled in 2044]"
"2044","37.771951","FioImma.local","pagead2.googlesyndication.com","TLSv1.3","477","Client Hello (SNI=pagead2.googlesyndication.com)"
"2045","37.774339","d34ow7epij5zhk.cloudfront.net","FioImma.local","TCP","60","443  >  54808 [ACK] Seq=60253 Ack=99862 Win=311808 Len=0"
"2046","37.778554","pagead2.googlesyndication.com","FioImma.local","TLSv1.3","1466","Server Hello, Change Cipher Spec"
"2047","37.778554","pagead2.googlesyndication.com","FioImma.local","TLSv1.3","120","Application Data"
"2048","37.778596","FioImma.local","pagead2.googlesyndication.com","TCP","54","54839  >  443 [ACK] Seq=2209 Ack=1479 Win=131072 Len=0"
"2049","37.780713","pagead2.googlesyndication.com","FioImma.local","TCP","60","443  >  54840 [ACK] Seq=1 Ack=1413 Win=68608 Len=0"
"2050","37.780713","pagead2.googlesyndication.com","FioImma.local","TCP","60","443  >  54840 [ACK] Seq=1 Ack=1836 Win=71424 Len=0"
"2051","37.783096","FioImma.local","pagead2.googlesyndication.com","TLSv1.3","128","Change Cipher Spec, Application Data"
"2052","37.783309","FioImma.local","pagead2.googlesyndication.com","TLSv1.3","146","Application Data"
"2053","37.783503","FioImma.local","pagead2.googlesyndication.com","TLSv1.3","564","Application Data"
"2054","37.783567","FioImma.local","pagead2.googlesyndication.com","TLSv1.3","180","Application Data"
"2055","37.792359","FioImma.local","mars.octa.edu","DNS","77","Standard query 0xad14 A js.zi-scripts.com"
"2056","37.792534","FioImma.local","mars.octa.edu","DNS","77","Standard query 0xe443 HTTPS js.zi-scripts.com"
"2057","37.793418","pagead2.googlesyndication.com","FioImma.local","TLSv1.3","1042","Application Data, Application Data"
"2058","37.793630","FioImma.local","pagead2.googlesyndication.com","TLSv1.3","85","Application Data"
"2059","37.795855","pagead2.googlesyndication.com","FioImma.local","TLSv1.3","85","Application Data"
"2060","37.795855","mars.octa.edu","FioImma.local","DNS","109","Standard query response 0xad14 A js.zi-scripts.com A 172.64.150.44 A 104.18.37.212"
"2061","37.808502","pagead2.googlesyndication.com","FioImma.local","TCP","60","443  >  54839 [ACK] Seq=2498 Ack=3042 Win=74240 Len=0"
"2062","37.814721","pagead2.googlesyndication.com","FioImma.local","TLSv1.3","4290","Server Hello, Change Cipher Spec"
"2063","37.814721","pagead2.googlesyndication.com","FioImma.local","TLSv1.3","1432","Application Data"
"2064","37.814812","FioImma.local","pagead2.googlesyndication.com","TCP","54","54840  >  443 [ACK] Seq=1836 Ack=5615 Win=131072 Len=0"
"2065","37.816736","FioImma.local","pagead2.googlesyndication.com","TLSv1.3","128","Change Cipher Spec, Application Data"
"2066","37.816898","d34ow7epij5zhk.cloudfront.net","FioImma.local","TCP","60","443  >  54808 [ACK] Seq=60253 Ack=100099 Win=314880 Len=0"
"2067","37.817346","FioImma.local","pagead2.googlesyndication.com","TLSv1.3","146","Application Data"
"2068","37.817921","FioImma.local","js.zi-scripts.com","TCP","66","54841  >  443 [SYN] Seq=0 Win=64240 Len=0 MSS=1460 WS=256 SACK_PERM"
"2069","37.818092","FioImma.local","pagead2.googlesyndication.com","TLSv1.3","722","Application Data"
"2070","37.818164","FioImma.local","pagead2.googlesyndication.com","TLSv1.3","307","Application Data"
"2071","37.827647","pagead2.googlesyndication.com","FioImma.local","TLSv1.3","1042","Application Data, Application Data"
"2072","37.827647","pagead2.googlesyndication.com","FioImma.local","TLSv1.3","85","Application Data"
"2073","37.827647","js.zi-scripts.com","FioImma.local","TCP","66","443  >  54841 [SYN, ACK] Seq=0 Ack=1 Win=65535 Len=0 MSS=1400 SACK_PERM WS=8192"
"2074","37.827647","pagead2.googlesyndication.com","FioImma.local","TCP","60","443  >  54840 [ACK] Seq=6634 Ack=2923 Win=77056 Len=0"
"2075","37.827647","mars.octa.edu","FioImma.local","DNS","114","Standard query response 0xe443 HTTPS js.zi-scripts.com HTTPS"
"2076","37.827738","FioImma.local","pagead2.googlesyndication.com","TCP","54","54840  >  443 [ACK] Seq=2923 Ack=6634 Win=130048 Len=0"
"2077","37.827761","FioImma.local","js.zi-scripts.com","TCP","54","54841  >  443 [ACK] Seq=1 Ack=1 Win=131584 Len=0"
"2078","37.828599","FioImma.local","js.zi-scripts.com","TCP","1454","54841  >  443 [ACK] Seq=1 Ack=1 Win=131584 Len=1400 [TCP PDU reassembled in 2079]"
"2079","37.828599","FioImma.local","js.zi-scripts.com","TLSv1.3","684","Client Hello (SNI=js.zi-scripts.com)"
"2080","37.828671","FioImma.local","pagead2.googlesyndication.com","TLSv1.3","85","Application Data"
"2081","37.836078","pagead2.googlesyndication.com","FioImma.local","TLSv1.3","416","Application Data"
"2082","37.836114","FioImma.local","pagead2.googlesyndication.com","TCP","54","54839  >  443 [ACK] Seq=3042 Ack=2860 Win=129792 Len=0"
"2083","37.837000","FioImma.local","pagead2.googlesyndication.com","TLSv1.3","153","Application Data"
"2084","37.837182","FioImma.local","pagead2.googlesyndication.com","QUIC","1292","Initial, DCID=350b0ca47d434f34, PKN: 6, PADDING, CRYPTO, CRYPTO, CRYPTO, PADDING, CRYPTO, PADDING, CRYPTO, PADDING, CRYPTO, CRYPTO, PADDING, CRYPTO, PADDING"
"2085","37.838217","pagead2.googlesyndication.com","FioImma.local","TLSv1.3","85","Application Data"
"2086","37.838217","pagead2.googlesyndication.com","FioImma.local","TLSv1.3","93","Application Data"
"2087","37.838217","js.zi-scripts.com","FioImma.local","TCP","60","443  >  54841 [ACK] Seq=1 Ack=1401 Win=73728 Len=0"
"2088","37.838217","js.zi-scripts.com","FioImma.local","TCP","60","443  >  54841 [ACK] Seq=1 Ack=2031 Win=73728 Len=0"
"2089","37.838262","FioImma.local","pagead2.googlesyndication.com","TCP","54","54839  >  443 [ACK] Seq=3141 Ack=2930 Win=131072 Len=0"
"2090","37.838611","FioImma.local","pagead2.googlesyndication.com","TLSv1.3","93","Application Data"
"2091","37.841757","js.zi-scripts.com","FioImma.local","TLSv1.3","1429","Server Hello, Change Cipher Spec, Application Data"
"2092","37.843164","FioImma.local","22.224.186.35.bc.googleusercontent.com","TLSv1.2","179","Ignored Unknown Record"
"2093","37.843218","FioImma.local","22.224.186.35.bc.googleusercontent.com","TLSv1.2","93","Application Data"
"2094","37.845342","FioImma.local","22.224.186.35.bc.googleusercontent.com","TLSv1.2","175","Application Data"
"2095","37.846352","pagead2.googlesyndication.com","FioImma.local","TCP","60","443  >  54840 [ACK] Seq=6634 Ack=2954 Win=77056 Len=0"
"2096","37.846352","ieee.hum.works","FioImma.local","TLSv1.3","157","Application Data"
"2097","37.846881","pagead2.googlesyndication.com","FioImma.local","TCP","60","443  >  54839 [ACK] Seq=2930 Ack=3180 Win=74240 Len=0"
"2098","37.846881","ieee.hum.works","FioImma.local","TLSv1.3","889","Application Data"
"2099","37.846928","FioImma.local","ieee.hum.works","TCP","54","54827  >  443 [ACK] Seq=3275 Ack=4227 Win=130048 Len=0"
"2100","37.848909","FioImma.local","js.zi-scripts.com","TLSv1.3","118","Change Cipher Spec, Application Data"
"2101","37.849061","FioImma.local","js.zi-scripts.com","TLSv1.3","146","Application Data"
"2102","37.849212","FioImma.local","js.zi-scripts.com","TLSv1.3","472","Application Data"
"2103","37.850148","ieee.hum.works","FioImma.local","TLSv1.3","85","Application Data"
"2104","37.850148","ieee.hum.works","FioImma.local","TLSv1.3","93","Application Data"
"2105","37.850172","FioImma.local","ieee.hum.works","TCP","54","54827  >  443 [ACK] Seq=3275 Ack=4297 Win=130048 Len=0"
"2106","37.850567","FioImma.local","ieee.hum.works","TLSv1.3","93","Application Data"
"2107","37.852486","22.224.186.35.bc.googleusercontent.com","FioImma.local","TCP","60","443  >  54599 [ACK] Seq=1 Ack=127 Win=489 Len=0"
"2108","37.852486","22.224.186.35.bc.googleusercontent.com","FioImma.local","TCP","60","443  >  54599 [ACK] Seq=1 Ack=166 Win=489 Len=0"
"2109","37.852486","pagead2.googlesyndication.com","FioImma.local","TLSv1.3","179","Application Data"
"2110","37.852486","22.224.186.35.bc.googleusercontent.com","FioImma.local","TLSv1.2","93","Application Data"
"2111","37.852486","pagead2.googlesyndication.com","FioImma.local","TLSv1.3","2878","Application Data, Application Data"
"2112","37.852551","FioImma.local","pagead2.googlesyndication.com","TCP","54","54839  >  443 [ACK] Seq=3180 Ack=5879 Win=131072 Len=0"
"2113","37.854461","pagead2.googlesyndication.com","FioImma.local","TLSv1.3","9938","Application Data, Application Data, Application Data, Application Data, Application Data, Application Data, Application Data"
"2114","37.854461","pagead2.googlesyndication.com","FioImma.local","TLSv1.3","736","Application Data"
"2115","37.854461","pagead2.googlesyndication.com","FioImma.local","TLSv1.3","85","Application Data"
"2116","37.854522","FioImma.local","pagead2.googlesyndication.com","TCP","54","54839  >  443 [ACK] Seq=3180 Ack=16476 Win=131072 Len=0"
"2117","37.854732","FioImma.local","ieee.hum.works","TLSv1.3","160","Application Data"
"2118","37.856855","pagead2.googlesyndication.com","FioImma.local","TLSv1.3","93","Application Data"
"2119","37.856855","js.zi-scripts.com","FioImma.local","TLSv1.3","582","Application Data, Application Data"
"2120","37.856891","FioImma.local","js.zi-scripts.com","TCP","54","54841  >  443 [ACK] Seq=2605 Ack=1904 Win=131584 Len=0"
"2121","37.857001","FioImma.local","pagead2.googlesyndication.com","TLSv1.3","93","Application Data"
"2122","37.857029","FioImma.local","js.zi-scripts.com","TLSv1.3","85","Application Data"
"2123","37.859054","22.224.186.35.bc.googleusercontent.com","FioImma.local","TCP","60","443  >  54599 [ACK] Seq=40 Ack=287 Win=489 Len=0"
"2124","37.859054","js.zi-scripts.com","FioImma.local","TLSv1.3","85","Application Data"
"2125","37.859054","ieee.hum.works","FioImma.local","TCP","60","443  >  54827 [ACK] Seq=4297 Ack=3314 Win=82688 Len=0"
"2126","37.861141","FioImma.local","tpc.googlesyndication.com","QUIC","1292","Initial, DCID=7f453eac2425b2ae, PKN: 1, CRYPTO"
"2127","37.861227","FioImma.local","tpc.googlesyndication.com","QUIC","1292","Initial, DCID=7f453eac2425b2ae, PKN: 2, PADDING, CRYPTO, PADDING, CRYPTO, PADDING, PING, PING, PADDING, PING, CRYPTO, PING, CRYPTO, CRYPTO, CRYPTO, PADDING, CRYPTO, CRYPTO, CRYPTO, PING, PADDING, CRYPTO, CRYPTO, PING, PADDING, PING"
"2128","37.861406","FioImma.local","tpc.googlesyndication.com","TLSv1.3","145","Application Data"
"2129","37.862452","pagead2.googlesyndication.com","FioImma.local","TLSv1.3","416","Application Data"
"2130","37.862452","pagead2.googlesyndication.com","FioImma.local","TLSv1.3","85","Application Data"
"2131","37.862452","pagead2.googlesyndication.com","FioImma.local","TLSv1.3","93","Application Data"
"2132","37.862452","pagead2.googlesyndication.com","FioImma.local","TLSv1.3","123","Application Data"
"2133","37.862452","ieee.hum.works","FioImma.local","TCP","60","443  >  54827 [ACK] Seq=4297 Ack=3420 Win=82688 Len=0"
"2134","37.862526","FioImma.local","pagead2.googlesyndication.com","TCP","54","54840  >  443 [ACK] Seq=2954 Ack=7135 Win=131072 Len=0"
"2135","37.862829","FioImma.local","pagead2.googlesyndication.com","TLSv1.3","93","Application Data"
"2136","37.864377","pagead2.googlesyndication.com","FioImma.local","TLSv1.3","85","Application Data"
"2137","37.867549","js.zi-scripts.com","FioImma.local","TCP","60","443  >  54841 [ACK] Seq=1935 Ack=2636 Win=81920 Len=0"
"2138","37.870847","tpc.googlesyndication.com","FioImma.local","TCP","60","443  >  54835 [ACK] Seq=230510 Ack=3186 Win=74240 Len=0"
"2139","37.870847","pagead2.googlesyndication.com","FioImma.local","TCP","60","443  >  54839 [ACK] Seq=16515 Ack=3219 Win=74240 Len=0"
"2140","37.876226","pagead2.googlesyndication.com","FioImma.local","TCP","60","443  >  54840 [ACK] Seq=7166 Ack=2993 Win=77056 Len=0"
"2141","37.880330","pagead2.googlesyndication.com","FioImma.local","TLSv1.3","123","Application Data"
"2142","37.880330","pagead2.googlesyndication.com","FioImma.local","TLSv1.3","85","Application Data"
"2143","37.880330","pagead2.googlesyndication.com","FioImma.local","TLSv1.3","93","Application Data"
"2144","37.880364","FioImma.local","pagead2.googlesyndication.com","TCP","54","54839  >  443 [ACK] Seq=3219 Ack=16654 Win=131072 Len=0"
"2145","37.880867","FioImma.local","pagead2.googlesyndication.com","TLSv1.3","93","Application Data"
"2146","37.896179","pagead2.googlesyndication.com","FioImma.local","TCP","60","443  >  54839 [ACK] Seq=16654 Ack=3258 Win=74240 Len=0"
"2147","37.905815","FioImma.local","22.224.186.35.bc.googleusercontent.com","TCP","54","54599  >  443 [ACK] Seq=287 Ack=40 Win=509 Len=0"
"2148","37.905864","FioImma.local","js.zi-scripts.com","TCP","54","54841  >  443 [ACK] Seq=2636 Ack=1935 Win=131328 Len=0"
"2149","37.905879","FioImma.local","pagead2.googlesyndication.com","TCP","54","54840  >  443 [ACK] Seq=2993 Ack=7166 Win=131072 Len=0"
"2150","37.931252","22.224.186.35.bc.googleusercontent.com","FioImma.local","TLSv1.2","138","Application Data"
"2151","37.931747","FioImma.local","22.224.186.35.bc.googleusercontent.com","TLSv1.2","93","Application Data"
"2152","37.934129","FioImma.local","22.224.186.35.bc.googleusercontent.com","TLSv1.2","144","Application Data"
"2153","37.934210","FioImma.local","22.224.186.35.bc.googleusercontent.com","TLSv1.2","425","Application Data"
"2154","37.942029","22.224.186.35.bc.googleusercontent.com","FioImma.local","TCP","60","443  >  54599 [ACK] Seq=124 Ack=326 Win=489 Len=0"
"2155","37.942029","22.224.186.35.bc.googleusercontent.com","FioImma.local","TCP","60","443  >  54599 [ACK] Seq=124 Ack=416 Win=489 Len=0"
"2156","37.942029","22.224.186.35.bc.googleusercontent.com","FioImma.local","TCP","60","443  >  54599 [ACK] Seq=124 Ack=787 Win=489 Len=0"
"2157","37.948379","22.224.186.35.bc.googleusercontent.com","FioImma.local","TLSv1.2","122","Application Data"
"2158","37.948379","22.224.186.35.bc.googleusercontent.com","FioImma.local","TLSv1.2","311","Application Data"
"2159","37.948379","22.224.186.35.bc.googleusercontent.com","FioImma.local","TLSv1.2","93","Application Data"
"2160","37.948408","FioImma.local","22.224.186.35.bc.googleusercontent.com","TCP","54","54599  >  443 [ACK] Seq=787 Ack=488 Win=508 Len=0"
"2161","37.949211","FioImma.local","22.224.186.35.bc.googleusercontent.com","TLSv1.2","89","Application Data"
"2162","37.949314","FioImma.local","22.224.186.35.bc.googleusercontent.com","TLSv1.2","93","Application Data"
"2163","37.959732","22.224.186.35.bc.googleusercontent.com","FioImma.local","TCP","60","443  >  54599 [ACK] Seq=488 Ack=861 Win=489 Len=0"
"2164","37.963062","tpc.googlesyndication.com","FioImma.local","TLSv1.3","173","Application Data"
"2165","37.963541","FioImma.local","tpc.googlesyndication.com","TLSv1.3","89","Application Data"
"2166","37.964243","tpc.googlesyndication.com","FioImma.local","TLSv1.3","85","Application Data"
"2167","37.964243","tpc.googlesyndication.com","FioImma.local","TLSv1.3","93","Application Data"
"2168","37.964267","FioImma.local","tpc.googlesyndication.com","TCP","54","54835  >  443 [ACK] Seq=3221 Ack=230699 Win=262400 Len=0"
"2169","37.964459","FioImma.local","www.google.com","QUIC","1292","Initial, DCID=1b4b39d17ed4ef16, PKN: 6, PADDING, CRYPTO, CRYPTO, CRYPTO, CRYPTO, CRYPTO, CRYPTO, PADDING"
"2170","37.964495","FioImma.local","tpc.googlesyndication.com","TLSv1.3","93","Application Data"
"2171","37.973765","tpc.googlesyndication.com","FioImma.local","TCP","60","443  >  54835 [ACK] Seq=230699 Ack=3221 Win=74240 Len=0"
"2172","37.973765","tpc.googlesyndication.com","FioImma.local","TCP","60","443  >  54835 [ACK] Seq=230699 Ack=3260 Win=74240 Len=0"
"2173","37.985220","FioImma.local","www.gstatic.com","QUIC","1292","Initial, DCID=0a30a9834688ad4a, PKN: 8, CRYPTO"
"2174","37.991706","FioImma.local","fonts.gstatic.com","QUIC","1292","Initial, DCID=8d45708570ae88d5, PKN: 8, CRYPTO"
"2175","37.996653","FioImma.local","mars.octa.edu","DNS","74","Standard query 0x10c6 A www.google.com"
"2176","37.996900","FioImma.local","mars.octa.edu","DNS","74","Standard query 0x3fca HTTPS www.google.com"
"2177","38.015518","FioImma.local","pagead2.googlesyndication.com","TLSv1.3","145","Application Data"
"2178","38.015606","FioImma.local","pagead2.googlesyndication.com","TLSv1.3","209","Application Data"
"2179","38.019878","mars.octa.edu","FioImma.local","DNS","90","Standard query response 0x10c6 A www.google.com A 142.250.205.228"
"2180","38.019878","mars.octa.edu","FioImma.local","DNS","99","Standard query response 0x3fca HTTPS www.google.com HTTPS"
"2181","38.022109","FioImma.local","www.google.com","QUIC","1292","Initial, DCID=75318f04201ec9b3, PKN: 1, CRYPTO"
"2182","38.022186","FioImma.local","www.google.com","QUIC","1292","Initial, DCID=75318f04201ec9b3, PKN: 2, CRYPTO, PADDING, CRYPTO, CRYPTO, CRYPTO, CRYPTO, PING, PING, CRYPTO, CRYPTO, PADDING, CRYPTO, CRYPTO, PADDING, CRYPTO"
"2183","38.022282","FioImma.local","googlehosted.l.googleusercontent.com","QUIC","1292","Initial, DCID=2c7ffd09f9d824ff, PKN: 8, CRYPTO"
"2184","38.022651","FioImma.local","www.google.com","TCP","66","54842  >  443 [SYN] Seq=0 Win=64240 Len=0 MSS=1460 WS=256 SACK_PERM"
"2185","38.027117","pagead2.googlesyndication.com","FioImma.local","TCP","60","443  >  54839 [ACK] Seq=16654 Ack=3349 Win=74240 Len=0"
"2186","38.027117","pagead2.googlesyndication.com","FioImma.local","TCP","60","443  >  54839 [ACK] Seq=16654 Ack=3504 Win=77056 Len=0"
"2187","38.037168","www.google.com","FioImma.local","TCP","66","443  >  54842 [SYN, ACK] Seq=0 Ack=1 Win=65535 Len=0 MSS=1412 SACK_PERM WS=256"
"2188","38.037320","FioImma.local","www.google.com","TCP","54","54842  >  443 [ACK] Seq=1 Ack=1 Win=131072 Len=0"
"2189","38.038469","FioImma.local","www.google.com","TCP","1466","54842  >  443 [ACK] Seq=1 Ack=1 Win=131072 Len=1412 [TCP PDU reassembled in 2190]"
"2190","38.038469","FioImma.local","www.google.com","TLSv1.3","916","Client Hello (SNI=www.google.com)"
"2191","38.049268","www.google.com","FioImma.local","TCP","60","443  >  54842 [ACK] Seq=1 Ack=1413 Win=68608 Len=0"
"2192","38.049268","www.google.com","FioImma.local","TCP","60","443  >  54842 [ACK] Seq=1 Ack=2275 Win=71424 Len=0"
"2193","38.057737","22.224.186.35.bc.googleusercontent.com","FioImma.local","TLSv1.2","466","Application Data"
"2194","38.057737","22.224.186.35.bc.googleusercontent.com","FioImma.local","TLSv1.2","1466","Application Data"
"2195","38.057737","22.224.186.35.bc.googleusercontent.com","FioImma.local","TLSv1.2","1375","Application Data"
"2196","38.057737","22.224.186.35.bc.googleusercontent.com","FioImma.local","TLSv1.2","93","Application Data"
"2197","38.057800","FioImma.local","22.224.186.35.bc.googleusercontent.com","TCP","54","54599  >  443 [ACK] Seq=861 Ack=3672 Win=512 Len=0"
"2198","38.058957","FioImma.local","22.224.186.35.bc.googleusercontent.com","TLSv1.2","93","Application Data"
"2199","38.062103","pagead2.googlesyndication.com","FioImma.local","TLSv1.3","142","Application Data"
"2200","38.063708","FioImma.local","pagead2.googlesyndication.com","TLSv1.3","89","Application Data"
"2201","38.063966","pagead2.googlesyndication.com","FioImma.local","TLSv1.3","85","Application Data"
"2202","38.063966","pagead2.googlesyndication.com","FioImma.local","TLSv1.3","93","Application Data"
"2203","38.064000","FioImma.local","pagead2.googlesyndication.com","TCP","54","54839  >  443 [ACK] Seq=3539 Ack=16812 Win=130816 Len=0"
"2204","38.064084","FioImma.local","pagead2.googlesyndication.com","TLSv1.3","93","Application Data"
"2205","38.072521","pagead2.googlesyndication.com","FioImma.local","TCP","60","443  >  54839 [ACK] Seq=16812 Ack=3578 Win=77056 Len=0"
"2206","38.072521","22.224.186.35.bc.googleusercontent.com","FioImma.local","TCP","60","443  >  54599 [ACK] Seq=3672 Ack=900 Win=489 Len=0"
"2207","38.082968","www.google.com","FioImma.local","TLSv1.3","1466","Server Hello, Change Cipher Spec"
"2208","38.082968","www.google.com","FioImma.local","TLSv1.3","105","Application Data"
"2209","38.083014","FioImma.local","www.google.com","TCP","54","54842  >  443 [ACK] Seq=2275 Ack=1464 Win=131072 Len=0"
"2210","38.084173","FioImma.local","www.google.com","TLSv1.3","128","Change Cipher Spec, Application Data"
"2211","38.084403","FioImma.local","www.google.com","TLSv1.3","146","Application Data"
"2212","38.084964","FioImma.local","www.google.com","TLSv1.3","1428","Application Data"
"2213","38.094778","www.google.com","FioImma.local","TCP","60","443  >  54842 [ACK] Seq=1464 Ack=2441 Win=71424 Len=0"
"2214","38.094778","www.google.com","FioImma.local","TLSv1.3","1012","Application Data, Application Data"
"2215","38.094778","www.google.com","FioImma.local","TLSv1.3","85","Application Data"
"2216","38.094851","FioImma.local","www.google.com","TCP","54","54842  >  443 [ACK] Seq=3815 Ack=2453 Win=130304 Len=0"
"2217","38.095204","FioImma.local","www.google.com","TLSv1.3","85","Application Data"
"2218","38.109215","www.google.com","FioImma.local","TCP","60","443  >  54842 [ACK] Seq=2453 Ack=3846 Win=74240 Len=0"
"2219","38.122677","ieee.hum.works","FioImma.local","TLSv1.3","145","Application Data"
"2220","38.123767","FioImma.local","ieee.hum.works","TLSv1.3","89","Application Data"
"2221","38.124840","FioImma.local","ieee.hum.works","TLSv1.3","153","Application Data"
"2222","38.124882","FioImma.local","ieee.hum.works","TLSv1.3","1385","Application Data"
"2223","38.125880","ieee.hum.works","FioImma.local","TLSv1.3","85","Application Data"
"2224","38.125880","ieee.hum.works","FioImma.local","TLSv1.3","93","Application Data"
"2225","38.125911","FioImma.local","ieee.hum.works","TCP","54","54827  >  443 [ACK] Seq=4885 Ack=4458 Win=129792 Len=0"
"2226","38.126018","FioImma.local","ieee.hum.works","TLSv1.3","93","Application Data"
"2227","38.133884","ieee.hum.works","FioImma.local","TCP","60","443  >  54827 [ACK] Seq=4458 Ack=3455 Win=82688 Len=0"
"2228","38.135220","ieee.hum.works","FioImma.local","TCP","60","443  >  54827 [ACK] Seq=4458 Ack=3554 Win=82688 Len=0"
"2229","38.135220","ieee.hum.works","FioImma.local","TCP","60","443  >  54827 [ACK] Seq=4458 Ack=4885 Win=85504 Len=0"
"2230","38.135220","ieee.hum.works","FioImma.local","TCP","60","443  >  54827 [ACK] Seq=4458 Ack=4924 Win=85504 Len=0"
"2231","38.137545","js.zi-scripts.com","FioImma.local","TLSv1.3","567","Application Data"
"2232","38.140330","FioImma.local","js.zi-scripts.com","TLSv1.3","371","Application Data"
"2233","38.143825","www.google.com","FioImma.local","TLSv1.3","986","Application Data"
"2234","38.143825","www.google.com","FioImma.local","TLSv1.3","645","Application Data"
"2235","38.143825","www.google.com","FioImma.local","TLSv1.3","107","Application Data"
"2236","38.143825","www.google.com","FioImma.local","TLSv1.3","85","Application Data"
"2237","38.143825","www.google.com","FioImma.local","TLSv1.3","93","Application Data"
"2238","38.143874","FioImma.local","www.google.com","TCP","54","54842  >  443 [ACK] Seq=3846 Ack=4099 Win=131072 Len=0"
"2239","38.144879","FioImma.local","www.google.com","TLSv1.3","93","Application Data"
"2240","38.154614","www.google.com","FioImma.local","TCP","60","443  >  54842 [ACK] Seq=4099 Ack=3885 Win=74240 Len=0"
"2241","38.173976","FioImma.local","tpc.googlesyndication.com","QUIC","1292","Initial, DCID=7f453eac2425b2ae, PKN: 4, CRYPTO"
"2242","38.177509","FioImma.local","pagead2.googlesyndication.com","TCP","66","54843  >  443 [SYN] Seq=0 Win=64240 Len=0 MSS=1460 WS=256 SACK_PERM"
"2243","38.186836","pagead2.googlesyndication.com","FioImma.local","TCP","66","443  >  54843 [SYN, ACK] Seq=0 Ack=1 Win=65535 Len=0 MSS=1412 SACK_PERM WS=256"
"2244","38.187092","FioImma.local","pagead2.googlesyndication.com","TCP","54","54843  >  443 [ACK] Seq=1 Ack=1 Win=131072 Len=0"
"2245","38.188997","FioImma.local","pagead2.googlesyndication.com","TCP","1466","54843  >  443 [ACK] Seq=1 Ack=1 Win=131072 Len=1412 [TCP PDU reassembled in 2246]"
"2246","38.188997","FioImma.local","pagead2.googlesyndication.com","TLSv1.3","914","Client Hello (SNI=pagead2.googlesyndication.com)"
"2247","38.191817","js.zi-scripts.com","FioImma.local","TCP","60","443  >  54841 [ACK] Seq=2448 Ack=2953 Win=81920 Len=0"
"2248","38.196836","pagead2.googlesyndication.com","FioImma.local","TCP","60","443  >  54843 [ACK] Seq=1 Ack=1413 Win=68608 Len=0"
"2249","38.198112","pagead2.googlesyndication.com","FioImma.local","TCP","60","443  >  54843 [ACK] Seq=1 Ack=2273 Win=71424 Len=0"
"2250","38.230769","FioImma.local","fonts.gstatic.com","QUIC","1292","Initial, DCID=ad7557a491da8278, PKN: 8, CRYPTO"
"2251","38.233301","pagead2.googlesyndication.com","FioImma.local","TLSv1.3","1466","Server Hello, Change Cipher Spec"
"2252","38.233301","pagead2.googlesyndication.com","FioImma.local","TLSv1.3","120","Application Data"
"2253","38.233385","FioImma.local","pagead2.googlesyndication.com","TCP","54","54843  >  443 [ACK] Seq=2273 Ack=1479 Win=131072 Len=0"
"2254","38.235457","FioImma.local","pagead2.googlesyndication.com","TLSv1.3","128","Change Cipher Spec, Application Data"
"2255","38.235892","FioImma.local","pagead2.googlesyndication.com","TLSv1.3","146","Application Data"
"2256","38.236260","FioImma.local","pagead2.googlesyndication.com","TLSv1.3","603","Application Data"
"2257","38.254952","pagead2.googlesyndication.com","FioImma.local","TLSv1.3","1042","Application Data, Application Data"
"2258","38.254952","pagead2.googlesyndication.com","FioImma.local","TLSv1.3","85","Application Data"
"2259","38.255058","FioImma.local","pagead2.googlesyndication.com","TCP","54","54843  >  443 [ACK] Seq=2988 Ack=2498 Win=130048 Len=0"
"2260","38.255498","FioImma.local","pagead2.googlesyndication.com","TLSv1.3","85","Application Data"
"2261","38.256358","FioImma.local","ec2-35-174-127-31.compute-1.amazonaws.com","TLSv1.2","297","Application Data"
"2262","38.270679","pagead2.googlesyndication.com","FioImma.local","TCP","60","443  >  54843 [ACK] Seq=2498 Ack=3019 Win=74240 Len=0"
"2263","38.281246","pagead2.googlesyndication.com","FioImma.local","TLSv1.3","369","Application Data"
"2264","38.281246","pagead2.googlesyndication.com","FioImma.local","TLSv1.3","85","Application Data"
"2265","38.281246","pagead2.googlesyndication.com","FioImma.local","TLSv1.3","93","Application Data"
"2266","38.281314","FioImma.local","pagead2.googlesyndication.com","TCP","54","54843  >  443 [ACK] Seq=3019 Ack=2883 Win=129792 Len=0"
"2267","38.281830","FioImma.local","pagead2.googlesyndication.com","TLSv1.3","93","Application Data"
"2268","38.296718","pagead2.googlesyndication.com","FioImma.local","TCP","60","443  >  54843 [ACK] Seq=2883 Ack=3058 Win=74240 Len=0"
"2269","38.325505","FioImma.local","www.google.com","QUIC","1292","Initial, DCID=75318f04201ec9b3, PKN: 4, CRYPTO"
"2270","38.326524","FioImma.local","mars.octa.edu","DNS","85","Standard query 0xba06 A tpc.googlesyndication.com"
"2271","38.326651","FioImma.local","mars.octa.edu","DNS","85","Standard query 0xa0df HTTPS tpc.googlesyndication.com"
"2272","38.350679","mars.octa.edu","FioImma.local","DNS","101","Standard query response 0xba06 A tpc.googlesyndication.com A 142.250.182.33"
"2273","38.350679","mars.octa.edu","FioImma.local","DNS","142","Standard query response 0xa0df HTTPS tpc.googlesyndication.com SOA ns1.google.com"
"2274","38.353064","FioImma.local","tpc.googlesyndication.com","QUIC","1292","Initial, DCID=6c45209cf52bac5c, PKN: 1, CRYPTO"
"2275","38.353162","FioImma.local","tpc.googlesyndication.com","QUIC","1292","Initial, DCID=6c45209cf52bac5c, PKN: 2, PING, CRYPTO, PING, PADDING, PING, PING, PADDING, PING, PADDING, PING"
"2276","38.353555","FioImma.local","tpc.googlesyndication.com","TCP","66","54844  >  443 [SYN] Seq=0 Win=64240 Len=0 MSS=1460 WS=256 SACK_PERM"
"2277","38.364437","tpc.googlesyndication.com","FioImma.local","TCP","66","443  >  54844 [SYN, ACK] Seq=0 Ack=1 Win=65535 Len=0 MSS=1412 SACK_PERM WS=256"
"2278","38.364492","FioImma.local","tpc.googlesyndication.com","TCP","54","54844  >  443 [ACK] Seq=1 Ack=1 Win=131072 Len=0"
"2279","38.365370","FioImma.local","tpc.googlesyndication.com","TCP","1466","54844  >  443 [ACK] Seq=1 Ack=1 Win=131072 Len=1412 [TCP PDU reassembled in 2280]"
"2280","38.365370","FioImma.local","tpc.googlesyndication.com","TLSv1.3","906","Client Hello (SNI=tpc.googlesyndication.com)"
"2281","38.372794","tpc.googlesyndication.com","FioImma.local","TCP","60","443  >  54844 [ACK] Seq=1 Ack=1413 Win=68608 Len=0"
"2282","38.374941","tpc.googlesyndication.com","FioImma.local","TCP","60","443  >  54844 [ACK] Seq=1 Ack=2265 Win=71424 Len=0"
"2283","38.409851","tpc.googlesyndication.com","FioImma.local","TLSv1.3","1466","Server Hello, Change Cipher Spec"
"2284","38.409851","tpc.googlesyndication.com","FioImma.local","TLSv1.3","116","Application Data"
"2285","38.409925","FioImma.local","tpc.googlesyndication.com","TCP","54","54844  >  443 [ACK] Seq=2265 Ack=1475 Win=131072 Len=0"
"2286","38.411897","FioImma.local","tpc.googlesyndication.com","TLSv1.3","128","Change Cipher Spec, Application Data"
"2287","38.412278","FioImma.local","tpc.googlesyndication.com","TLSv1.3","146","Application Data"
"2288","38.412609","FioImma.local","tpc.googlesyndication.com","TLSv1.3","591","Application Data"
"2289","38.422102","tpc.googlesyndication.com","FioImma.local","TLSv1.3","1034","Application Data, Application Data"
"2290","38.422102","ieee.hum.works","FioImma.local","TLSv1.3","145","Application Data"
"2291","38.422102","ieee.hum.works","FioImma.local","TLSv1.3","97","Application Data"
"2292","38.422102","tpc.googlesyndication.com","FioImma.local","TLSv1.3","219","Application Data"
"2293","38.422102","ieee.hum.works","FioImma.local","TLSv1.3","93","Application Data"
"2294","38.422199","FioImma.local","tpc.googlesyndication.com","TCP","54","54844  >  443 [ACK] Seq=2968 Ack=2620 Win=130048 Len=0"
"2295","38.422237","FioImma.local","ieee.hum.works","TCP","54","54827  >  443 [ACK] Seq=4924 Ack=4631 Win=131072 Len=0"
"2296","38.423002","FioImma.local","ieee.hum.works","TLSv1.3","93","Application Data"
"2297","38.423049","FioImma.local","tpc.googlesyndication.com","TLSv1.3","85","Application Data"
"2298","38.423067","FioImma.local","tpc.googlesyndication.com","TLSv1.3","93","Application Data"
"2299","38.432634","ieee.hum.works","FioImma.local","TCP","60","443  >  54827 [ACK] Seq=4631 Ack=4963 Win=85504 Len=0"
"2300","38.432634","tpc.googlesyndication.com","FioImma.local","TCP","60","443  >  54844 [ACK] Seq=2620 Ack=3038 Win=74240 Len=0"
"2301","38.487416","ec2-35-174-127-31.compute-1.amazonaws.com","FioImma.local","TLSv1.2","320","Application Data"
"2302","38.526968","FioImma.local","ec2-35-174-127-31.compute-1.amazonaws.com","TCP","54","54503  >  443 [ACK] Seq=730 Ack=799 Win=511 Len=0"
"2303","38.527150","FioImma.local","scholar.l.google.com","QUIC","1292","Initial, DCID=d9e28ad9360d0508, PKN: 8, CRYPTO"
"2304","38.647442","d34ow7epij5zhk.cloudfront.net","FioImma.local","TLSv1.3","561","Application Data"
"2305","38.647442","d34ow7epij5zhk.cloudfront.net","FioImma.local","TLSv1.3","85","Application Data"
"2306","38.647627","FioImma.local","d34ow7epij5zhk.cloudfront.net","TCP","54","54808  >  443 [ACK] Seq=100099 Ack=60791 Win=131840 Len=0"
"2307","38.666413","FioImma.local","tpc.googlesyndication.com","QUIC","1292","Initial, DCID=6c45209cf52bac5c, PKN: 4, CRYPTO"
"2308","38.745353","js.zi-scripts.com","FioImma.local","TLSv1.3","310","Application Data"
"2309","38.762697","FioImma.local","mars.octa.edu","DNS","75","Standard query 0x7164 A ws.zoominfo.com"
"2310","38.762894","FioImma.local","mars.octa.edu","DNS","75","Standard query 0xb441 HTTPS ws.zoominfo.com"
"2311","38.781080","FioImma.local","tpc.googlesyndication.com","QUIC","1292","Initial, DCID=7f453eac2425b2ae, PKN: 6, PING, PING, PADDING, CRYPTO, CRYPTO, CRYPTO, PADDING, CRYPTO, PING, PING, PING, PING, PING, CRYPTO, PADDING, PING, PING, CRYPTO"
"2312","38.788009","mars.octa.edu","FioImma.local","DNS","107","Standard query response 0x7164 A ws.zoominfo.com A 104.16.117.43 A 104.16.118.43"
"2313","38.788009","mars.octa.edu","FioImma.local","DNS","148","Standard query response 0xb441 HTTPS ws.zoominfo.com HTTPS"
"2314","38.788650","FioImma.local","ws.zoominfo.com","TCP","66","54845  >  443 [SYN] Seq=0 Win=64240 Len=0 MSS=1460 WS=256 SACK_PERM"
"2315","38.788732","FioImma.local","js.zi-scripts.com","TCP","54","54841  >  443 [ACK] Seq=2953 Ack=2704 Win=130560 Len=0"
"2316","38.824499","ws.zoominfo.com","FioImma.local","TCP","66","443  >  54845 [SYN, ACK] Seq=0 Ack=1 Win=65535 Len=0 MSS=1400 SACK_PERM WS=8192"
"2317","38.824610","FioImma.local","ws.zoominfo.com","TCP","54","54845  >  443 [ACK] Seq=1 Ack=1 Win=131584 Len=0"
"2318","38.825820","FioImma.local","ws.zoominfo.com","TCP","1454","54845  >  443 [ACK] Seq=1 Ack=1 Win=131584 Len=1400 [TCP PDU reassembled in 2319]"
"2319","38.825820","FioImma.local","ws.zoominfo.com","TLSv1.3","714","Client Hello (SNI=ws.zoominfo.com)"
"2320","38.830290","FioImma.local","mars.octa.edu","DNS","95","Standard query 0x7729 PTR 1.80.190.35.in-addr.arpa OPT"
"2321","38.864568","ws.zoominfo.com","FioImma.local","TCP","60","443  >  54845 [ACK] Seq=1 Ack=1401 Win=73728 Len=0"
"2322","38.864568","ws.zoominfo.com","FioImma.local","TCP","60","443  >  54845 [ACK] Seq=1 Ack=2061 Win=73728 Len=0"
"2323","38.866847","ws.zoominfo.com","FioImma.local","TLSv1.3","1429","Server Hello, Change Cipher Spec, Application Data"
"2324","38.867685","FioImma.local","ws.zoominfo.com","TLSv1.3","118","Change Cipher Spec, Application Data"
"2325","38.867886","FioImma.local","ws.zoominfo.com","TLSv1.3","146","Application Data"
"2326","38.868128","FioImma.local","ws.zoominfo.com","TLSv1.3","485","Application Data"
"2327","38.886096","mars.octa.edu","FioImma.local","DNS","145","Standard query response 0x7729 PTR 1.80.190.35.in-addr.arpa PTR 1.80.190.35.bc.googleusercontent.com OPT"
"2328","38.905793","ws.zoominfo.com","FioImma.local","TCP","60","443  >  54845 [ACK] Seq=1376 Ack=2217 Win=73728 Len=0"
"2329","38.905793","ws.zoominfo.com","FioImma.local","TLSv1.3","591","Application Data, Application Data"
"2330","38.905874","FioImma.local","ws.zoominfo.com","TCP","54","54845  >  443 [ACK] Seq=2648 Ack=1913 Win=131584 Len=0"
"2331","38.906513","FioImma.local","ws.zoominfo.com","TLSv1.3","85","Application Data"
"2332","38.934698","FioImma.local","www.google.com","QUIC","1292","Initial, DCID=75318f04201ec9b3, PKN: 6, PADDING, CRYPTO, PING, PADDING, PING, CRYPTO, CRYPTO"
"2333","38.945611","ws.zoominfo.com","FioImma.local","TCP","60","443  >  54845 [ACK] Seq=1913 Ack=2648 Win=81920 Len=0"
"2334","38.986286","ws.zoominfo.com","FioImma.local","TCP","60","443  >  54845 [ACK] Seq=1913 Ack=2679 Win=81920 Len=0"
"2335","39.049422","FioImma.local","pagead2.googlesyndication.com","QUIC","1292","Initial, DCID=350b0ca47d434f34, PKN: 8, CRYPTO"
"2336","39.173029","FioImma.local","www.google.com","QUIC","1292","Initial, DCID=1b4b39d17ed4ef16, PKN: 8, CRYPTO"
"2337","39.217157","ws.zoominfo.com","FioImma.local","TLSv1.3","773","Application Data"
"2338","39.217157","ws.zoominfo.com","FioImma.local","TLSv1.3","119","Application Data"
"2339","39.217157","ws.zoominfo.com","FioImma.local","TLSv1.3","85","Application Data"
"2340","39.217222","FioImma.local","ws.zoominfo.com","TCP","54","54845  >  443 [ACK] Seq=2679 Ack=2728 Win=130560 Len=0"
"2341","39.221793","FioImma.local","ws.zoominfo.com","TCP","66","54846  >  443 [SYN] Seq=0 Win=64240 Len=0 MSS=1460 WS=256 SACK_PERM"
"2342","39.259739","ws.zoominfo.com","FioImma.local","TCP","66","443  >  54846 [SYN, ACK] Seq=0 Ack=1 Win=65535 Len=0 MSS=1400 SACK_PERM WS=8192"
"2343","39.259853","FioImma.local","ws.zoominfo.com","TCP","54","54846  >  443 [ACK] Seq=1 Ack=1 Win=131584 Len=0"
"2344","39.261101","FioImma.local","ws.zoominfo.com","TCP","1454","54846  >  443 [ACK] Seq=1 Ack=1 Win=131584 Len=1400 [TCP PDU reassembled in 2345]"
"2345","39.261101","FioImma.local","ws.zoominfo.com","TLSv1.3","714","Client Hello (SNI=ws.zoominfo.com)"
"2346","39.266500","FioImma.local","tpc.googlesyndication.com","QUIC","1292","Initial, DCID=6c45209cf52bac5c, PKN: 6, PADDING, PING, PADDING, PING, PADDING, CRYPTO, PING, CRYPTO, PADDING, PING, CRYPTO, PADDING, PING, PING, PADDING, PING, PADDING, PING, PADDING"
"2347","39.287101","FioImma.local","pagead2.googlesyndication.com","TCP","66","54847  >  443 [SYN] Seq=0 Win=64240 Len=0 MSS=1460 WS=256 SACK_PERM"
"2348","39.298197","pagead2.googlesyndication.com","FioImma.local","TCP","66","443  >  54847 [SYN, ACK] Seq=0 Ack=1 Win=65535 Len=0 MSS=1412 SACK_PERM WS=256"
"2349","39.298262","FioImma.local","pagead2.googlesyndication.com","TCP","54","54847  >  443 [ACK] Seq=1 Ack=1 Win=131072 Len=0"
"2350","39.299290","FioImma.local","pagead2.googlesyndication.com","TCP","1466","54847  >  443 [ACK] Seq=1 Ack=1 Win=131072 Len=1412 [TCP PDU reassembled in 2351]"
"2351","39.299290","FioImma.local","pagead2.googlesyndication.com","TLSv1.3","946","Client Hello (SNI=pagead2.googlesyndication.com)"
"2352","39.300125","ws.zoominfo.com","FioImma.local","TCP","60","443  >  54846 [ACK] Seq=1 Ack=1401 Win=73728 Len=0"
"2353","39.300125","ws.zoominfo.com","FioImma.local","TCP","60","443  >  54846 [ACK] Seq=1 Ack=2061 Win=73728 Len=0"
"2354","39.303322","ws.zoominfo.com","FioImma.local","TLSv1.3","1429","Server Hello, Change Cipher Spec, Application Data"
"2355","39.303938","FioImma.local","ws.zoominfo.com","TLSv1.3","118","Change Cipher Spec, Application Data"
"2356","39.304061","FioImma.local","ws.zoominfo.com","TLSv1.3","146","Application Data"
"2357","39.304193","FioImma.local","ws.zoominfo.com","TLSv1.3","798","Application Data"
"2358","39.309077","pagead2.googlesyndication.com","FioImma.local","TCP","60","443  >  54847 [ACK] Seq=1 Ack=1413 Win=68608 Len=0"
"2359","39.309077","pagead2.googlesyndication.com","FioImma.local","TCP","60","443  >  54847 [ACK] Seq=1 Ack=2305 Win=71424 Len=0"
"2360","39.342384","ws.zoominfo.com","FioImma.local","TLSv1.3","582","Application Data, Application Data"
"2361","39.342384","ws.zoominfo.com","FioImma.local","TLSv1.3","85","Application Data"
"2362","39.342384","pagead2.googlesyndication.com","FioImma.local","TLSv1.3","1466","Server Hello, Change Cipher Spec"
"2363","39.342384","pagead2.googlesyndication.com","FioImma.local","TLSv1.3","120","Application Data"
"2364","39.342470","FioImma.local","ws.zoominfo.com","TCP","54","54846  >  443 [ACK] Seq=2961 Ack=1935 Win=131584 Len=0"
"2365","39.342517","FioImma.local","pagead2.googlesyndication.com","TCP","54","54847  >  443 [ACK] Seq=2305 Ack=1479 Win=131072 Len=0"
"2366","39.343812","FioImma.local","pagead2.googlesyndication.com","TLSv1.3","128","Change Cipher Spec, Application Data"
"2367","39.344532","FioImma.local","ws.zoominfo.com","TLSv1.3","85","Application Data"
"2368","39.344588","FioImma.local","pagead2.googlesyndication.com","TLSv1.3","146","Application Data"
"2369","39.344848","FioImma.local","pagead2.googlesyndication.com","TCP","1466","54847  >  443 [ACK] Seq=2471 Ack=1479 Win=131072 Len=1412 [TCP PDU reassembled in 2370]"
"2370","39.344848","FioImma.local","pagead2.googlesyndication.com","TLSv1.3","125","Application Data"
"2371","39.354900","pagead2.googlesyndication.com","FioImma.local","TCP","60","443  >  54847 [ACK] Seq=1479 Ack=3883 Win=74240 Len=0"
"2372","39.354900","pagead2.googlesyndication.com","FioImma.local","TLSv1.3","1042","Application Data, Application Data"
"2373","39.354900","pagead2.googlesyndication.com","FioImma.local","TLSv1.3","85","Application Data"
"2374","39.354993","FioImma.local","pagead2.googlesyndication.com","TCP","54","54847  >  443 [ACK] Seq=3954 Ack=2498 Win=130048 Len=0"
"2375","39.355374","FioImma.local","pagead2.googlesyndication.com","TLSv1.3","85","Application Data"
"2376","39.370364","pagead2.googlesyndication.com","FioImma.local","TCP","60","443  >  54847 [ACK] Seq=2498 Ack=3985 Win=74240 Len=0"
"2377","39.382946","ws.zoominfo.com","FioImma.local","TCP","60","443  >  54846 [ACK] Seq=1935 Ack=2961 Win=81920 Len=0"
"2378","39.392640","pagead2.googlesyndication.com","FioImma.local","TLSv1.3","369","Application Data"
"2379","39.392640","pagead2.googlesyndication.com","FioImma.local","TLSv1.3","85","Application Data"
"2380","39.392640","pagead2.googlesyndication.com","FioImma.local","TLSv1.3","93","Application Data"
"2381","39.392708","FioImma.local","pagead2.googlesyndication.com","TCP","54","54847  >  443 [ACK] Seq=3985 Ack=2883 Win=129792 Len=0"
"2382","39.393190","FioImma.local","pagead2.googlesyndication.com","TLSv1.3","93","Application Data"
"2383","39.409444","pagead2.googlesyndication.com","FioImma.local","TCP","60","443  >  54847 [ACK] Seq=2883 Ack=4024 Win=74240 Len=0"
"2384","39.423922","ws.zoominfo.com","FioImma.local","TCP","60","443  >  54846 [ACK] Seq=1935 Ack=2992 Win=81920 Len=0"
"2385","39.500314","FioImma.local","mars.octa.edu","DNS","84","Standard query 0x23bc A www.googleadservices.com"
"2386","39.500755","FioImma.local","mars.octa.edu","DNS","84","Standard query 0x14e2 HTTPS www.googleadservices.com"
"2387","39.525998","mars.octa.edu","FioImma.local","DNS","100","Standard query response 0x23bc A www.googleadservices.com A 142.250.182.98"
"2388","39.525998","mars.octa.edu","FioImma.local","DNS","109","Standard query response 0x14e2 HTTPS www.googleadservices.com HTTPS"
"2389","39.527416","FioImma.local","www.googleadservices.com","QUIC","1292","Initial, DCID=548f45b02bc24ae6, PKN: 1, CRYPTO"
"2390","39.527526","FioImma.local","www.googleadservices.com","QUIC","1292","Initial, DCID=548f45b02bc24ae6, PKN: 2, PING, CRYPTO, CRYPTO, CRYPTO, PADDING, CRYPTO, CRYPTO, PING, CRYPTO, CRYPTO, PADDING, CRYPTO"
"2391","39.527980","FioImma.local","www.googleadservices.com","TCP","66","54848  >  443 [SYN] Seq=0 Win=64240 Len=0 MSS=1460 WS=256 SACK_PERM"
"2392","39.539763","www.googleadservices.com","FioImma.local","TCP","66","443  >  54848 [SYN, ACK] Seq=0 Ack=1 Win=65535 Len=0 MSS=1412 SACK_PERM WS=256"
"2393","39.539829","FioImma.local","www.googleadservices.com","TCP","54","54848  >  443 [ACK] Seq=1 Ack=1 Win=131072 Len=0"
"2394","39.541291","FioImma.local","www.googleadservices.com","TCP","1466","54848  >  443 [ACK] Seq=1 Ack=1 Win=131072 Len=1412 [TCP PDU reassembled in 2395]"
"2395","39.541291","FioImma.local","www.googleadservices.com","TLSv1.3","440","Client Hello (SNI=www.googleadservices.com)"
"2396","39.548968","www.googleadservices.com","FioImma.local","TCP","60","443  >  54848 [ACK] Seq=1 Ack=1413 Win=68608 Len=0"
"2397","39.550070","www.googleadservices.com","FioImma.local","TCP","60","443  >  54848 [ACK] Seq=1 Ack=1799 Win=71424 Len=0"
"2398","39.584301","www.googleadservices.com","FioImma.local","TLSv1.3","4290","Server Hello, Change Cipher Spec"
"2399","39.584301","www.googleadservices.com","FioImma.local","TLSv1.3","1199","Application Data"
"2400","39.584360","FioImma.local","www.googleadservices.com","TCP","54","54848  >  443 [ACK] Seq=1799 Ack=5382 Win=131072 Len=0"
"2401","39.590536","FioImma.local","www.googleadservices.com","TLSv1.3","128","Change Cipher Spec, Application Data"
"2402","39.590917","FioImma.local","www.googleadservices.com","TLSv1.3","146","Application Data"
"2403","39.591151","FioImma.local","www.googleadservices.com","TLSv1.3","388","Application Data"
"2404","39.591203","FioImma.local","www.googleadservices.com","TCP","1466","54848  >  443 [ACK] Seq=2299 Ack=5382 Win=131072 Len=1412 [TCP PDU reassembled in 2406]"
"2405","39.591203","FioImma.local","www.googleadservices.com","TCP","1466","54848  >  443 [ACK] Seq=3711 Ack=5382 Win=131072 Len=1412 [TCP PDU reassembled in 2406]"
"2406","39.591203","FioImma.local","www.googleadservices.com","TLSv1.3","305","Application Data"
"2407","39.599936","www.googleadservices.com","FioImma.local","TLSv1.3","1032","Application Data, Application Data"
"2408","39.599936","www.googleadservices.com","FioImma.local","TLSv1.3","85","Application Data"
"2409","39.599936","www.googleadservices.com","FioImma.local","TCP","60","443  >  54848 [ACK] Seq=6391 Ack=3711 Win=77056 Len=0"
"2410","39.599936","www.googleadservices.com","FioImma.local","TCP","60","443  >  54848 [ACK] Seq=6391 Ack=5374 Win=82688 Len=0"
"2411","39.599992","FioImma.local","www.googleadservices.com","TCP","54","54848  >  443 [ACK] Seq=5374 Ack=6391 Win=130304 Len=0"
"2412","39.600237","FioImma.local","www.googleadservices.com","TLSv1.3","85","Application Data"
"2413","39.614445","www.googleadservices.com","FioImma.local","TCP","60","443  >  54848 [ACK] Seq=6391 Ack=5405 Win=82688 Len=0"
"2414","39.638552","www.googleadservices.com","FioImma.local","TLSv1.3","369","Application Data"
"2415","39.638552","www.googleadservices.com","FioImma.local","TLSv1.3","85","Application Data"
"2416","39.638552","www.googleadservices.com","FioImma.local","TLSv1.3","93","Application Data"
"2417","39.638606","FioImma.local","www.googleadservices.com","TCP","54","54848  >  443 [ACK] Seq=5405 Ack=6776 Win=129792 Len=0"
"2418","39.639472","FioImma.local","www.googleadservices.com","TLSv1.3","93","Application Data"
"2419","39.655061","www.googleadservices.com","FioImma.local","TCP","60","443  >  54848 [ACK] Seq=6776 Ack=5444 Win=82688 Len=0"
"2420","39.715775","ws.zoominfo.com","FioImma.local","TLSv1.3","461","Application Data"
"2421","39.715775","ws.zoominfo.com","FioImma.local","TLSv1.3","1379","Application Data"
"2422","39.715775","ws.zoominfo.com","FioImma.local","TLSv1.3","85","Application Data"
"2423","39.715895","FioImma.local","ws.zoominfo.com","TCP","54","54846  >  443 [ACK] Seq=2992 Ack=3698 Win=131584 Len=0"
"2424","39.729058","FioImma.local","ws.zoominfo.com","TLSv1.3","204","Application Data"
"2425","39.768032","ws.zoominfo.com","FioImma.local","TCP","60","443  >  54845 [ACK] Seq=2728 Ack=2829 Win=81920 Len=0"
"2426","39.768174","FioImma.local","igmp.mcast.net","IGMPv3","54","Membership Report / Join group 239.255.255.250 for any sources"
"2427","39.842443","FioImma.local","www.googleadservices.com","QUIC","1292","Initial, DCID=548f45b02bc24ae6, PKN: 4, CRYPTO"
"2428","39.883482","FioImma.local","www.gstatic.com","QUIC","1292","Initial, DCID=0a30a9834688ad4a, PKN: 9, CC, PADDING"
"2429","39.883874","FioImma.local","fonts.gstatic.com","QUIC","1292","Initial, DCID=8d45708570ae88d5, PKN: 9, CC, PADDING"
"2430","39.915887","FioImma.local","googlehosted.l.googleusercontent.com","QUIC","1292","Initial, DCID=2c7ffd09f9d824ff, PKN: 9, CC, PADDING"
"2431","39.981363","FioImma.local","tpc.googlesyndication.com","QUIC","1292","Initial, DCID=7f453eac2425b2ae, PKN: 8, CRYPTO"
"2432","40.076946","ws.zoominfo.com","FioImma.local","TLSv1.3","462","Application Data"
"2433","40.076946","ws.zoominfo.com","FioImma.local","TLSv1.3","124","Application Data"
"2434","40.076946","ws.zoominfo.com","FioImma.local","TLSv1.3","85","Application Data"
"2435","40.077018","FioImma.local","ws.zoominfo.com","TCP","54","54845  >  443 [ACK] Seq=2829 Ack=3237 Win=130048 Len=0"
"2436","40.081299","FioImma.local","ws.zoominfo.com","TLSv1.3","308","Application Data"
"2437","40.081372","FioImma.local","ws.zoominfo.com","TLSv1.3","382","Application Data"
"2438","40.119423","ws.zoominfo.com","FioImma.local","TCP","60","443  >  54845 [ACK] Seq=3237 Ack=3083 Win=81920 Len=0"
"2439","40.119423","ws.zoominfo.com","FioImma.local","TCP","60","443  >  54845 [ACK] Seq=3237 Ack=3411 Win=90112 Len=0"
"2440","40.128068","FioImma.local","fonts.gstatic.com","QUIC","1292","Initial, DCID=ad7557a491da8278, PKN: 9, CC, PADDING"
"2441","40.136364","FioImma.local","www.google.com","QUIC","1292","Initial, DCID=75318f04201ec9b3, PKN: 8, CRYPTO"
"2442","40.202535","FioImma.local","mars.octa.edu","DNS","84","Standard query 0x198f A www.googleadservices.com"
"2443","40.202835","FioImma.local","mars.octa.edu","DNS","84","Standard query 0x3d31 HTTPS www.googleadservices.com"
"2444","40.228789","mars.octa.edu","FioImma.local","DNS","100","Standard query response 0x198f A www.googleadservices.com A 142.250.182.98"
"2445","40.228789","mars.octa.edu","FioImma.local","DNS","109","Standard query response 0x3d31 HTTPS www.googleadservices.com HTTPS"
"2446","40.230812","FioImma.local","www.googleadservices.com","QUIC","1292","Initial, DCID=f9209e8475696404, PKN: 1, CRYPTO"
"2447","40.230908","FioImma.local","www.googleadservices.com","QUIC","1292","Initial, DCID=f9209e8475696404, PKN: 2, CRYPTO, CRYPTO, PADDING, CRYPTO, PADDING, CRYPTO, PADDING"
"2448","40.231301","FioImma.local","www.googleadservices.com","TCP","66","54849  >  443 [SYN] Seq=0 Win=64240 Len=0 MSS=1460 WS=256 SACK_PERM"
"2449","40.241199","www.googleadservices.com","FioImma.local","TCP","66","443  >  54849 [SYN, ACK] Seq=0 Ack=1 Win=65535 Len=0 MSS=1412 SACK_PERM WS=256"
"2450","40.241281","FioImma.local","www.googleadservices.com","TCP","54","54849  >  443 [ACK] Seq=1 Ack=1 Win=131072 Len=0"
"2451","40.242680","FioImma.local","www.googleadservices.com","TCP","1466","54849  >  443 [ACK] Seq=1 Ack=1 Win=131072 Len=1412 [TCP PDU reassembled in 2452]"
"2452","40.242680","FioImma.local","www.googleadservices.com","TLSv1.3","408","Client Hello (SNI=www.googleadservices.com)"
"2453","40.254054","www.googleadservices.com","FioImma.local","TCP","60","443  >  54849 [ACK] Seq=1 Ack=1413 Win=68608 Len=0"
"2454","40.254054","www.googleadservices.com","FioImma.local","TCP","60","443  >  54849 [ACK] Seq=1 Ack=1767 Win=71424 Len=0"
"2455","40.286187","www.googleadservices.com","FioImma.local","TLSv1.3","4290","Server Hello, Change Cipher Spec"
"2456","40.286187","www.googleadservices.com","FioImma.local","TLSv1.3","1199","Application Data"
"2457","40.286281","FioImma.local","www.googleadservices.com","TCP","54","54849  >  443 [ACK] Seq=1767 Ack=5382 Win=131072 Len=0"
"2458","40.289464","FioImma.local","www.googleadservices.com","TLSv1.3","128","Change Cipher Spec, Application Data"
"2459","40.290027","FioImma.local","www.googleadservices.com","TLSv1.3","146","Application Data"
"2460","40.290336","FioImma.local","www.googleadservices.com","TLSv1.3","388","Application Data"
"2461","40.290406","FioImma.local","www.googleadservices.com","TCP","1466","54849  >  443 [ACK] Seq=2267 Ack=5382 Win=131072 Len=1412 [TCP PDU reassembled in 2463]"
"2462","40.290406","FioImma.local","www.googleadservices.com","TCP","1466","54849  >  443 [ACK] Seq=3679 Ack=5382 Win=131072 Len=1412 [TCP PDU reassembled in 2463]"
"2463","40.290406","FioImma.local","www.googleadservices.com","TLSv1.3","305","Application Data"
"2464","40.298536","www.googleadservices.com","FioImma.local","TLSv1.3","1032","Application Data, Application Data"
"2465","40.298536","www.googleadservices.com","FioImma.local","TLSv1.3","85","Application Data"
"2466","40.298536","www.googleadservices.com","FioImma.local","TCP","60","443  >  54849 [ACK] Seq=6391 Ack=3679 Win=77056 Len=0"
"2467","40.298594","FioImma.local","www.googleadservices.com","TCP","54","54849  >  443 [ACK] Seq=5342 Ack=6391 Win=130304 Len=0"
"2468","40.298983","FioImma.local","www.googleadservices.com","TLSv1.3","85","Application Data"
"2469","40.301080","www.googleadservices.com","FioImma.local","TCP","60","443  >  54849 [ACK] Seq=6391 Ack=5342 Win=82688 Len=0"
"2470","40.311933","www.googleadservices.com","FioImma.local","TCP","60","443  >  54849 [ACK] Seq=6391 Ack=5373 Win=82688 Len=0"
"2471","40.338027","www.googleadservices.com","FioImma.local","TLSv1.3","369","Application Data"
"2472","40.339281","www.googleadservices.com","FioImma.local","TLSv1.3","85","Application Data"
"2473","40.339281","www.googleadservices.com","FioImma.local","TLSv1.3","93","Application Data"
"2474","40.339333","FioImma.local","www.googleadservices.com","TCP","54","54849  >  443 [ACK] Seq=5373 Ack=6776 Win=129792 Len=0"
"2475","40.339956","FioImma.local","www.googleadservices.com","TLSv1.3","93","Application Data"
"2476","40.356346","www.googleadservices.com","FioImma.local","TCP","60","443  >  54849 [ACK] Seq=6776 Ack=5412 Win=82688 Len=0"
"2477","40.430467","FioImma.local","scholar.l.google.com","QUIC","1292","Initial, DCID=d9e28ad9360d0508, PKN: 9, CC, PADDING"
"2478","40.446620","ws.zoominfo.com","FioImma.local","TLSv1.3","551","Application Data"
"2479","40.447387","FioImma.local","www.googleadservices.com","QUIC","1292","Initial, DCID=548f45b02bc24ae6, PKN: 6, PING, PING, PADDING, PING, CRYPTO, PING, PADDING, PING, PADDING"
"2480","40.470729","FioImma.local","tpc.googlesyndication.com","QUIC","1292","Initial, DCID=6c45209cf52bac5c, PKN: 8, CRYPTO"
"2481","40.494444","FioImma.local","ws.zoominfo.com","TCP","54","54845  >  443 [ACK] Seq=3411 Ack=3734 Win=131584 Len=0"
"2482","40.543162","FioImma.local","www.googleadservices.com","QUIC","1292","Initial, DCID=f9209e8475696404, PKN: 4, CRYPTO"
"2483","40.761168","FioImma.local","52.123.171.33","TLSv1.2","111","Application Data"
"2484","40.848678","FioImma.local","mars.octa.edu","DNS","97","Standard query 0x437c PTR 33.171.123.52.in-addr.arpa OPT"
"2485","40.912553","mars.octa.edu","FioImma.local","DNS","183","Standard query response 0x437c No such name PTR 33.171.123.52.in-addr.arpa SOA ns1-07.azure-dns.com OPT"
"2486","40.925342","52.123.171.33","FioImma.local","TLSv1.2","100","Application Data"
"2487","40.949840","FioImma.local","pagead2.googlesyndication.com","QUIC","1292","Initial, DCID=350b0ca47d434f34, PKN: 9, CC, PADDING"
"2488","40.966302","FioImma.local","52.123.171.33","TCP","54","54464  >  443 [ACK] Seq=58 Ack=47 Win=510 Len=0"
"2489","41.064499","FioImma.local","www.google.com","QUIC","1292","Initial, DCID=1b4b39d17ed4ef16, PKN: 9, CC, PADDING"
"2490","41.145273","FioImma.local","www.googleadservices.com","QUIC","1292","Initial, DCID=f9209e8475696404, PKN: 6, CRYPTO, CRYPTO, PADDING, CRYPTO, CRYPTO, PING, CRYPTO, PADDING, CRYPTO, PADDING, CRYPTO, CRYPTO"
"2491","41.650191","FioImma.local","www.googleadservices.com","QUIC","1292","Initial, DCID=548f45b02bc24ae6, PKN: 8, CRYPTO"
"2492","41.797865","FioImma.local","mars.octa.edu","DNS","84","Standard query 0x8936 A www.googleadservices.com"
"2493","41.798209","FioImma.local","mars.octa.edu","DNS","84","Standard query 0xbde0 HTTPS www.googleadservices.com"
"2494","41.823497","mars.octa.edu","FioImma.local","DNS","100","Standard query response 0x8936 A www.googleadservices.com A 142.250.182.98"
"2495","41.823497","mars.octa.edu","FioImma.local","DNS","109","Standard query response 0xbde0 HTTPS www.googleadservices.com HTTPS"
"2496","41.825521","FioImma.local","www.googleadservices.com","QUIC","1292","Initial, DCID=70e86941a8a59ff7, PKN: 1, CRYPTO"
"2497","41.825616","FioImma.local","www.googleadservices.com","QUIC","1292","Initial, DCID=70e86941a8a59ff7, PKN: 2, PADDING, PING, CRYPTO, CRYPTO, CRYPTO, CRYPTO, CRYPTO, PING, PING, PING, PING, CRYPTO, PADDING, CRYPTO, PING, CRYPTO, CRYPTO, CRYPTO, PADDING, PING, PING, PADDING"
"2498","41.826116","FioImma.local","www.googleadservices.com","TCP","66","54850  >  443 [SYN] Seq=0 Win=64240 Len=0 MSS=1460 WS=256 SACK_PERM"
"2499","41.838033","www.googleadservices.com","FioImma.local","TCP","66","443  >  54850 [SYN, ACK] Seq=0 Ack=1 Win=65535 Len=0 MSS=1412 SACK_PERM WS=256"
"2500","41.838118","FioImma.local","www.googleadservices.com","TCP","54","54850  >  443 [ACK] Seq=1 Ack=1 Win=131072 Len=0"
"2501","41.839574","FioImma.local","www.googleadservices.com","TCP","1466","54850  >  443 [ACK] Seq=1 Ack=1 Win=131072 Len=1412 [TCP PDU reassembled in 2502]"
"2502","41.839574","FioImma.local","www.googleadservices.com","TLSv1.3","376","Client Hello (SNI=www.googleadservices.com)"
"2503","41.848680","www.googleadservices.com","FioImma.local","TCP","60","443  >  54850 [ACK] Seq=1 Ack=1413 Win=68608 Len=0"
"2504","41.848680","www.googleadservices.com","FioImma.local","TCP","60","443  >  54850 [ACK] Seq=1 Ack=1735 Win=71424 Len=0"
"2505","41.873445","FioImma.local","tpc.googlesyndication.com","QUIC","1292","Initial, DCID=7f453eac2425b2ae, PKN: 9, CC, PADDING"
"2506","41.883809","www.googleadservices.com","FioImma.local","TLSv1.3","4290","Server Hello, Change Cipher Spec"
"2507","41.883809","www.googleadservices.com","FioImma.local","TLSv1.3","1198","Application Data"
"2508","41.884036","FioImma.local","www.googleadservices.com","TCP","54","54850  >  443 [ACK] Seq=1735 Ack=5381 Win=131072 Len=0"
"2509","41.886515","FioImma.local","www.googleadservices.com","TLSv1.3","128","Change Cipher Spec, Application Data"
"2510","41.886791","FioImma.local","www.googleadservices.com","TLSv1.3","146","Application Data"
"2511","41.886965","FioImma.local","www.googleadservices.com","TLSv1.3","388","Application Data"
"2512","41.887016","FioImma.local","www.googleadservices.com","TCP","1466","54850  >  443 [ACK] Seq=2235 Ack=5381 Win=131072 Len=1412 [TCP PDU reassembled in 2514]"
"2513","41.887016","FioImma.local","www.googleadservices.com","TCP","1466","54850  >  443 [ACK] Seq=3647 Ack=5381 Win=131072 Len=1412 [TCP PDU reassembled in 2514]"
"2514","41.887016","FioImma.local","www.googleadservices.com","TLSv1.3","305","Application Data"
"2515","41.894518","www.googleadservices.com","FioImma.local","TLSv1.3","1032","Application Data, Application Data"
"2516","41.895046","FioImma.local","www.googleadservices.com","TLSv1.3","85","Application Data"
"2517","41.895625","www.googleadservices.com","FioImma.local","TLSv1.3","85","Application Data"
"2518","41.895625","www.googleadservices.com","FioImma.local","TCP","60","443  >  54850 [ACK] Seq=6390 Ack=3647 Win=77056 Len=0"
"2519","41.895625","www.googleadservices.com","FioImma.local","TCP","60","443  >  54850 [ACK] Seq=6390 Ack=5310 Win=82688 Len=0"
"2520","41.908583","www.googleadservices.com","FioImma.local","TCP","60","443  >  54850 [ACK] Seq=6390 Ack=5341 Win=82688 Len=0"
"2521","41.935482","www.googleadservices.com","FioImma.local","TLSv1.3","369","Application Data"
"2522","41.935482","www.googleadservices.com","FioImma.local","TLSv1.3","85","Application Data"
"2523","41.935482","www.googleadservices.com","FioImma.local","TLSv1.3","93","Application Data"
"2524","41.935546","FioImma.local","www.googleadservices.com","TCP","54","54850  >  443 [ACK] Seq=5341 Ack=6775 Win=129792 Len=0"
"2525","41.936886","FioImma.local","www.googleadservices.com","TLSv1.3","93","Application Data"
"2526","41.950975","www.googleadservices.com","FioImma.local","TCP","60","443  >  54850 [ACK] Seq=6775 Ack=5380 Win=82688 Len=0"
"2527","42.028882","FioImma.local","www.google.com","QUIC","1292","Initial, DCID=75318f04201ec9b3, PKN: 9, CC, PADDING"
"2528","42.126023","FioImma.local","www.googleadservices.com","QUIC","1292","Initial, DCID=70e86941a8a59ff7, PKN: 4, CRYPTO"
"2529","42.341475","FioImma.local","mars.octa.edu","DNS","84","Standard query 0x0637 A www.googleadservices.com"
"2530","42.341784","FioImma.local","mars.octa.edu","DNS","84","Standard query 0x7c83 HTTPS www.googleadservices.com"
"2531","42.347457","FioImma.local","www.googleadservices.com","QUIC","1292","Initial, DCID=f9209e8475696404, PKN: 8, CRYPTO"
"2532","42.363082","FioImma.local","tpc.googlesyndication.com","QUIC","1292","Initial, DCID=6c45209cf52bac5c, PKN: 9, CC, PADDING"
"2533","42.368334","mars.octa.edu","FioImma.local","DNS","100","Standard query response 0x0637 A www.googleadservices.com A 142.250.182.98"
"2534","42.368334","mars.octa.edu","FioImma.local","DNS","109","Standard query response 0x7c83 HTTPS www.googleadservices.com HTTPS"
"2535","42.371434","FioImma.local","www.googleadservices.com","QUIC","1292","Initial, DCID=4beccd5c3788a569, PKN: 1, CRYPTO"
"2536","42.371488","FioImma.local","www.googleadservices.com","QUIC","1292","Initial, DCID=4beccd5c3788a569, PKN: 2, CRYPTO, CRYPTO, PADDING, CRYPTO, CRYPTO, PADDING, CRYPTO, PING, CRYPTO, CRYPTO, PADDING, CRYPTO, CRYPTO, CRYPTO, PING"
"2537","42.371929","FioImma.local","www.googleadservices.com","TCP","66","54851  >  443 [SYN] Seq=0 Win=64240 Len=0 MSS=1460 WS=256 SACK_PERM"
"2538","42.380952","www.googleadservices.com","FioImma.local","TCP","66","443  >  54851 [SYN, ACK] Seq=0 Ack=1 Win=65535 Len=0 MSS=1412 SACK_PERM WS=256"
"2539","42.381011","FioImma.local","www.googleadservices.com","TCP","54","54851  >  443 [ACK] Seq=1 Ack=1 Win=131072 Len=0"
"2540","42.382329","FioImma.local","www.googleadservices.com","TCP","1466","54851  >  443 [ACK] Seq=1 Ack=1 Win=131072 Len=1412 [TCP PDU reassembled in 2541]"
"2541","42.382329","FioImma.local","www.googleadservices.com","TLSv1.3","440","Client Hello (SNI=www.googleadservices.com)"
"2542","42.391892","www.googleadservices.com","FioImma.local","TCP","60","443  >  54851 [ACK] Seq=1 Ack=1413 Win=68608 Len=0"
"2543","42.391892","www.googleadservices.com","FioImma.local","TCP","60","443  >  54851 [ACK] Seq=1 Ack=1799 Win=71424 Len=0"
"2544","42.424962","www.googleadservices.com","FioImma.local","TLSv1.3","4290","Server Hello, Change Cipher Spec"
"2545","42.424962","www.googleadservices.com","FioImma.local","TLSv1.3","1199","Application Data"
"2546","42.425052","FioImma.local","www.googleadservices.com","TCP","54","54851  >  443 [ACK] Seq=1799 Ack=5382 Win=131072 Len=0"
"2547","42.427138","FioImma.local","www.googleadservices.com","TLSv1.3","128","Change Cipher Spec, Application Data"
"2548","42.427477","FioImma.local","www.googleadservices.com","TLSv1.3","146","Application Data"
"2549","42.427839","FioImma.local","www.googleadservices.com","TLSv1.3","388","Application Data"
"2550","42.427931","FioImma.local","www.googleadservices.com","TCP","1466","54851  >  443 [ACK] Seq=2299 Ack=5382 Win=131072 Len=1412 [TCP PDU reassembled in 2552]"
"2551","42.427931","FioImma.local","www.googleadservices.com","TCP","1466","54851  >  443 [ACK] Seq=3711 Ack=5382 Win=131072 Len=1412 [TCP PDU reassembled in 2552]"
"2552","42.427931","FioImma.local","www.googleadservices.com","TLSv1.3","305","Application Data"
"2553","42.435510","www.googleadservices.com","FioImma.local","TCP","60","443  >  54851 [ACK] Seq=5382 Ack=3711 Win=77056 Len=0"
"2554","42.437199","www.googleadservices.com","FioImma.local","TCP","60","443  >  54851 [ACK] Seq=5382 Ack=5374 Win=82688 Len=0"
"2555","42.437199","www.googleadservices.com","FioImma.local","TLSv1.3","1032","Application Data, Application Data"
"2556","42.437199","www.googleadservices.com","FioImma.local","TLSv1.3","85","Application Data"
"2557","42.437236","FioImma.local","www.googleadservices.com","TCP","54","54851  >  443 [ACK] Seq=5374 Ack=6391 Win=130304 Len=0"
"2558","42.437409","FioImma.local","www.googleadservices.com","TLSv1.3","85","Application Data"
"2559","42.451783","www.googleadservices.com","FioImma.local","TCP","60","443  >  54851 [ACK] Seq=6391 Ack=5405 Win=82688 Len=0"
"2560","42.467316","FioImma.local","pagead2.googlesyndication.com","TLSv1.3","147","Application Data"
"2561","42.467396","FioImma.local","pagead2.googlesyndication.com","TLSv1.3","147","Application Data"
"2562","42.469909","FioImma.local","pagead2.googlesyndication.com","TLSv1.3","158","Application Data"
"2563","42.474779","www.googleadservices.com","FioImma.local","TLSv1.3","369","Application Data"
"2564","42.474779","www.googleadservices.com","FioImma.local","TLSv1.3","85","Application Data"
"2565","42.474779","www.googleadservices.com","FioImma.local","TLSv1.3","93","Application Data"
"2566","42.474819","FioImma.local","www.googleadservices.com","TCP","54","54851  >  443 [ACK] Seq=5405 Ack=6776 Win=129792 Len=0"
"2567","42.475316","FioImma.local","www.googleadservices.com","TLSv1.3","93","Application Data"
"2568","42.482269","pagead2.googlesyndication.com","FioImma.local","TCP","60","443  >  54840 [ACK] Seq=7166 Ack=3086 Win=77056 Len=0"
"2569","42.482269","pagead2.googlesyndication.com","FioImma.local","TCP","60","443  >  54840 [ACK] Seq=7166 Ack=3179 Win=77056 Len=0"
"2570","42.482269","pagead2.googlesyndication.com","FioImma.local","TCP","60","443  >  54840 [ACK] Seq=7166 Ack=3283 Win=77056 Len=0"
"2571","42.489312","www.googleadservices.com","FioImma.local","TCP","60","443  >  54851 [ACK] Seq=6776 Ack=5444 Win=82688 Len=0"
"2572","42.517827","pagead2.googlesyndication.com","FioImma.local","TLSv1.3","170","Application Data"
"2573","42.517827","pagead2.googlesyndication.com","FioImma.local","TLSv1.3","123","Application Data"
"2574","42.517827","pagead2.googlesyndication.com","FioImma.local","TLSv1.3","85","Application Data"
"2575","42.517827","pagead2.googlesyndication.com","FioImma.local","TLSv1.3","93","Application Data"
"2576","42.517827","pagead2.googlesyndication.com","FioImma.local","TLSv1.3","85","Application Data"
"2577","42.517827","pagead2.googlesyndication.com","FioImma.local","TLSv1.3","85","Application Data"
"2578","42.517943","FioImma.local","pagead2.googlesyndication.com","TCP","54","54840  >  443 [ACK] Seq=3283 Ack=7483 Win=130816 Len=0"
"2579","42.518855","FioImma.local","pagead2.googlesyndication.com","TLSv1.3","93","Application Data"
"2580","42.522128","FioImma.local","pagead2.googlesyndication.com","TLSv1.3","158","Application Data"
"2581","42.522463","FioImma.local","pagead2.googlesyndication.com","TLSv1.3","147","Application Data"
"2582","42.523345","FioImma.local","pagead2.googlesyndication.com","TLSv1.3","147","Application Data"
"2583","42.531311","pagead2.googlesyndication.com","FioImma.local","TCP","60","443  >  54840 [ACK] Seq=7483 Ack=3426 Win=77056 Len=0"
"2584","42.533360","pagead2.googlesyndication.com","FioImma.local","TCP","60","443  >  54840 [ACK] Seq=7483 Ack=3612 Win=77056 Len=0"
"2585","42.567065","pagead2.googlesyndication.com","FioImma.local","TLSv1.3","170","Application Data"
"2586","42.568506","FioImma.local","pagead2.googlesyndication.com","TLSv1.3","147","Application Data"
"2587","42.568659","pagead2.googlesyndication.com","FioImma.local","TLSv1.3","85","Application Data"
"2588","42.568659","pagead2.googlesyndication.com","FioImma.local","TLSv1.3","93","Application Data"
"2589","42.568659","pagead2.googlesyndication.com","FioImma.local","TLSv1.3","85","Application Data"
"2590","42.568659","pagead2.googlesyndication.com","FioImma.local","TLSv1.3","123","Application Data"
"2591","42.568659","pagead2.googlesyndication.com","FioImma.local","TLSv1.3","85","Application Data"
"2592","42.568753","FioImma.local","pagead2.googlesyndication.com","TCP","54","54840  >  443 [ACK] Seq=3705 Ack=7800 Win=130560 Len=0"
"2593","42.569904","FioImma.local","pagead2.googlesyndication.com","TLSv1.3","93","Application Data"
"2594","42.580418","pagead2.googlesyndication.com","FioImma.local","TCP","60","443  >  54840 [ACK] Seq=7800 Ack=3744 Win=77056 Len=0"
"2595","42.615581","pagead2.googlesyndication.com","FioImma.local","TLSv1.3","123","Application Data"
"2596","42.615581","pagead2.googlesyndication.com","FioImma.local","TLSv1.3","85","Application Data"
"2597","42.615581","pagead2.googlesyndication.com","FioImma.local","TLSv1.3","93","Application Data"
"2598","42.615680","FioImma.local","pagead2.googlesyndication.com","TCP","54","54840  >  443 [ACK] Seq=3744 Ack=7939 Win=130304 Len=0"
"2599","42.616264","FioImma.local","pagead2.googlesyndication.com","TLSv1.3","93","Application Data"
"2600","42.617532","FioImma.local","pagead2.googlesyndication.com","TLSv1.3","147","Application Data"
"2601","42.628296","pagead2.googlesyndication.com","FioImma.local","TCP","60","443  >  54840 [ACK] Seq=7939 Ack=3876 Win=77056 Len=0"
"2602","42.663251","pagead2.googlesyndication.com","FioImma.local","TLSv1.3","123","Application Data"
"2603","42.663251","pagead2.googlesyndication.com","FioImma.local","TLSv1.3","85","Application Data"
"2604","42.663251","pagead2.googlesyndication.com","FioImma.local","TLSv1.3","93","Application Data"
"2605","42.663345","FioImma.local","pagead2.googlesyndication.com","TCP","54","54840  >  443 [ACK] Seq=3876 Ack=8078 Win=130304 Len=0"
"2606","42.663770","FioImma.local","pagead2.googlesyndication.com","TLSv1.3","93","Application Data"
"2607","42.679478","pagead2.googlesyndication.com","FioImma.local","TCP","60","443  >  54840 [ACK] Seq=8078 Ack=3915 Win=77056 Len=0"
"2608","42.681133","FioImma.local","www.googleadservices.com","QUIC","1292","Initial, DCID=4beccd5c3788a569, PKN: 4, CRYPTO"
"2609","42.734247","FioImma.local","www.googleadservices.com","QUIC","1292","Initial, DCID=70e86941a8a59ff7, PKN: 6, PADDING, CRYPTO, PING, PING, CRYPTO, CRYPTO, CRYPTO, CRYPTO, PADDING, CRYPTO, PING, CRYPTO, CRYPTO, PADDING, CRYPTO, CRYPTO"
"2610","42.770828","FioImma.local","igmp.mcast.net","IGMPv3","54","Membership Report / Join group 224.0.0.252 for any sources"
"2611","43.155759","FioImma.local","pagead2.googlesyndication.com","TLSv1.3","749","Application Data"
"2612","43.174783","pagead2.googlesyndication.com","FioImma.local","TCP","60","443  >  54839 [ACK] Seq=16812 Ack=4273 Win=79872 Len=0"
"2613","43.205785","pagead2.googlesyndication.com","FioImma.local","TLSv1.3","155","Application Data"
"2614","43.205785","pagead2.googlesyndication.com","FioImma.local","TLSv1.3","127","Application Data"
"2615","43.205785","pagead2.googlesyndication.com","FioImma.local","TLSv1.3","85","Application Data"
"2616","43.205785","pagead2.googlesyndication.com","FioImma.local","TLSv1.3","93","Application Data"
"2617","43.205889","FioImma.local","pagead2.googlesyndication.com","TCP","54","54839  >  443 [ACK] Seq=4273 Ack=17056 Win=130560 Len=0"
"2618","43.206509","FioImma.local","pagead2.googlesyndication.com","TLSv1.3","93","Application Data"
"2619","43.207700","FioImma.local","pagead2.googlesyndication.com","TLSv1.3","89","Application Data"
"2620","43.217352","pagead2.googlesyndication.com","FioImma.local","TCP","60","443  >  54839 [ACK] Seq=17056 Ack=4347 Win=79872 Len=0"
"2621","43.289961","FioImma.local","www.googleadservices.com","QUIC","1292","Initial, DCID=4beccd5c3788a569, PKN: 6, PADDING, CRYPTO, PADDING, CRYPTO, PADDING, CRYPTO, PADDING, CRYPTO, CRYPTO, PADDING, CRYPTO, CRYPTO, PING, PADDING, CRYPTO, CRYPTO, PADDING"
"2622","43.542721","FioImma.local","www.googleadservices.com","QUIC","1292","Initial, DCID=548f45b02bc24ae6, PKN: 9, CC, PADDING"
"2623","43.944707","FioImma.local","www.googleadservices.com","QUIC","1292","Initial, DCID=70e86941a8a59ff7, PKN: 8, CRYPTO"
"2624","44.234026","FioImma.local","www.googleadservices.com","QUIC","1292","Initial, DCID=f9209e8475696404, PKN: 9, CC, PADDING"
"2625","44.349336","FioImma.local","45.224.186.35.bc.googleusercontent.com","TLSv1.2","82","Application Data"
"2626","44.362228","45.224.186.35.bc.googleusercontent.com","FioImma.local","TCP","60","443  >  54488 [ACK] Seq=25 Ack=57 Win=272 Len=0"
"2627","44.377604","FioImma.local","ec2-34-237-73-95.compute-1.amazonaws.com","TCP","55","54421  >  443 [ACK] Seq=1 Ack=1 Win=509 Len=1 [TCP PDU reassembled in 8089]"
"2628","44.433141","45.224.186.35.bc.googleusercontent.com","FioImma.local","TLSv1.2","78","Application Data"
"2629","44.476720","FioImma.local","45.224.186.35.bc.googleusercontent.com","TCP","54","54488  >  443 [ACK] Seq=57 Ack=49 Win=507 Len=0"
"2630","44.493346","FioImma.local","www.googleadservices.com","QUIC","1292","Initial, DCID=4beccd5c3788a569, PKN: 8, CRYPTO"
"2631","44.595554","FioImma.local","mars.octa.edu","DNS","84","Standard query 0x5aa4 A www.googleadservices.com"
"2632","44.595734","FioImma.local","mars.octa.edu","DNS","84","Standard query 0x3904 HTTPS www.googleadservices.com"
"2633","44.623754","mars.octa.edu","FioImma.local","DNS","100","Standard query response 0x5aa4 A www.googleadservices.com A 142.250.182.98"
"2634","44.623754","mars.octa.edu","FioImma.local","DNS","109","Standard query response 0x3904 HTTPS www.googleadservices.com HTTPS"
"2635","44.623754","ec2-34-237-73-95.compute-1.amazonaws.com","FioImma.local","TCP","66","443  >  54421 [ACK] Seq=1 Ack=2 Win=175 Len=0 SLE=1 SRE=2"
"2636","44.626625","FioImma.local","www.googleadservices.com","QUIC","1292","Initial, DCID=678d05d6addb6039, PKN: 1, CRYPTO"
"2637","44.626732","FioImma.local","www.googleadservices.com","QUIC","1292","Initial, DCID=678d05d6addb6039, PKN: 2, PING, CRYPTO, CRYPTO, PING, CRYPTO, PADDING, PING, PING, PADDING, PING, PADDING, PING, PING, PADDING"
"2638","44.627280","FioImma.local","www.googleadservices.com","TCP","66","54852  >  443 [SYN] Seq=0 Win=64240 Len=0 MSS=1460 WS=256 SACK_PERM"
"2639","44.638534","www.googleadservices.com","FioImma.local","TCP","66","443  >  54852 [SYN, ACK] Seq=0 Ack=1 Win=65535 Len=0 MSS=1412 SACK_PERM WS=256"
"2640","44.638608","FioImma.local","www.googleadservices.com","TCP","54","54852  >  443 [ACK] Seq=1 Ack=1 Win=131072 Len=0"
"2641","44.640210","FioImma.local","www.googleadservices.com","TCP","1466","54852  >  443 [ACK] Seq=1 Ack=1 Win=131072 Len=1412 [TCP PDU reassembled in 2642]"
"2642","44.640210","FioImma.local","www.googleadservices.com","TLSv1.3","376","Client Hello (SNI=www.googleadservices.com)"
"2643","44.650167","www.googleadservices.com","FioImma.local","TCP","54","443  >  54852 [ACK] Seq=1 Ack=1413 Win=68608 Len=0"
"2644","44.650167","www.googleadservices.com","FioImma.local","TCP","54","443  >  54852 [ACK] Seq=1 Ack=1735 Win=71424 Len=0"
"2645","44.683503","www.googleadservices.com","FioImma.local","TLSv1.3","4290","Server Hello, Change Cipher Spec"
"2646","44.683503","www.googleadservices.com","FioImma.local","TLSv1.3","1199","Application Data"
"2647","44.683603","FioImma.local","www.googleadservices.com","TCP","54","54852  >  443 [ACK] Seq=1735 Ack=5382 Win=131072 Len=0"
"2648","44.686801","FioImma.local","www.googleadservices.com","TLSv1.3","128","Change Cipher Spec, Application Data"
"2649","44.687003","FioImma.local","www.googleadservices.com","TLSv1.3","146","Application Data"
"2650","44.687178","FioImma.local","www.googleadservices.com","TLSv1.3","384","Application Data"
"2651","44.687226","FioImma.local","www.googleadservices.com","TCP","1466","54852  >  443 [ACK] Seq=2231 Ack=5382 Win=131072 Len=1412 [TCP PDU reassembled in 2653]"
"2652","44.687226","FioImma.local","www.googleadservices.com","TCP","1466","54852  >  443 [ACK] Seq=3643 Ack=5382 Win=131072 Len=1412 [TCP PDU reassembled in 2653]"
"2653","44.687226","FioImma.local","www.googleadservices.com","TLSv1.3","305","Application Data"
"2654","44.696268","www.googleadservices.com","FioImma.local","TLSv1.3","1032","Application Data, Application Data"
"2655","44.696268","www.googleadservices.com","FioImma.local","TCP","54","443  >  54852 [ACK] Seq=6360 Ack=5055 Win=79872 Len=0"
"2656","44.696268","www.googleadservices.com","FioImma.local","TLSv1.3","85","Application Data"
"2657","44.696325","FioImma.local","www.googleadservices.com","TCP","54","54852  >  443 [ACK] Seq=5306 Ack=6391 Win=130304 Len=0"
"2658","44.696784","FioImma.local","www.googleadservices.com","TLSv1.3","85","Application Data"
"2659","44.709112","www.googleadservices.com","FioImma.local","TCP","54","443  >  54852 [ACK] Seq=6391 Ack=5337 Win=82688 Len=0"
"2660","44.742246","www.googleadservices.com","FioImma.local","TLSv1.3","369","Application Data"
"2661","44.742246","www.googleadservices.com","FioImma.local","TLSv1.3","85","Application Data"
"2662","44.742246","www.googleadservices.com","FioImma.local","TLSv1.3","93","Application Data"
"2663","44.742303","FioImma.local","www.googleadservices.com","TCP","54","54852  >  443 [ACK] Seq=5337 Ack=6776 Win=129792 Len=0"
"2664","44.743002","FioImma.local","www.googleadservices.com","TLSv1.3","93","Application Data"
"2665","44.758280","www.googleadservices.com","FioImma.local","TCP","54","443  >  54852 [ACK] Seq=6776 Ack=5376 Win=82688 Len=0"
"2666","44.834998","FioImma.local","mars.octa.edu","DNS","96","Standard query 0xaed2 PTR 95.73.237.34.in-addr.arpa OPT"
"2667","44.895623","mars.octa.edu","FioImma.local","DNS","150","Standard query response 0xaed2 PTR 95.73.237.34.in-addr.arpa PTR ec2-34-237-73-95.compute-1.amazonaws.com OPT"
"2668","44.930299","FioImma.local","www.googleadservices.com","QUIC","1292","Initial, DCID=678d05d6addb6039, PKN: 4, CRYPTO"
"2669","45.259004","FioImma.local","ec2-35-174-127-31.compute-1.amazonaws.com","TLSv1.2","173","Application Data"
"2670","45.281833","FioImma.local","igmp.mcast.net","IGMPv3","54","Membership Report / Join group 224.0.0.251 for any sources"
"2671","45.293618","FioImma.local","mars.octa.edu","DNS","84","Standard query 0x3ec7 A www.googleadservices.com"
"2672","45.294395","FioImma.local","mars.octa.edu","DNS","84","Standard query 0xe6f0 HTTPS www.googleadservices.com"
"2673","45.318766","mars.octa.edu","FioImma.local","DNS","100","Standard query response 0x3ec7 A www.googleadservices.com A 142.250.182.98"
"2674","45.318766","mars.octa.edu","FioImma.local","DNS","109","Standard query response 0xe6f0 HTTPS www.googleadservices.com HTTPS"
"2675","45.321937","FioImma.local","www.googleadservices.com","QUIC","1292","Initial, DCID=f8eeffc9c9a83348, PKN: 1, CRYPTO"
"2676","45.322074","FioImma.local","www.googleadservices.com","QUIC","1292","Initial, DCID=f8eeffc9c9a83348, PKN: 2, PING, CRYPTO, CRYPTO, PING, PING, CRYPTO, PADDING, CRYPTO, PADDING, CRYPTO, PADDING, CRYPTO, CRYPTO, PADDING, CRYPTO, PADDING"
"2677","45.322669","FioImma.local","www.googleadservices.com","TCP","66","54853  >  443 [SYN] Seq=0 Win=64240 Len=0 MSS=1460 WS=256 SACK_PERM"
"2678","45.333705","www.googleadservices.com","FioImma.local","TCP","66","443  >  54853 [SYN, ACK] Seq=0 Ack=1 Win=65535 Len=0 MSS=1412 SACK_PERM WS=256"
"2679","45.333809","FioImma.local","www.googleadservices.com","TCP","54","54853  >  443 [ACK] Seq=1 Ack=1 Win=131072 Len=0"
"2680","45.336157","FioImma.local","www.googleadservices.com","TCP","1466","54853  >  443 [ACK] Seq=1 Ack=1 Win=131072 Len=1412 [TCP PDU reassembled in 2681]"
"2681","45.336157","FioImma.local","www.googleadservices.com","TLSv1.3","376","Client Hello (SNI=www.googleadservices.com)"
"2682","45.346280","www.googleadservices.com","FioImma.local","TCP","60","443  >  54853 [ACK] Seq=1 Ack=1413 Win=68608 Len=0"
"2683","45.346280","www.googleadservices.com","FioImma.local","TCP","60","443  >  54853 [ACK] Seq=1 Ack=1735 Win=71424 Len=0"
"2684","45.380870","www.googleadservices.com","FioImma.local","TLSv1.3","4290","Server Hello, Change Cipher Spec"
"2685","45.380870","www.googleadservices.com","FioImma.local","TLSv1.3","1198","Application Data"
"2686","45.380925","FioImma.local","www.googleadservices.com","TCP","54","54853  >  443 [ACK] Seq=1735 Ack=5381 Win=131072 Len=0"
"2687","45.382530","FioImma.local","www.googleadservices.com","TLSv1.3","128","Change Cipher Spec, Application Data"
"2688","45.382825","FioImma.local","www.googleadservices.com","TLSv1.3","146","Application Data"
"2689","45.383066","FioImma.local","www.googleadservices.com","TLSv1.3","384","Application Data"
"2690","45.383125","FioImma.local","www.googleadservices.com","TCP","1466","54853  >  443 [ACK] Seq=2231 Ack=5381 Win=131072 Len=1412 [TCP PDU reassembled in 2692]"
"2691","45.383125","FioImma.local","www.googleadservices.com","TCP","1466","54853  >  443 [ACK] Seq=3643 Ack=5381 Win=131072 Len=1412 [TCP PDU reassembled in 2692]"
"2692","45.383125","FioImma.local","www.googleadservices.com","TLSv1.3","305","Application Data"
"2693","45.390718","www.googleadservices.com","FioImma.local","TLSv1.3","1032","Application Data, Application Data"
"2694","45.391192","FioImma.local","www.googleadservices.com","TLSv1.3","85","Application Data"
"2695","45.393193","www.googleadservices.com","FioImma.local","TLSv1.3","85","Application Data"
"2696","45.393193","www.googleadservices.com","FioImma.local","TCP","60","443  >  54853 [ACK] Seq=6390 Ack=3643 Win=77056 Len=0"
"2697","45.393193","www.googleadservices.com","FioImma.local","TCP","60","443  >  54853 [ACK] Seq=6390 Ack=5306 Win=82688 Len=0"
"2698","45.405573","www.googleadservices.com","FioImma.local","TCP","60","443  >  54853 [ACK] Seq=6390 Ack=5337 Win=82688 Len=0"
"2699","45.430330","www.googleadservices.com","FioImma.local","TLSv1.3","369","Application Data"
"2700","45.430330","www.googleadservices.com","FioImma.local","TLSv1.3","85","Application Data"
"2701","45.430330","www.googleadservices.com","FioImma.local","TLSv1.3","93","Application Data"
"2702","45.430404","FioImma.local","www.googleadservices.com","TCP","54","54853  >  443 [ACK] Seq=5337 Ack=6775 Win=129792 Len=0"
"2703","45.431177","FioImma.local","www.googleadservices.com","TLSv1.3","93","Application Data"
"2704","45.438943","FioImma.local","mars.octa.edu","DNS","84","Standard query 0xf44a A www.googleadservices.com"
"2705","45.439083","FioImma.local","mars.octa.edu","DNS","84","Standard query 0x57eb HTTPS www.googleadservices.com"
"2706","45.463301","mars.octa.edu","FioImma.local","DNS","100","Standard query response 0xf44a A www.googleadservices.com A 142.250.182.98"
"2707","45.463301","mars.octa.edu","FioImma.local","DNS","109","Standard query response 0x57eb HTTPS www.googleadservices.com HTTPS"
"2708","45.463301","www.googleadservices.com","FioImma.local","TCP","60","443  >  54853 [ACK] Seq=6775 Ack=5376 Win=82688 Len=0"
"2709","45.465386","FioImma.local","www.googleadservices.com","QUIC","1292","Initial, DCID=69755e35a84ff002, PKN: 1, CRYPTO"
"2710","45.465478","FioImma.local","www.googleadservices.com","QUIC","1292","Initial, DCID=69755e35a84ff002, PKN: 2, CRYPTO, CRYPTO, CRYPTO, CRYPTO, CRYPTO, CRYPTO, PADDING, CRYPTO, PADDING, CRYPTO, CRYPTO, CRYPTO, PADDING"
"2711","45.465798","FioImma.local","www.googleadservices.com","TCP","66","54854  >  443 [SYN] Seq=0 Win=64240 Len=0 MSS=1460 WS=256 SACK_PERM"
"2712","45.478691","www.googleadservices.com","FioImma.local","TCP","66","443  >  54854 [SYN, ACK] Seq=0 Ack=1 Win=65535 Len=0 MSS=1412 SACK_PERM WS=256"
"2713","45.478815","FioImma.local","www.googleadservices.com","TCP","54","54854  >  443 [ACK] Seq=1 Ack=1 Win=131072 Len=0"
"2714","45.480876","FioImma.local","www.googleadservices.com","TCP","1466","54854  >  443 [ACK] Seq=1 Ack=1 Win=131072 Len=1412 [TCP PDU reassembled in 2715]"
"2715","45.480876","FioImma.local","www.googleadservices.com","TLSv1.3","472","Client Hello (SNI=www.googleadservices.com)"
"2716","45.490777","www.googleadservices.com","FioImma.local","TCP","60","443  >  54854 [ACK] Seq=1 Ack=1413 Win=68608 Len=0"
"2717","45.490777","www.googleadservices.com","FioImma.local","TCP","60","443  >  54854 [ACK] Seq=1 Ack=1831 Win=71424 Len=0"
"2718","45.525250","www.googleadservices.com","FioImma.local","TLSv1.3","4290","Server Hello, Change Cipher Spec"
"2719","45.525250","www.googleadservices.com","FioImma.local","TLSv1.3","1200","Application Data"
"2720","45.525365","FioImma.local","www.googleadservices.com","TCP","54","54854  >  443 [ACK] Seq=1831 Ack=5383 Win=131072 Len=0"
"2721","45.528710","FioImma.local","www.googleadservices.com","TLSv1.3","128","Change Cipher Spec, Application Data"
"2722","45.529086","FioImma.local","www.googleadservices.com","TLSv1.3","146","Application Data"
"2723","45.529335","FioImma.local","www.googleadservices.com","TLSv1.3","384","Application Data"
"2724","45.529395","FioImma.local","www.googleadservices.com","TCP","1466","54854  >  443 [ACK] Seq=2327 Ack=5383 Win=131072 Len=1412 [TCP PDU reassembled in 2725]"
"2725","45.529395","FioImma.local","www.googleadservices.com","TLSv1.3","433","Application Data"
"2726","45.534390","FioImma.local","www.googleadservices.com","QUIC","1292","Initial, DCID=678d05d6addb6039, PKN: 6, CRYPTO, PADDING, CRYPTO, CRYPTO, PING, CRYPTO, CRYPTO, CRYPTO, PADDING, PING, PING, PING, CRYPTO, PADDING, PING, CRYPTO, CRYPTO, PADDING, CRYPTO, PADDING, CRYPTO"
"2727","45.535388","ec2-35-174-127-31.compute-1.amazonaws.com","FioImma.local","TCP","60","443  >  54503 [ACK] Seq=799 Ack=849 Win=802 Len=0"
"2728","45.538409","www.googleadservices.com","FioImma.local","TLSv1.3","1032","Application Data, Application Data"
"2729","45.538409","www.googleadservices.com","FioImma.local","TLSv1.3","85","Application Data"
"2730","45.538409","www.googleadservices.com","FioImma.local","TCP","60","443  >  54854 [ACK] Seq=6392 Ack=3739 Win=77056 Len=0"
"2731","45.538503","FioImma.local","www.googleadservices.com","TCP","54","54854  >  443 [ACK] Seq=4118 Ack=6392 Win=130304 Len=0"
"2732","45.538952","FioImma.local","www.googleadservices.com","TLSv1.3","85","Application Data"
"2733","45.543904","www.googleadservices.com","FioImma.local","TCP","60","443  >  54854 [ACK] Seq=6392 Ack=4118 Win=79872 Len=0"
"2734","45.547131","www.googleadservices.com","FioImma.local","TCP","60","443  >  54854 [ACK] Seq=6392 Ack=4149 Win=79872 Len=0"
"2735","45.575001","www.googleadservices.com","FioImma.local","TLSv1.3","369","Application Data"
"2736","45.576390","www.googleadservices.com","FioImma.local","TLSv1.3","85","Application Data"
"2737","45.576390","www.googleadservices.com","FioImma.local","TLSv1.3","93","Application Data"
"2738","45.576467","FioImma.local","www.googleadservices.com","TCP","54","54854  >  443 [ACK] Seq=4149 Ack=6777 Win=129792 Len=0"
"2739","45.577105","FioImma.local","www.googleadservices.com","TLSv1.3","93","Application Data"
"2740","45.592022","www.googleadservices.com","FioImma.local","TCP","60","443  >  54854 [ACK] Seq=6777 Ack=4188 Win=79872 Len=0"
"2741","45.632250","FioImma.local","www.googleadservices.com","QUIC","1292","Initial, DCID=f8eeffc9c9a83348, PKN: 4, CRYPTO"
"2742","45.771264","FioImma.local","www.googleadservices.com","QUIC","1292","Initial, DCID=69755e35a84ff002, PKN: 4, CRYPTO"
"2743","45.829079","FioImma.local","www.googleadservices.com","QUIC","1292","Initial, DCID=70e86941a8a59ff7, PKN: 9, CC, PADDING"
"2744","46.234627","FioImma.local","www.googleadservices.com","QUIC","1292","Initial, DCID=f8eeffc9c9a83348, PKN: 6, PING, PADDING, CRYPTO, PADDING, CRYPTO, PING, PADDING, PING, PADDING, CRYPTO, CRYPTO, CRYPTO, CRYPTO, CRYPTO, PADDING, CRYPTO, PING, PING, PING, PADDING, PING, PING, PADDING, CRYPTO, PADDING"
"2745","46.373709","FioImma.local","www.googleadservices.com","QUIC","1292","Initial, DCID=69755e35a84ff002, PKN: 6, CRYPTO, CRYPTO, CRYPTO, PADDING, CRYPTO, PADDING, CRYPTO, PADDING, CRYPTO"
"2746","46.373827","FioImma.local","www.googleadservices.com","QUIC","1292","Initial, DCID=4beccd5c3788a569, PKN: 9, CC, PADDING"
"2747","46.394581","FioImma.local","p1.parsely.com","TCP","66","54855  >  443 [SYN] Seq=0 Win=64240 Len=0 MSS=1460 WS=256 SACK_PERM"
"2748","46.557588","p1.parsely.com","FioImma.local","TCP","66","443  >  54855 [SYN, ACK] Seq=0 Ack=1 Win=26883 Len=0 MSS=1460 SACK_PERM WS=4096"
"2749","46.557732","FioImma.local","p1.parsely.com","TCP","54","54855  >  443 [ACK] Seq=1 Ack=1 Win=131328 Len=0"
"2750","46.559778","FioImma.local","p1.parsely.com","TCP","1514","54855  >  443 [ACK] Seq=1 Ack=1 Win=131328 Len=1460 [TCP PDU reassembled in 2751]"
"2751","46.559778","FioImma.local","p1.parsely.com","TLSv1.2","350","Client Hello (SNI=p1.parsely.com)"
"2752","46.719950","p1.parsely.com","FioImma.local","TCP","60","443  >  54855 [ACK] Seq=1 Ack=1461 Win=45056 Len=0"
"2753","46.719950","p1.parsely.com","FioImma.local","TCP","60","443  >  54855 [ACK] Seq=1 Ack=1757 Win=49152 Len=0"
"2754","46.719950","p1.parsely.com","FioImma.local","TLSv1.2","158","Server Hello"
"2755","46.719950","p1.parsely.com","FioImma.local","TCP","1514","443  >  54855 [ACK] Seq=105 Ack=1757 Win=49152 Len=1460 [TCP PDU reassembled in 2757]"
"2756","46.720079","FioImma.local","p1.parsely.com","TCP","54","54855  >  443 [ACK] Seq=1757 Ack=1565 Win=131328 Len=0"
"2757","46.722319","p1.parsely.com","FioImma.local","TLSv1.2","1163","Certificate"
"2758","46.722319","p1.parsely.com","FioImma.local","TLSv1.2","392","Server Key Exchange"
"2759","46.722319","p1.parsely.com","FioImma.local","TLSv1.2","63","Server Hello Done"
"2760","46.722403","FioImma.local","p1.parsely.com","TCP","54","54855  >  443 [ACK] Seq=1757 Ack=3021 Win=129792 Len=0"
"2761","46.725374","FioImma.local","p1.parsely.com","TLSv1.2","180","Client Key Exchange, Change Cipher Spec, Encrypted Handshake Message"
"2762","46.744458","FioImma.local","www.googleadservices.com","QUIC","1292","Initial, DCID=678d05d6addb6039, PKN: 8, CRYPTO"
"2763","46.885163","p1.parsely.com","FioImma.local","TCP","60","443  >  54855 [ACK] Seq=3021 Ack=1883 Win=49152 Len=0"
"2764","46.885163","p1.parsely.com","FioImma.local","TLSv1.2","174","New Session Ticket"
"2765","46.885163","p1.parsely.com","FioImma.local","TLSv1.2","105","Change Cipher Spec, Encrypted Handshake Message"
"2766","46.885269","FioImma.local","p1.parsely.com","TCP","54","54855  >  443 [ACK] Seq=1883 Ack=3192 Win=131328 Len=0"
"2767","46.885993","FioImma.local","p1.parsely.com","TLSv1.2","1113","Application Data"
"2768","46.889493","FioImma.local","mars.octa.edu","DNS","84","Standard query 0x9100 A www.googleadservices.com"
"2769","46.889757","FioImma.local","mars.octa.edu","DNS","84","Standard query 0x59d4 HTTPS www.googleadservices.com"
"2770","46.894967","mars.octa.edu","FioImma.local","DNS","100","Standard query response 0x9100 A www.googleadservices.com A 142.250.182.98"
"2771","46.894967","mars.octa.edu","FioImma.local","DNS","109","Standard query response 0x59d4 HTTPS www.googleadservices.com HTTPS"
"2772","46.897858","FioImma.local","www.googleadservices.com","QUIC","1292","Initial, DCID=9fa79f25edc3cc41, PKN: 1, CRYPTO"
"2773","46.897966","FioImma.local","www.googleadservices.com","QUIC","1292","Initial, DCID=9fa79f25edc3cc41, PKN: 2, PADDING, CRYPTO, PING, PING, PING, PADDING, PING, CRYPTO, PADDING"
"2774","46.898436","FioImma.local","www.googleadservices.com","TCP","66","54856  >  443 [SYN] Seq=0 Win=64240 Len=0 MSS=1460 WS=256 SACK_PERM"
"2775","46.907501","www.googleadservices.com","FioImma.local","TCP","66","443  >  54856 [SYN, ACK] Seq=0 Ack=1 Win=65535 Len=0 MSS=1412 SACK_PERM WS=256"
"2776","46.907605","FioImma.local","www.googleadservices.com","TCP","54","54856  >  443 [ACK] Seq=1 Ack=1 Win=131072 Len=0"
"2777","46.909453","FioImma.local","www.googleadservices.com","TCP","1466","54856  >  443 [ACK] Seq=1 Ack=1 Win=131072 Len=1412 [TCP PDU reassembled in 2778]"
"2778","46.909453","FioImma.local","www.googleadservices.com","TLSv1.3","472","Client Hello (SNI=www.googleadservices.com)"
"2779","46.920234","www.googleadservices.com","FioImma.local","TCP","60","443  >  54856 [ACK] Seq=1 Ack=1413 Win=68608 Len=0"
"2780","46.920234","www.googleadservices.com","FioImma.local","TCP","60","443  >  54856 [ACK] Seq=1 Ack=1831 Win=71424 Len=0"
"2781","46.955437","www.googleadservices.com","FioImma.local","TLSv1.3","4290","Server Hello, Change Cipher Spec"
"2782","46.955437","www.googleadservices.com","FioImma.local","TLSv1.3","1199","Application Data"
"2783","46.955585","FioImma.local","www.googleadservices.com","TCP","54","54856  >  443 [ACK] Seq=1831 Ack=5382 Win=131072 Len=0"
"2784","46.959926","FioImma.local","www.googleadservices.com","TLSv1.3","128","Change Cipher Spec, Application Data"
"2785","46.960319","FioImma.local","www.googleadservices.com","TLSv1.3","146","Application Data"
"2786","46.960644","FioImma.local","www.googleadservices.com","TLSv1.3","384","Application Data"
"2787","46.960754","FioImma.local","www.googleadservices.com","TCP","1466","54856  >  443 [ACK] Seq=2327 Ack=5382 Win=131072 Len=1412 [TCP PDU reassembled in 2789]"
"2788","46.960754","FioImma.local","www.googleadservices.com","TCP","1466","54856  >  443 [ACK] Seq=3739 Ack=5382 Win=131072 Len=1412 [TCP PDU reassembled in 2789]"
"2789","46.960754","FioImma.local","www.googleadservices.com","TLSv1.3","305","Application Data"
"2790","46.967928","www.googleadservices.com","FioImma.local","TLSv1.3","1032","Application Data, Application Data"
"2791","46.968462","FioImma.local","www.googleadservices.com","TLSv1.3","85","Application Data"
"2792","46.968655","www.googleadservices.com","FioImma.local","TLSv1.3","85","Application Data"
"2793","46.968655","www.googleadservices.com","FioImma.local","TCP","60","443  >  54856 [ACK] Seq=6391 Ack=3739 Win=77056 Len=0"
"2794","46.970932","www.googleadservices.com","FioImma.local","TCP","60","443  >  54856 [ACK] Seq=6391 Ack=5402 Win=82688 Len=0"
"2795","46.981661","www.googleadservices.com","FioImma.local","TCP","60","443  >  54856 [ACK] Seq=6391 Ack=5433 Win=82688 Len=0"
"2796","47.009788","www.googleadservices.com","FioImma.local","TLSv1.3","369","Application Data"
"2797","47.009788","www.googleadservices.com","FioImma.local","TLSv1.3","85","Application Data"
"2798","47.009788","www.googleadservices.com","FioImma.local","TLSv1.3","93","Application Data"
"2799","47.009848","FioImma.local","www.googleadservices.com","TCP","54","54856  >  443 [ACK] Seq=5433 Ack=6776 Win=129792 Len=0"
"2800","47.011064","FioImma.local","www.googleadservices.com","TLSv1.3","93","Application Data"
"2801","47.026582","www.googleadservices.com","FioImma.local","TCP","60","443  >  54856 [ACK] Seq=6776 Ack=5472 Win=82688 Len=0"
"2802","47.048894","p1.parsely.com","FioImma.local","TLSv1.2","312","Application Data"
"2803","47.096910","FioImma.local","p1.parsely.com","TCP","54","54855  >  443 [ACK] Seq=2942 Ack=3450 Win=131072 Len=0"
"2804","47.204014","FioImma.local","www.googleadservices.com","QUIC","1292","Initial, DCID=9fa79f25edc3cc41, PKN: 4, CRYPTO"
"2805","47.277847","FioImma.local","maa03s41-in-f14.1e100.net","TCP","1466","54642  >  443 [ACK] Seq=7390 Ack=338 Win=510 Len=1412 [TCP PDU reassembled in 2807]"
"2806","47.277847","FioImma.local","maa03s41-in-f14.1e100.net","TCP","1466","54642  >  443 [ACK] Seq=8802 Ack=338 Win=510 Len=1412 [TCP PDU reassembled in 2807]"
"2807","47.277847","FioImma.local","maa03s41-in-f14.1e100.net","TLSv1.2","655","Application Data"
"2808","47.277976","FioImma.local","maa03s41-in-f14.1e100.net","TLSv1.2","93","Application Data"
"2809","47.289975","maa03s41-in-f14.1e100.net","FioImma.local","TCP","60","443  >  54642 [ACK] Seq=338 Ack=8802 Win=2048 Len=0"
"2810","47.289975","maa03s41-in-f14.1e100.net","FioImma.local","TCP","60","443  >  54642 [ACK] Seq=338 Ack=10214 Win=2048 Len=0"
"2811","47.289975","maa03s41-in-f14.1e100.net","FioImma.local","TCP","60","443  >  54642 [ACK] Seq=338 Ack=10815 Win=2048 Len=0"
"2812","47.289975","maa03s41-in-f14.1e100.net","FioImma.local","TCP","60","443  >  54642 [ACK] Seq=338 Ack=10854 Win=2048 Len=0"
"2813","47.289975","maa03s41-in-f14.1e100.net","FioImma.local","TLSv1.2","93","Application Data"
"2814","47.334782","FioImma.local","maa03s41-in-f14.1e100.net","TCP","54","54642  >  443 [ACK] Seq=10854 Ack=377 Win=510 Len=0"
"2815","47.337929","maa03s41-in-f14.1e100.net","FioImma.local","TLSv1.2","131","Application Data"
"2816","47.337929","maa03s41-in-f14.1e100.net","FioImma.local","TLSv1.2","85","Application Data"
"2817","47.337929","maa03s41-in-f14.1e100.net","FioImma.local","TLSv1.2","93","Application Data"
"2818","47.337994","FioImma.local","maa03s41-in-f14.1e100.net","TCP","54","54642  >  443 [ACK] Seq=10854 Ack=524 Win=510 Len=0"
"2819","47.338349","FioImma.local","maa03s41-in-f14.1e100.net","TLSv1.2","93","Application Data"
"2820","47.352049","maa03s41-in-f14.1e100.net","FioImma.local","TCP","60","443  >  54642 [ACK] Seq=524 Ack=10893 Win=2048 Len=0"
"2821","47.415742","ieee.org.ssl.sc.omtrdc.net","FioImma.local","TCP","60","[TCP Keep-Alive] 443  >  54834 [ACK] Seq=4422 Ack=4734 Win=58240 Len=0"
"2822","47.415801","FioImma.local","ieee.org.ssl.sc.omtrdc.net","TCP","54","[TCP Keep-Alive ACK] 54834  >  443 [ACK] Seq=4734 Ack=4423 Win=130048 Len=0"
"2823","47.431697","FioImma.local","mars.octa.edu","DNS","84","Standard query 0xa5b1 A www.googleadservices.com"
"2824","47.432047","FioImma.local","mars.octa.edu","DNS","84","Standard query 0x847f HTTPS www.googleadservices.com"
"2825","47.437687","mars.octa.edu","FioImma.local","DNS","100","Standard query response 0xa5b1 A www.googleadservices.com A 142.250.182.98"
"2826","47.438054","FioImma.local","www.googleadservices.com","QUIC","1292","Initial, DCID=f8eeffc9c9a83348, PKN: 8, CRYPTO"
"2827","47.440535","mars.octa.edu","FioImma.local","DNS","109","Standard query response 0x847f HTTPS www.googleadservices.com HTTPS"
"2828","47.443489","FioImma.local","www.googleadservices.com","QUIC","1292","Initial, DCID=71bbe722d64b65b6, PKN: 1, CRYPTO"
"2829","47.443599","FioImma.local","www.googleadservices.com","QUIC","1292","Initial, DCID=71bbe722d64b65b6, PKN: 2, CRYPTO, CRYPTO, PADDING, CRYPTO"
"2830","47.444150","FioImma.local","www.googleadservices.com","TCP","66","54857  >  443 [SYN] Seq=0 Win=64240 Len=0 MSS=1460 WS=256 SACK_PERM"
"2831","47.454328","www.googleadservices.com","FioImma.local","TCP","66","443  >  54857 [SYN, ACK] Seq=0 Ack=1 Win=65535 Len=0 MSS=1412 SACK_PERM WS=256"
"2832","47.454475","FioImma.local","www.googleadservices.com","TCP","54","54857  >  443 [ACK] Seq=1 Ack=1 Win=131072 Len=0"
"2833","47.456419","FioImma.local","www.googleadservices.com","TCP","1466","54857  >  443 [ACK] Seq=1 Ack=1 Win=131072 Len=1412 [TCP PDU reassembled in 2834]"
"2834","47.456419","FioImma.local","www.googleadservices.com","TLSv1.3","408","Client Hello (SNI=www.googleadservices.com)"
"2835","47.465743","www.googleadservices.com","FioImma.local","TCP","60","443  >  54857 [ACK] Seq=1 Ack=1413 Win=68608 Len=0"
"2836","47.465743","www.googleadservices.com","FioImma.local","TCP","60","443  >  54857 [ACK] Seq=1 Ack=1767 Win=71424 Len=0"
"2837","47.500757","www.googleadservices.com","FioImma.local","TLSv1.3","4290","Server Hello, Change Cipher Spec"
"2838","47.500757","www.googleadservices.com","FioImma.local","TLSv1.3","1198","Application Data"
"2839","47.500862","FioImma.local","www.googleadservices.com","TCP","54","54857  >  443 [ACK] Seq=1767 Ack=5381 Win=131072 Len=0"
"2840","47.504196","FioImma.local","www.googleadservices.com","TLSv1.3","128","Change Cipher Spec, Application Data"
"2841","47.504538","FioImma.local","www.googleadservices.com","TLSv1.3","146","Application Data"
"2842","47.504783","FioImma.local","www.googleadservices.com","TLSv1.3","384","Application Data"
"2843","47.504857","FioImma.local","www.googleadservices.com","TCP","1466","54857  >  443 [ACK] Seq=2263 Ack=5381 Win=131072 Len=1412 [TCP PDU reassembled in 2845]"
"2844","47.504857","FioImma.local","www.googleadservices.com","TCP","1466","54857  >  443 [ACK] Seq=3675 Ack=5381 Win=131072 Len=1412 [TCP PDU reassembled in 2845]"
"2845","47.504857","FioImma.local","www.googleadservices.com","TLSv1.3","305","Application Data"
"2846","47.514572","www.googleadservices.com","FioImma.local","TLSv1.3","1032","Application Data, Application Data"
"2847","47.514572","www.googleadservices.com","FioImma.local","TLSv1.3","85","Application Data"
"2848","47.514572","www.googleadservices.com","FioImma.local","TCP","60","443  >  54857 [ACK] Seq=6390 Ack=3675 Win=77056 Len=0"
"2849","47.514572","www.googleadservices.com","FioImma.local","TCP","60","443  >  54857 [ACK] Seq=6390 Ack=5338 Win=82688 Len=0"
"2850","47.514648","FioImma.local","www.googleadservices.com","TCP","54","54857  >  443 [ACK] Seq=5338 Ack=6390 Win=130304 Len=0"
"2851","47.515299","FioImma.local","www.googleadservices.com","TLSv1.3","85","Application Data"
"2852","47.530901","www.googleadservices.com","FioImma.local","TCP","60","443  >  54857 [ACK] Seq=6390 Ack=5369 Win=82688 Len=0"
"2853","47.553170","www.googleadservices.com","FioImma.local","TLSv1.3","369","Application Data"
"2854","47.553170","www.googleadservices.com","FioImma.local","TLSv1.3","85","Application Data"
"2855","47.553170","www.googleadservices.com","FioImma.local","TLSv1.3","93","Application Data"
"2856","47.553230","FioImma.local","www.googleadservices.com","TCP","54","54857  >  443 [ACK] Seq=5369 Ack=6775 Win=129792 Len=0"
"2857","47.554418","FioImma.local","www.googleadservices.com","TLSv1.3","93","Application Data"
"2858","47.565029","FioImma.local","mars.octa.edu","DNS","84","Standard query 0x92a6 A www.googleadservices.com"
"2859","47.565267","FioImma.local","mars.octa.edu","DNS","84","Standard query 0xdc95 HTTPS www.googleadservices.com"
"2860","47.568426","mars.octa.edu","FioImma.local","DNS","100","Standard query response 0x92a6 A www.googleadservices.com A 142.250.182.98"
"2861","47.571036","www.googleadservices.com","FioImma.local","TCP","60","443  >  54857 [ACK] Seq=6775 Ack=5408 Win=82688 Len=0"
"2862","47.571036","mars.octa.edu","FioImma.local","DNS","109","Standard query response 0xdc95 HTTPS www.googleadservices.com HTTPS"
"2863","47.572706","FioImma.local","www.googleadservices.com","QUIC","1292","Initial, DCID=c6c4bdb6684500f5, PKN: 1, CRYPTO"
"2864","47.572772","FioImma.local","www.googleadservices.com","QUIC","1292","Initial, DCID=c6c4bdb6684500f5, PKN: 2, PADDING, PING, PING, PADDING, CRYPTO, PING, PING, PADDING, CRYPTO, CRYPTO, PADDING, CRYPTO, PADDING, CRYPTO, PADDING"
"2865","47.573068","FioImma.local","www.googleadservices.com","TCP","66","54858  >  443 [SYN] Seq=0 Win=64240 Len=0 MSS=1460 WS=256 SACK_PERM"
"2866","47.577896","FioImma.local","www.googleadservices.com","QUIC","1292","Initial, DCID=69755e35a84ff002, PKN: 8, CRYPTO"
"2867","47.582830","www.googleadservices.com","FioImma.local","TCP","66","443  >  54858 [SYN, ACK] Seq=0 Ack=1 Win=65535 Len=0 MSS=1412 SACK_PERM WS=256"
"2868","47.582886","FioImma.local","www.googleadservices.com","TCP","54","54858  >  443 [ACK] Seq=1 Ack=1 Win=131072 Len=0"
"2869","47.584012","FioImma.local","www.googleadservices.com","TCP","1466","54858  >  443 [ACK] Seq=1 Ack=1 Win=131072 Len=1412 [TCP PDU reassembled in 2870]"
"2870","47.584012","FioImma.local","www.googleadservices.com","TLSv1.3","376","Client Hello (SNI=www.googleadservices.com)"
"2871","47.594064","www.googleadservices.com","FioImma.local","TCP","60","443  >  54858 [ACK] Seq=1 Ack=1413 Win=68608 Len=0"
"2872","47.594064","www.googleadservices.com","FioImma.local","TCP","60","443  >  54858 [ACK] Seq=1 Ack=1735 Win=71424 Len=0"
"2873","47.627325","www.googleadservices.com","FioImma.local","TLSv1.3","4290","Server Hello, Change Cipher Spec"
"2874","47.627325","www.googleadservices.com","FioImma.local","TLSv1.3","1199","Application Data"
"2875","47.627411","FioImma.local","www.googleadservices.com","TCP","54","54858  >  443 [ACK] Seq=1735 Ack=5382 Win=131072 Len=0"
"2876","47.629850","FioImma.local","www.googleadservices.com","TLSv1.3","128","Change Cipher Spec, Application Data"
"2877","47.630149","FioImma.local","www.googleadservices.com","TLSv1.3","146","Application Data"
"2878","47.630346","FioImma.local","www.googleadservices.com","TLSv1.3","384","Application Data"
"2879","47.630393","FioImma.local","www.googleadservices.com","TCP","1466","54858  >  443 [ACK] Seq=2231 Ack=5382 Win=131072 Len=1412 [TCP PDU reassembled in 2880]"
"2880","47.630393","FioImma.local","www.googleadservices.com","TLSv1.3","433","Application Data"
"2881","47.639804","www.googleadservices.com","FioImma.local","TLSv1.3","1032","Application Data, Application Data"
"2882","47.639804","www.googleadservices.com","FioImma.local","TCP","60","443  >  54858 [ACK] Seq=6360 Ack=4022 Win=79872 Len=0"
"2883","47.639804","www.googleadservices.com","FioImma.local","TLSv1.3","85","Application Data"
"2884","47.639876","FioImma.local","www.googleadservices.com","TCP","54","54858  >  443 [ACK] Seq=4022 Ack=6391 Win=130304 Len=0"
"2885","47.640258","FioImma.local","www.googleadservices.com","TLSv1.3","85","Application Data"
"2886","47.654612","www.googleadservices.com","FioImma.local","TCP","60","443  >  54858 [ACK] Seq=6391 Ack=4053 Win=79872 Len=0"
"2887","47.677079","www.googleadservices.com","FioImma.local","TLSv1.3","369","Application Data"
"2888","47.677079","www.googleadservices.com","FioImma.local","TLSv1.3","85","Application Data"
"2889","47.677079","www.googleadservices.com","FioImma.local","TLSv1.3","93","Application Data"
"2890","47.677244","FioImma.local","www.googleadservices.com","TCP","54","54858  >  443 [ACK] Seq=4053 Ack=6776 Win=129792 Len=0"
"2891","47.678933","FioImma.local","www.googleadservices.com","TLSv1.3","93","Application Data"
"2892","47.693506","www.googleadservices.com","FioImma.local","TCP","60","443  >  54858 [ACK] Seq=6776 Ack=4092 Win=79872 Len=0"
"2893","47.751351","FioImma.local","www.googleadservices.com","QUIC","1292","Initial, DCID=71bbe722d64b65b6, PKN: 4, CRYPTO"
"2894","47.816538","FioImma.local","www.googleadservices.com","QUIC","1292","Initial, DCID=9fa79f25edc3cc41, PKN: 6, PING, PING, PING, PADDING, PING, PING, CRYPTO, PING, PADDING, CRYPTO, CRYPTO, PADDING"
"2895","47.882036","FioImma.local","www.googleadservices.com","QUIC","1292","Initial, DCID=c6c4bdb6684500f5, PKN: 4, CRYPTO"
"2896","48.053826","FioImma.local","mars.octa.edu","DNS","75","Standard query 0xb69a A chat.openai.com"
"2897","48.054141","FioImma.local","mars.octa.edu","DNS","75","Standard query 0x928a HTTPS chat.openai.com"
"2898","48.062028","mars.octa.edu","FioImma.local","DNS","155","Standard query response 0xb69a A chat.openai.com CNAME chat.openai.com.cdn.cloudflare.net A 104.18.37.228 A 172.64.150.28"
"2899","48.062028","mars.octa.edu","FioImma.local","DNS","193","Standard query response 0x928a HTTPS chat.openai.com CNAME chat.openai.com.cdn.cloudflare.net HTTPS"
"2900","48.064264","FioImma.local","chat.openai.com.cdn.cloudflare.net","TCP","66","54859  >  443 [SYN] Seq=0 Win=64240 Len=0 MSS=1460 WS=256 SACK_PERM"
"2901","48.073838","chat.openai.com.cdn.cloudflare.net","FioImma.local","TCP","66","443  >  54859 [SYN, ACK] Seq=0 Ack=1 Win=65535 Len=0 MSS=1400 SACK_PERM WS=8192"
"2902","48.074018","FioImma.local","chat.openai.com.cdn.cloudflare.net","TCP","54","54859  >  443 [ACK] Seq=1 Ack=1 Win=131584 Len=0"
"2903","48.076212","FioImma.local","chat.openai.com.cdn.cloudflare.net","TCP","1454","54859  >  443 [ACK] Seq=1 Ack=1 Win=131584 Len=1400 [TCP PDU reassembled in 2904]"
"2904","48.076212","FioImma.local","chat.openai.com.cdn.cloudflare.net","TLSv1.3","650","Client Hello (SNI=chat.openai.com)"
"2905","48.088125","chat.openai.com.cdn.cloudflare.net","FioImma.local","TCP","60","443  >  54859 [ACK] Seq=1 Ack=1401 Win=73728 Len=0"
"2906","48.088125","chat.openai.com.cdn.cloudflare.net","FioImma.local","TCP","60","443  >  54859 [ACK] Seq=1 Ack=1997 Win=73728 Len=0"
"2907","48.088125","chat.openai.com.cdn.cloudflare.net","FioImma.local","TLSv1.3","1429","Server Hello, Change Cipher Spec, Application Data"
"2908","48.089721","FioImma.local","chat.openai.com.cdn.cloudflare.net","TLSv1.3","118","Change Cipher Spec, Application Data"
"2909","48.101856","chat.openai.com.cdn.cloudflare.net","FioImma.local","TLSv1.3","582","Application Data, Application Data"
"2910","48.142201","FioImma.local","chat.openai.com.cdn.cloudflare.net","TCP","54","54859  >  443 [ACK] Seq=2061 Ack=1904 Win=131584 Len=0"
"2911","48.340461","FioImma.local","chat.openai.com.cdn.cloudflare.net","TLSv1.3","146","Application Data"
"2912","48.340933","FioImma.local","chat.openai.com.cdn.cloudflare.net","TLSv1.3","85","Application Data"
"2913","48.341029","FioImma.local","chat.openai.com.cdn.cloudflare.net","TLSv1.3","935","Application Data"
"2914","48.351456","chat.openai.com.cdn.cloudflare.net","FioImma.local","TCP","60","443  >  54859 [ACK] Seq=1904 Ack=2184 Win=73728 Len=0"
"2915","48.351456","chat.openai.com.cdn.cloudflare.net","FioImma.local","TLSv1.3","85","Application Data"
"2916","48.351740","FioImma.local","www.googleadservices.com","QUIC","1292","Initial, DCID=71bbe722d64b65b6, PKN: 6, PADDING, CRYPTO, PADDING, CRYPTO, PADDING"
"2917","48.376059","chat.openai.com.cdn.cloudflare.net","FioImma.local","TLSv1.3","706","Application Data"
"2918","48.376059","chat.openai.com.cdn.cloudflare.net","FioImma.local","TLSv1.3","254","Application Data"
"2919","48.376059","chat.openai.com.cdn.cloudflare.net","FioImma.local","TLSv1.3","85","Application Data"
"2920","48.376133","FioImma.local","chat.openai.com.cdn.cloudflare.net","TCP","54","54859  >  443 [ACK] Seq=3065 Ack=2818 Win=130560 Len=0"
"2921","48.399496","FioImma.local","192.168.1.255","UDP","86","57621  >  57621 Len=44"
"2922","48.453348","FioImma.local","mars.octa.edu","DNS","79","Standard query 0x2f1e A clients4.google.com"
"2923","48.453603","FioImma.local","mars.octa.edu","DNS","79","Standard query 0xc154 HTTPS clients4.google.com"
"2924","48.460642","mars.octa.edu","FioImma.local","DNS","119","Standard query response 0x2f1e A clients4.google.com CNAME clients.l.google.com A 142.250.182.110"
"2925","48.460642","mars.octa.edu","FioImma.local","DNS","153","Standard query response 0xc154 HTTPS clients4.google.com CNAME clients.l.google.com SOA ns1.google.com"
"2926","48.461520","FioImma.local","clients.l.google.com","TCP","66","54860  >  443 [SYN] Seq=0 Win=64240 Len=0 MSS=1460 WS=256 SACK_PERM"
"2927","48.469480","clients.l.google.com","FioImma.local","TCP","66","443  >  54860 [SYN, ACK] Seq=0 Ack=1 Win=65535 Len=0 MSS=1412 SACK_PERM WS=256"
"2928","48.469606","FioImma.local","clients.l.google.com","TCP","54","54860  >  443 [ACK] Seq=1 Ack=1 Win=131072 Len=0"
"2929","48.471463","FioImma.local","clients.l.google.com","TCP","1466","54860  >  443 [ACK] Seq=1 Ack=1 Win=131072 Len=1412 [TCP PDU reassembled in 2930]"
"2930","48.471463","FioImma.local","clients.l.google.com","TLSv1.3","830","Client Hello (SNI=clients4.google.com)"
"2931","48.481523","clients.l.google.com","FioImma.local","TCP","60","443  >  54860 [ACK] Seq=1 Ack=1413 Win=68608 Len=0"
"2932","48.481523","clients.l.google.com","FioImma.local","TCP","60","443  >  54860 [ACK] Seq=1 Ack=2189 Win=71424 Len=0"
"2933","48.489107","FioImma.local","www.googleadservices.com","QUIC","1292","Initial, DCID=c6c4bdb6684500f5, PKN: 6, PADDING, CRYPTO, PING, PADDING"
"2934","48.517320","clients.l.google.com","FioImma.local","TLSv1.3","1466","Server Hello, Change Cipher Spec"
"2935","48.517320","clients.l.google.com","FioImma.local","TLSv1.3","110","Application Data"
"2936","48.517384","FioImma.local","clients.l.google.com","TCP","54","54860  >  443 [ACK] Seq=2189 Ack=1469 Win=131072 Len=0"
"2937","48.518602","FioImma.local","clients.l.google.com","TLSv1.3","128","Change Cipher Spec, Application Data"
"2938","48.518865","FioImma.local","clients.l.google.com","TLSv1.3","146","Application Data"
"2939","48.519126","FioImma.local","clients.l.google.com","TLSv1.3","780","Application Data"
"2940","48.519208","FioImma.local","clients.l.google.com","TCP","1466","54860  >  443 [ACK] Seq=3081 Ack=1469 Win=131072 Len=1412 [TCP PDU reassembled in 2941]"
"2941","48.519208","FioImma.local","clients.l.google.com","TLSv1.3","451","Application Data"
"2942","48.529628","clients.l.google.com","FioImma.local","TLSv1.3","1022","Application Data, Application Data"
"2943","48.529628","clients.l.google.com","FioImma.local","TCP","60","443  >  54860 [ACK] Seq=2437 Ack=4890 Win=79872 Len=0"
"2944","48.529628","clients.l.google.com","FioImma.local","TLSv1.3","85","Application Data"
"2945","48.529716","FioImma.local","clients.l.google.com","TCP","54","54860  >  443 [ACK] Seq=4890 Ack=2468 Win=130304 Len=0"
"2946","48.530075","FioImma.local","clients.l.google.com","TLSv1.3","85","Application Data"
"2947","48.546019","clients.l.google.com","FioImma.local","TCP","60","443  >  54860 [ACK] Seq=2468 Ack=4921 Win=79872 Len=0"
"2948","48.568926","FioImma.local","chat.openai.com.cdn.cloudflare.net","TLSv1.3","113","Application Data"
"2949","48.569967","FioImma.local","mars.octa.edu","DNS","71","Standard query 0x157b A chatgpt.com"
"2950","48.570334","FioImma.local","mars.octa.edu","DNS","71","Standard query 0x2eec HTTPS chatgpt.com"
"2951","48.570729","FioImma.local","mars.octa.edu","DNS","77","Standard query 0x125d A cdn.oaistatic.com"
"2952","48.571045","FioImma.local","mars.octa.edu","DNS","77","Standard query 0xea5b HTTPS cdn.oaistatic.com"
"2953","48.576911","mars.octa.edu","FioImma.local","DNS","103","Standard query response 0x157b A chatgpt.com A 104.18.32.47 A 172.64.155.209"
"2954","48.576911","mars.octa.edu","FioImma.local","DNS","141","Standard query response 0x2eec HTTPS chatgpt.com HTTPS"
"2955","48.576911","mars.octa.edu","FioImma.local","DNS","109","Standard query response 0x125d A cdn.oaistatic.com A 172.64.146.98 A 104.18.41.158"
"2956","48.579583","mars.octa.edu","FioImma.local","DNS","150","Standard query response 0xea5b HTTPS cdn.oaistatic.com HTTPS"
"2957","48.580361","FioImma.local","cdn.oaistatic.com","TCP","66","54861  >  443 [SYN] Seq=0 Win=64240 Len=0 MSS=1460 WS=256 SACK_PERM"
"2958","48.589476","cdn.oaistatic.com","FioImma.local","TCP","66","443  >  54861 [SYN, ACK] Seq=0 Ack=1 Win=65535 Len=0 MSS=1400 SACK_PERM WS=8192"
"2959","48.589639","FioImma.local","cdn.oaistatic.com","TCP","54","54861  >  443 [ACK] Seq=1 Ack=1 Win=131584 Len=0"
"2960","48.591153","FioImma.local","cdn.oaistatic.com","TCP","1454","54861  >  443 [ACK] Seq=1 Ack=1 Win=131584 Len=1400 [TCP PDU reassembled in 2961]"
"2961","48.591153","FioImma.local","cdn.oaistatic.com","TLSv1.3","716","Client Hello (SNI=cdn.oaistatic.com)"
"2962","48.599154","chat.openai.com.cdn.cloudflare.net","FioImma.local","TLSv1.3","359","Application Data"
"2963","48.600555","chat.openai.com.cdn.cloudflare.net","FioImma.local","TLSv1.3","254","Application Data"
"2964","48.600555","chat.openai.com.cdn.cloudflare.net","FioImma.local","TLSv1.3","85","Application Data"
"2965","48.600555","cdn.oaistatic.com","FioImma.local","TCP","60","443  >  54861 [ACK] Seq=1 Ack=1401 Win=73728 Len=0"
"2966","48.600555","cdn.oaistatic.com","FioImma.local","TCP","60","443  >  54861 [ACK] Seq=1 Ack=2063 Win=73728 Len=0"
"2967","48.600618","FioImma.local","chat.openai.com.cdn.cloudflare.net","TCP","54","54859  >  443 [ACK] Seq=3124 Ack=3354 Win=131584 Len=0"
"2968","48.602444","FioImma.local","ab.chatgpt.com","TLSv1.2","1454","Ignored Unknown Record"
"2969","48.602444","FioImma.local","ab.chatgpt.com","TLSv1.2","1454","Ignored Unknown Record"
"2970","48.602444","FioImma.local","ab.chatgpt.com","TLSv1.2","1454","Ignored Unknown Record"
"2971","48.602444","FioImma.local","ab.chatgpt.com","TLSv1.2","388","Ignored Unknown Record"
"2972","48.602503","FioImma.local","ab.chatgpt.com","TLSv1.2","93","Application Data"
"2973","48.603544","cdn.oaistatic.com","FioImma.local","TLSv1.3","1429","Server Hello, Change Cipher Spec, Application Data"
"2974","48.605028","FioImma.local","cdn.oaistatic.com","TLSv1.3","118","Change Cipher Spec, Application Data"
"2975","48.614174","cdn.oaistatic.com","FioImma.local","TLSv1.3","582","Application Data, Application Data"
"2976","48.636468","FioImma.local","www.googleadservices.com","QUIC","1292","Initial, DCID=678d05d6addb6039, PKN: 9, CC, PADDING"
"2977","48.644328","clients.l.google.com","FioImma.local","TLSv1.3","438","Application Data"
"2978","48.644328","clients.l.google.com","FioImma.local","TLSv1.3","705","Application Data"
"2979","48.644328","clients.l.google.com","FioImma.local","TLSv1.3","288","Application Data"
"2980","48.644328","clients.l.google.com","FioImma.local","TLSv1.3","85","Application Data"
"2981","48.644328","clients.l.google.com","FioImma.local","TLSv1.3","93","Application Data"
"2982","48.644328","ab.chatgpt.com","FioImma.local","TCP","60","443  >  54679 [ACK] Seq=1 Ack=1402 Win=64 Len=0"
"2983","48.644328","ab.chatgpt.com","FioImma.local","TCP","60","443  >  54679 [ACK] Seq=1 Ack=2802 Win=64 Len=0"
"2984","48.644328","ab.chatgpt.com","FioImma.local","TCP","60","443  >  54679 [ACK] Seq=1 Ack=4202 Win=64 Len=0"
"2985","48.644328","ab.chatgpt.com","FioImma.local","TCP","60","443  >  54679 [ACK] Seq=1 Ack=4536 Win=64 Len=0"
"2986","48.644328","ab.chatgpt.com","FioImma.local","TCP","60","443  >  54679 [ACK] Seq=1 Ack=4575 Win=64 Len=0"
"2987","48.644328","ab.chatgpt.com","FioImma.local","TLSv1.2","93","Application Data"
"2988","48.644433","FioImma.local","clients.l.google.com","TCP","54","54860  >  443 [ACK] Seq=4921 Ack=3807 Win=131072 Len=0"
"2989","48.645876","FioImma.local","clients.l.google.com","TLSv1.3","93","Application Data"
"2990","48.653988","FioImma.local","cdn.oaistatic.com","TCP","54","54861  >  443 [ACK] Seq=2127 Ack=1904 Win=131584 Len=0"
"2991","48.655205","clients.l.google.com","FioImma.local","TCP","60","443  >  54860 [ACK] Seq=3807 Ack=4960 Win=79872 Len=0"
"2992","48.693902","FioImma.local","ab.chatgpt.com","TCP","54","54679  >  443 [ACK] Seq=4575 Ack=40 Win=2056 Len=0"
"2993","49.017815","FioImma.local","www.googleadservices.com","QUIC","1292","Initial, DCID=9fa79f25edc3cc41, PKN: 8, CRYPTO"
"2994","49.061088","ab.chatgpt.com","FioImma.local","TCP","4434","443  >  54679 [ACK] Seq=40 Ack=4575 Win=64 Len=4380 [TCP PDU reassembled in 2995]"
"2995","49.061088","ab.chatgpt.com","FioImma.local","TLSv1.2","1342","Application Data"
"2996","49.061088","ab.chatgpt.com","FioImma.local","TLSv1.2","974","Application Data"
"2997","49.061088","ab.chatgpt.com","FioImma.local","TCP","1514","443  >  54679 [ACK] Seq=6628 Ack=4575 Win=64 Len=1460 [TCP PDU reassembled in 2998]"
"2998","49.061088","ab.chatgpt.com","FioImma.local","TLSv1.2","263","Application Data"
"2999","49.061088","ab.chatgpt.com","FioImma.local","TCP","1514","443  >  54679 [ACK] Seq=8297 Ack=4575 Win=64 Len=1460 [TCP PDU reassembled in 3000]"
"3000","49.061088","ab.chatgpt.com","FioImma.local","TLSv1.2","524","Application Data"
"3001","49.061226","FioImma.local","ab.chatgpt.com","TCP","54","54679  >  443 [ACK] Seq=4575 Ack=10227 Win=2056 Len=0"
"3002","49.064356","ab.chatgpt.com","FioImma.local","TCP","1514","443  >  54679 [ACK] Seq=10227 Ack=4575 Win=64 Len=1460 [TCP PDU reassembled in 3003]"
"3003","49.064356","ab.chatgpt.com","FioImma.local","TLSv1.2","1372","Application Data"
"3004","49.064519","FioImma.local","ab.chatgpt.com","TCP","54","54679  >  443 [ACK] Seq=4575 Ack=13005 Win=2056 Len=0"
"3005","49.065616","FioImma.local","ab.chatgpt.com","TLSv1.2","89","Application Data"
"3006","49.066493","ab.chatgpt.com","FioImma.local","TCP","1514","443  >  54679 [ACK] Seq=13005 Ack=4575 Win=64 Len=1460 [TCP PDU reassembled in 3007]"
"3007","49.066493","ab.chatgpt.com","FioImma.local","TLSv1.2","934","Application Data"
"3008","49.066493","ab.chatgpt.com","FioImma.local","TCP","1514","443  >  54679 [ACK] Seq=15345 Ack=4575 Win=64 Len=1460 [TCP PDU reassembled in 3009]"
"3009","49.066493","ab.chatgpt.com","FioImma.local","TLSv1.2","455","Application Data"
"3010","49.066600","FioImma.local","ab.chatgpt.com","TCP","54","54679  >  443 [ACK] Seq=4610 Ack=17206 Win=2056 Len=0"
"3011","49.071733","ab.chatgpt.com","FioImma.local","TCP","1514","443  >  54679 [ACK] Seq=17206 Ack=4575 Win=64 Len=1460 [TCP PDU reassembled in 3012]"
"3012","49.071733","ab.chatgpt.com","FioImma.local","TLSv1.2","265","Application Data"
"3013","49.071733","ab.chatgpt.com","FioImma.local","TLSv1.2","782","Application Data"
"3014","49.071805","FioImma.local","ab.chatgpt.com","TCP","54","54679  >  443 [ACK] Seq=4610 Ack=19605 Win=2056 Len=0"
"3015","49.084732","ab.chatgpt.com","FioImma.local","TLSv1.2","1421","Application Data"
"3016","49.084787","FioImma.local","ab.chatgpt.com","TCP","54","54679  >  443 [ACK] Seq=4610 Ack=20972 Win=2050 Len=0"
"3017","49.086810","ab.chatgpt.com","FioImma.local","TCP","1514","443  >  54679 [ACK] Seq=20972 Ack=4575 Win=64 Len=1460 [TCP PDU reassembled in 3018]"
"3018","49.086810","ab.chatgpt.com","FioImma.local","TLSv1.2","951","Application Data"
"3019","49.086810","ab.chatgpt.com","FioImma.local","TLSv1.2","86","Application Data"
"3020","49.086810","ab.chatgpt.com","FioImma.local","TLSv1.2","85","Application Data"
"3021","49.086870","FioImma.local","ab.chatgpt.com","TCP","54","54679  >  443 [ACK] Seq=4610 Ack=23392 Win=2056 Len=0"
"3022","49.143053","ab.chatgpt.com","FioImma.local","TCP","60","443  >  54679 [ACK] Seq=23392 Ack=4610 Win=64 Len=0"
"3023","49.318893","FioImma.local","ab.chatgpt.com","TCP","1454","54679  >  443 [ACK] Seq=4610 Ack=23392 Win=2056 Len=1400 [TCP PDU reassembled in 3026]"
"3024","49.318893","FioImma.local","ab.chatgpt.com","TCP","1454","54679  >  443 [ACK] Seq=6010 Ack=23392 Win=2056 Len=1400 [TCP PDU reassembled in 3026]"
"3025","49.318893","FioImma.local","ab.chatgpt.com","TCP","1454","54679  >  443 [ACK] Seq=7410 Ack=23392 Win=2056 Len=1400 [TCP PDU reassembled in 3026]"
"3026","49.318893","FioImma.local","ab.chatgpt.com","TLSv1.2","1399","Application Data"
"3027","49.326115","FioImma.local","www.googleadservices.com","QUIC","1292","Initial, DCID=f8eeffc9c9a83348, PKN: 9, CC, PADDING"
"3028","49.359056","ab.chatgpt.com","FioImma.local","TCP","60","443  >  54679 [ACK] Seq=23392 Ack=6010 Win=64 Len=0"
"3029","49.359056","ab.chatgpt.com","FioImma.local","TCP","60","443  >  54679 [ACK] Seq=23392 Ack=7410 Win=64 Len=0"
"3030","49.359056","ab.chatgpt.com","FioImma.local","TCP","60","443  >  54679 [ACK] Seq=23392 Ack=8810 Win=64 Len=0"
"3031","49.359056","ab.chatgpt.com","FioImma.local","TCP","60","443  >  54679 [ACK] Seq=23392 Ack=10155 Win=64 Len=0"
"3032","49.456737","FioImma.local","cdn.oaistatic.com","TCP","66","54862  >  443 [SYN] Seq=0 Win=64240 Len=0 MSS=1460 WS=256 SACK_PERM"
"3033","49.469202","FioImma.local","www.googleadservices.com","QUIC","1292","Initial, DCID=69755e35a84ff002, PKN: 9, CC, PADDING"
"3034","49.469487","cdn.oaistatic.com","FioImma.local","TCP","66","443  >  54862 [SYN, ACK] Seq=0 Ack=1 Win=65535 Len=0 MSS=1400 SACK_PERM WS=8192"
"3035","49.469575","FioImma.local","cdn.oaistatic.com","TCP","54","54862  >  443 [ACK] Seq=1 Ack=1 Win=131584 Len=0"
"3036","49.471455","FioImma.local","cdn.oaistatic.com","TCP","1454","54862  >  443 [ACK] Seq=1 Ack=1 Win=131584 Len=1400 [TCP PDU reassembled in 3037]"
"3037","49.471455","FioImma.local","cdn.oaistatic.com","TLSv1.3","652","Client Hello (SNI=cdn.oaistatic.com)"
"3038","49.472269","FioImma.local","ab.chatgpt.com","TCP","1454","54679  >  443 [ACK] Seq=10155 Ack=23392 Win=2056 Len=1400 [TCP PDU reassembled in 3041]"
"3039","49.472269","FioImma.local","ab.chatgpt.com","TCP","1454","54679  >  443 [ACK] Seq=11555 Ack=23392 Win=2056 Len=1400 [TCP PDU reassembled in 3041]"
"3040","49.472269","FioImma.local","ab.chatgpt.com","TCP","1454","54679  >  443 [ACK] Seq=12955 Ack=23392 Win=2056 Len=1400 [TCP PDU reassembled in 3041]"
"3041","49.472269","FioImma.local","ab.chatgpt.com","TLSv1.2","1373","Application Data"
"3042","49.475187","FioImma.local","ab.chatgpt.com","TCP","1454","54679  >  443 [ACK] Seq=15674 Ack=23392 Win=2056 Len=1400 [TCP PDU reassembled in 3045]"
"3043","49.475187","FioImma.local","ab.chatgpt.com","TCP","1454","54679  >  443 [ACK] Seq=17074 Ack=23392 Win=2056 Len=1400 [TCP PDU reassembled in 3045]"
"3044","49.475187","FioImma.local","ab.chatgpt.com","TCP","1454","54679  >  443 [ACK] Seq=18474 Ack=23392 Win=2056 Len=1400 [TCP PDU reassembled in 3045]"
"3045","49.475187","FioImma.local","ab.chatgpt.com","TLSv1.2","1431","Application Data"
"3046","49.476363","FioImma.local","ab.chatgpt.com","TCP","1454","54679  >  443 [ACK] Seq=21251 Ack=23392 Win=2056 Len=1400 [TCP PDU reassembled in 3049]"
"3047","49.476363","FioImma.local","ab.chatgpt.com","TCP","1454","54679  >  443 [ACK] Seq=22651 Ack=23392 Win=2056 Len=1400 [TCP PDU reassembled in 3049]"
"3048","49.476363","FioImma.local","ab.chatgpt.com","TCP","1454","54679  >  443 [ACK] Seq=24051 Ack=23392 Win=2056 Len=1400 [TCP PDU reassembled in 3049]"
"3049","49.476363","FioImma.local","ab.chatgpt.com","TLSv1.2","1364","Application Data"
"3050","49.477104","FioImma.local","ab.chatgpt.com","TCP","1454","54679  >  443 [ACK] Seq=26761 Ack=23392 Win=2056 Len=1400 [TCP PDU reassembled in 3053]"
"3051","49.477104","FioImma.local","ab.chatgpt.com","TCP","1454","54679  >  443 [ACK] Seq=28161 Ack=23392 Win=2056 Len=1400 [TCP PDU reassembled in 3053]"
"3052","49.477104","FioImma.local","ab.chatgpt.com","TCP","1454","54679  >  443 [ACK] Seq=29561 Ack=23392 Win=2056 Len=1400 [TCP PDU reassembled in 3053]"
"3053","49.477104","FioImma.local","ab.chatgpt.com","TLSv1.2","1370","Application Data"
"3054","49.478848","FioImma.local","ab.chatgpt.com","TCP","1454","54679  >  443 [ACK] Seq=32277 Ack=23392 Win=2056 Len=1400 [TCP PDU reassembled in 3057]"
"3055","49.478848","FioImma.local","ab.chatgpt.com","TCP","1454","54679  >  443 [ACK] Seq=33677 Ack=23392 Win=2056 Len=1400 [TCP PDU reassembled in 3057]"
"3056","49.478848","FioImma.local","ab.chatgpt.com","TCP","1454","54679  >  443 [ACK] Seq=35077 Ack=23392 Win=2056 Len=1400 [TCP PDU reassembled in 3057]"
"3057","49.478848","FioImma.local","ab.chatgpt.com","TLSv1.2","1370","Application Data"
"3058","49.479162","FioImma.local","ab.chatgpt.com","TCP","1454","54679  >  443 [ACK] Seq=37793 Ack=23392 Win=2056 Len=1400 [TCP PDU reassembled in 3061]"
"3059","49.479162","FioImma.local","ab.chatgpt.com","TCP","1454","54679  >  443 [ACK] Seq=39193 Ack=23392 Win=2056 Len=1400 [TCP PDU reassembled in 3061]"
"3060","49.479162","FioImma.local","ab.chatgpt.com","TCP","1454","54679  >  443 [ACK] Seq=40593 Ack=23392 Win=2056 Len=1400 [TCP PDU reassembled in 3061]"
"3061","49.479162","FioImma.local","ab.chatgpt.com","TLSv1.2","1412","Application Data"
"3062","49.479409","FioImma.local","ab.chatgpt.com","TCP","1454","54679  >  443 [ACK] Seq=43351 Ack=23392 Win=2056 Len=1400 [TCP PDU reassembled in 3065]"
"3063","49.479409","FioImma.local","ab.chatgpt.com","TCP","1454","54679  >  443 [ACK] Seq=44751 Ack=23392 Win=2056 Len=1400 [TCP PDU reassembled in 3065]"
"3064","49.479409","FioImma.local","ab.chatgpt.com","TCP","1454","54679  >  443 [ACK] Seq=46151 Ack=23392 Win=2056 Len=1400 [TCP PDU reassembled in 3065]"
"3065","49.479409","FioImma.local","ab.chatgpt.com","TLSv1.2","1391","Application Data"
"3066","49.479480","FioImma.local","ab.chatgpt.com","TLSv1.2","183","Application Data"
"3067","49.480075","FioImma.local","ab.chatgpt.com","TCP","1454","54679  >  443 [ACK] Seq=49017 Ack=23392 Win=2056 Len=1400 [TCP PDU reassembled in 3070]"
"3068","49.480075","FioImma.local","ab.chatgpt.com","TCP","1454","54679  >  443 [ACK] Seq=50417 Ack=23392 Win=2056 Len=1400 [TCP PDU reassembled in 3070]"
"3069","49.480075","FioImma.local","ab.chatgpt.com","TCP","1454","54679  >  443 [ACK] Seq=51817 Ack=23392 Win=2056 Len=1400 [TCP PDU reassembled in 3070]"
"3070","49.480075","FioImma.local","ab.chatgpt.com","TLSv1.2","1363","Application Data"
"3071","49.480428","FioImma.local","ab.chatgpt.com","TCP","1454","54679  >  443 [ACK] Seq=54526 Ack=23392 Win=2056 Len=1400 [TCP PDU reassembled in 3074]"
"3072","49.480428","FioImma.local","ab.chatgpt.com","TCP","1454","54679  >  443 [ACK] Seq=55926 Ack=23392 Win=2056 Len=1400 [TCP PDU reassembled in 3074]"
"3073","49.480428","FioImma.local","ab.chatgpt.com","TCP","1454","54679  >  443 [ACK] Seq=57326 Ack=23392 Win=2056 Len=1400 [TCP PDU reassembled in 3074]"
"3074","49.480428","FioImma.local","ab.chatgpt.com","TLSv1.2","1385","Application Data"
"3075","49.482623","cdn.oaistatic.com","FioImma.local","TCP","60","443  >  54862 [ACK] Seq=1 Ack=1401 Win=73728 Len=0"
"3076","49.482623","cdn.oaistatic.com","FioImma.local","TCP","60","443  >  54862 [ACK] Seq=1 Ack=1999 Win=73728 Len=0"
"3077","49.485287","cdn.oaistatic.com","FioImma.local","TLSv1.3","1429","Server Hello, Change Cipher Spec, Application Data"
"3078","49.486528","FioImma.local","cdn.oaistatic.com","TLSv1.3","118","Change Cipher Spec, Application Data"
"3079","49.486885","FioImma.local","cdn.oaistatic.com","TLSv1.3","146","Application Data"
"3080","49.487090","FioImma.local","cdn.oaistatic.com","TLSv1.3","469","Application Data"
"3081","49.498058","cdn.oaistatic.com","FioImma.local","TLSv1.3","582","Application Data, Application Data"
"3082","49.498058","cdn.oaistatic.com","FioImma.local","TLSv1.3","85","Application Data"
"3083","49.498246","FioImma.local","cdn.oaistatic.com","TCP","54","54862  >  443 [ACK] Seq=2570 Ack=1935 Win=131584 Len=0"
"3084","49.498706","FioImma.local","cdn.oaistatic.com","TLSv1.3","85","Application Data"
"3085","49.510081","ab.chatgpt.com","FioImma.local","TCP","60","443  >  54679 [ACK] Seq=23392 Ack=11555 Win=64 Len=0"
"3086","49.510081","ab.chatgpt.com","FioImma.local","TCP","60","443  >  54679 [ACK] Seq=23392 Ack=12955 Win=64 Len=0"
"3087","49.510081","ab.chatgpt.com","FioImma.local","TCP","60","443  >  54679 [ACK] Seq=23392 Ack=14355 Win=64 Len=0"
"3088","49.510081","ab.chatgpt.com","FioImma.local","TCP","60","443  >  54679 [ACK] Seq=23392 Ack=15674 Win=64 Len=0"
"3089","49.510267","cdn.oaistatic.com","FioImma.local","TCP","60","443  >  54862 [ACK] Seq=1935 Ack=2601 Win=81920 Len=0"
"3090","49.512418","ab.chatgpt.com","FioImma.local","TCP","60","443  >  54679 [ACK] Seq=23392 Ack=17074 Win=64 Len=0"
"3091","49.512418","ab.chatgpt.com","FioImma.local","TCP","60","443  >  54679 [ACK] Seq=23392 Ack=18474 Win=64 Len=0"
"3092","49.512418","ab.chatgpt.com","FioImma.local","TCP","60","443  >  54679 [ACK] Seq=23392 Ack=19874 Win=64 Len=0"
"3093","49.512418","ab.chatgpt.com","FioImma.local","TCP","60","443  >  54679 [ACK] Seq=23392 Ack=21251 Win=64 Len=0"
"3094","49.512596","FioImma.local","ab.chatgpt.com","TLSv1.2","144","Ignored Unknown Record"
"3095","49.512674","FioImma.local","ab.chatgpt.com","TLSv1.2","93","Application Data"
"3096","49.512759","FioImma.local","ab.chatgpt.com","TCP","1454","54680  >  443 [ACK] Seq=131 Ack=1 Win=514 Len=1400 [TCP PDU reassembled in 3107]"
"3097","49.512759","FioImma.local","ab.chatgpt.com","TCP","1454","54680  >  443 [ACK] Seq=1531 Ack=1 Win=514 Len=1400 [TCP PDU reassembled in 3107]"
"3098","49.512759","FioImma.local","ab.chatgpt.com","TCP","1454","54680  >  443 [ACK] Seq=2931 Ack=1 Win=514 Len=1400 [TCP PDU reassembled in 3107]"
"3099","49.512759","FioImma.local","ab.chatgpt.com","TCP","1454","54680  >  443 [ACK] Seq=4331 Ack=1 Win=514 Len=1400 [TCP PDU reassembled in 3107]"
"3100","49.512759","FioImma.local","ab.chatgpt.com","TCP","1454","54680  >  443 [ACK] Seq=5731 Ack=1 Win=514 Len=1400 [TCP PDU reassembled in 3107]"
"3101","49.512759","FioImma.local","ab.chatgpt.com","TCP","1454","54680  >  443 [ACK] Seq=7131 Ack=1 Win=514 Len=1400 [TCP PDU reassembled in 3107]"
"3102","49.512759","FioImma.local","ab.chatgpt.com","TCP","1454","54680  >  443 [ACK] Seq=8531 Ack=1 Win=514 Len=1400 [TCP PDU reassembled in 3107]"
"3103","49.512759","FioImma.local","ab.chatgpt.com","TCP","1454","54680  >  443 [ACK] Seq=9931 Ack=1 Win=514 Len=1400 [TCP PDU reassembled in 3107]"
"3104","49.512759","FioImma.local","ab.chatgpt.com","TCP","1454","54680  >  443 [ACK] Seq=11331 Ack=1 Win=514 Len=1400 [TCP PDU reassembled in 3107]"
"3105","49.512759","FioImma.local","ab.chatgpt.com","TCP","1454","54680  >  443 [ACK] Seq=12731 Ack=1 Win=514 Len=1400 [TCP PDU reassembled in 3107]"
"3106","49.512759","FioImma.local","ab.chatgpt.com","TCP","1454","54680  >  443 [ACK] Seq=14131 Ack=1 Win=514 Len=1400 [TCP PDU reassembled in 3107]"
"3107","49.512759","FioImma.local","ab.chatgpt.com","TLSv1.2","1060","Application Data"
"3108","49.512882","FioImma.local","ab.chatgpt.com","TCP","1454","54680  >  443 [ACK] Seq=16537 Ack=1 Win=514 Len=1400 [TCP PDU reassembled in 3119]"
"3109","49.512882","FioImma.local","ab.chatgpt.com","TCP","1454","54680  >  443 [ACK] Seq=17937 Ack=1 Win=514 Len=1400 [TCP PDU reassembled in 3119]"
"3110","49.512882","FioImma.local","ab.chatgpt.com","TCP","1454","54680  >  443 [ACK] Seq=19337 Ack=1 Win=514 Len=1400 [TCP PDU reassembled in 3119]"
"3111","49.512882","FioImma.local","ab.chatgpt.com","TCP","1454","54680  >  443 [ACK] Seq=20737 Ack=1 Win=514 Len=1400 [TCP PDU reassembled in 3119]"
"3112","49.512882","FioImma.local","ab.chatgpt.com","TCP","1454","54680  >  443 [ACK] Seq=22137 Ack=1 Win=514 Len=1400 [TCP PDU reassembled in 3119]"
"3113","49.512882","FioImma.local","ab.chatgpt.com","TCP","1454","54680  >  443 [ACK] Seq=23537 Ack=1 Win=514 Len=1400 [TCP PDU reassembled in 3119]"
"3114","49.512882","FioImma.local","ab.chatgpt.com","TCP","1454","54680  >  443 [ACK] Seq=24937 Ack=1 Win=514 Len=1400 [TCP PDU reassembled in 3119]"
"3115","49.512882","FioImma.local","ab.chatgpt.com","TCP","1454","54680  >  443 [ACK] Seq=26337 Ack=1 Win=514 Len=1400 [TCP PDU reassembled in 3119]"
"3116","49.512882","FioImma.local","ab.chatgpt.com","TCP","1454","54680  >  443 [ACK] Seq=27737 Ack=1 Win=514 Len=1400 [TCP PDU reassembled in 3119]"
"3117","49.512882","FioImma.local","ab.chatgpt.com","TCP","1454","54680  >  443 [ACK] Seq=29137 Ack=1 Win=514 Len=1400 [TCP PDU reassembled in 3119]"
"3118","49.512882","FioImma.local","ab.chatgpt.com","TCP","1454","54680  >  443 [ACK] Seq=30537 Ack=1 Win=514 Len=1400 [TCP PDU reassembled in 3119]"
"3119","49.512882","FioImma.local","ab.chatgpt.com","TLSv1.2","1060","Application Data"
"3120","49.513012","FioImma.local","ab.chatgpt.com","TCP","1454","54680  >  443 [ACK] Seq=32943 Ack=1 Win=514 Len=1400 [TCP PDU reassembled in 3131]"
"3121","49.513012","FioImma.local","ab.chatgpt.com","TCP","1454","54680  >  443 [ACK] Seq=34343 Ack=1 Win=514 Len=1400 [TCP PDU reassembled in 3131]"
"3122","49.513012","FioImma.local","ab.chatgpt.com","TCP","1454","54680  >  443 [ACK] Seq=35743 Ack=1 Win=514 Len=1400 [TCP PDU reassembled in 3131]"
"3123","49.513012","FioImma.local","ab.chatgpt.com","TCP","1454","54680  >  443 [ACK] Seq=37143 Ack=1 Win=514 Len=1400 [TCP PDU reassembled in 3131]"
"3124","49.513012","FioImma.local","ab.chatgpt.com","TCP","1454","54680  >  443 [ACK] Seq=38543 Ack=1 Win=514 Len=1400 [TCP PDU reassembled in 3131]"
"3125","49.513012","FioImma.local","ab.chatgpt.com","TCP","1454","54680  >  443 [ACK] Seq=39943 Ack=1 Win=514 Len=1400 [TCP PDU reassembled in 3131]"
"3126","49.513012","FioImma.local","ab.chatgpt.com","TCP","1454","54680  >  443 [ACK] Seq=41343 Ack=1 Win=514 Len=1400 [TCP PDU reassembled in 3131]"
"3127","49.513012","FioImma.local","ab.chatgpt.com","TCP","1454","54680  >  443 [ACK] Seq=42743 Ack=1 Win=514 Len=1400 [TCP PDU reassembled in 3131]"
"3128","49.513012","FioImma.local","ab.chatgpt.com","TCP","1454","54680  >  443 [ACK] Seq=44143 Ack=1 Win=514 Len=1400 [TCP PDU reassembled in 3131]"
"3129","49.513012","FioImma.local","ab.chatgpt.com","TCP","1454","54680  >  443 [ACK] Seq=45543 Ack=1 Win=514 Len=1400 [TCP PDU reassembled in 3131]"
"3130","49.513012","FioImma.local","ab.chatgpt.com","TCP","1454","54680  >  443 [ACK] Seq=46943 Ack=1 Win=514 Len=1400 [TCP PDU reassembled in 3131]"
"3131","49.513012","FioImma.local","ab.chatgpt.com","TLSv1.2","1060","Application Data"
"3132","49.513128","FioImma.local","ab.chatgpt.com","TCP","1454","54680  >  443 [ACK] Seq=49349 Ack=1 Win=514 Len=1400 [TCP PDU reassembled in 3136]"
"3133","49.513128","FioImma.local","ab.chatgpt.com","TCP","1454","54680  >  443 [ACK] Seq=50749 Ack=1 Win=514 Len=1400 [TCP PDU reassembled in 3136]"
"3134","49.513128","FioImma.local","ab.chatgpt.com","TCP","1454","54680  >  443 [ACK] Seq=52149 Ack=1 Win=514 Len=1400 [TCP PDU reassembled in 3136]"
"3135","49.513128","FioImma.local","ab.chatgpt.com","TCP","1454","54680  >  443 [ACK] Seq=53549 Ack=1 Win=514 Len=1400 [TCP PDU reassembled in 3136]"
"3136","49.513128","FioImma.local","ab.chatgpt.com","TLSv1.2","385","Application Data"
"3137","49.514583","ab.chatgpt.com","FioImma.local","TCP","60","443  >  54679 [ACK] Seq=23392 Ack=22651 Win=64 Len=0"
"3138","49.514583","ab.chatgpt.com","FioImma.local","TCP","60","443  >  54679 [ACK] Seq=23392 Ack=24051 Win=64 Len=0"
"3139","49.514583","ab.chatgpt.com","FioImma.local","TCP","60","443  >  54679 [ACK] Seq=23392 Ack=25451 Win=64 Len=0"
"3140","49.514583","ab.chatgpt.com","FioImma.local","TCP","60","443  >  54679 [ACK] Seq=23392 Ack=26761 Win=64 Len=0"
"3141","49.514583","ab.chatgpt.com","FioImma.local","TCP","60","443  >  54679 [ACK] Seq=23392 Ack=29561 Win=64 Len=0"
"3142","49.514583","ab.chatgpt.com","FioImma.local","TCP","60","443  >  54679 [ACK] Seq=23392 Ack=32277 Win=64 Len=0"
"3143","49.515006","cdn.oaistatic.com","FioImma.local","TLSv1.3","800","Application Data"
"3144","49.517076","ab.chatgpt.com","FioImma.local","TCP","60","443  >  54679 [ACK] Seq=23392 Ack=35077 Win=64 Len=0"
"3145","49.517076","ab.chatgpt.com","FioImma.local","TCP","60","443  >  54679 [ACK] Seq=23392 Ack=37793 Win=64 Len=0"
"3146","49.517076","ab.chatgpt.com","FioImma.local","TCP","60","443  >  54679 [ACK] Seq=23392 Ack=40593 Win=64 Len=0"
"3147","49.517076","ab.chatgpt.com","FioImma.local","TCP","60","443  >  54679 [ACK] Seq=23392 Ack=43351 Win=64 Len=0"
"3148","49.517076","ab.chatgpt.com","FioImma.local","TCP","60","443  >  54679 [ACK] Seq=23392 Ack=46151 Win=64 Len=0"
"3149","49.517076","ab.chatgpt.com","FioImma.local","TCP","60","443  >  54679 [ACK] Seq=23392 Ack=48888 Win=64 Len=0"
"3150","49.517076","ab.chatgpt.com","FioImma.local","TCP","60","443  >  54679 [ACK] Seq=23392 Ack=50417 Win=64 Len=0"
"3151","49.517076","ab.chatgpt.com","FioImma.local","TCP","60","443  >  54679 [ACK] Seq=23392 Ack=53217 Win=64 Len=0"
"3152","49.517076","ab.chatgpt.com","FioImma.local","TCP","60","443  >  54679 [ACK] Seq=23392 Ack=54526 Win=64 Len=0"
"3153","49.517076","ab.chatgpt.com","FioImma.local","TCP","60","443  >  54679 [ACK] Seq=23392 Ack=57326 Win=64 Len=0"
"3154","49.517076","ab.chatgpt.com","FioImma.local","TCP","60","443  >  54679 [ACK] Seq=23392 Ack=60057 Win=64 Len=0"
"3155","49.524759","ab.chatgpt.com","FioImma.local","TCP","60","443  >  54680 [ACK] Seq=1 Ack=92 Win=64 Len=0"
"3156","49.524759","ab.chatgpt.com","FioImma.local","TCP","60","443  >  54680 [ACK] Seq=1 Ack=131 Win=64 Len=0"
"3157","49.524759","ab.chatgpt.com","FioImma.local","TCP","60","443  >  54680 [ACK] Seq=1 Ack=1531 Win=64 Len=0"
"3158","49.524759","ab.chatgpt.com","FioImma.local","TCP","60","443  >  54680 [ACK] Seq=1 Ack=2931 Win=64 Len=0"
"3159","49.524759","ab.chatgpt.com","FioImma.local","TCP","60","443  >  54680 [ACK] Seq=1 Ack=4331 Win=64 Len=0"
"3160","49.524759","ab.chatgpt.com","FioImma.local","TCP","60","443  >  54680 [ACK] Seq=1 Ack=5731 Win=64 Len=0"
"3161","49.524759","ab.chatgpt.com","FioImma.local","TCP","60","443  >  54680 [ACK] Seq=1 Ack=7131 Win=64 Len=0"
"3162","49.524759","ab.chatgpt.com","FioImma.local","TCP","60","443  >  54680 [ACK] Seq=1 Ack=8531 Win=64 Len=0"
"3163","49.524759","ab.chatgpt.com","FioImma.local","TCP","60","443  >  54680 [ACK] Seq=1 Ack=9931 Win=64 Len=0"
"3164","49.524759","ab.chatgpt.com","FioImma.local","TCP","60","443  >  54680 [ACK] Seq=1 Ack=11331 Win=64 Len=0"
"3165","49.524759","ab.chatgpt.com","FioImma.local","TCP","60","443  >  54680 [ACK] Seq=1 Ack=12731 Win=64 Len=0"
"3166","49.524759","ab.chatgpt.com","FioImma.local","TCP","60","443  >  54680 [ACK] Seq=1 Ack=14131 Win=64 Len=0"
"3167","49.524759","ab.chatgpt.com","FioImma.local","TCP","60","443  >  54680 [ACK] Seq=1 Ack=15531 Win=64 Len=0"
"3168","49.524759","ab.chatgpt.com","FioImma.local","TLSv1.2","93","Application Data"
"3169","49.524759","ab.chatgpt.com","FioImma.local","TLSv1.2","89","Application Data"
"3170","49.524759","ab.chatgpt.com","FioImma.local","TCP","60","443  >  54680 [ACK] Seq=75 Ack=19337 Win=64 Len=0"
"3171","49.524822","FioImma.local","ab.chatgpt.com","TCP","54","54680  >  443 [ACK] Seq=55280 Ack=75 Win=513 Len=0"
"3172","49.525773","ab.chatgpt.com","FioImma.local","TCP","60","443  >  54680 [ACK] Seq=75 Ack=22137 Win=64 Len=0"
"3173","49.525773","ab.chatgpt.com","FioImma.local","TCP","60","443  >  54680 [ACK] Seq=75 Ack=24937 Win=64 Len=0"
"3174","49.525773","ab.chatgpt.com","FioImma.local","TCP","60","443  >  54680 [ACK] Seq=75 Ack=27737 Win=64 Len=0"
"3175","49.525773","ab.chatgpt.com","FioImma.local","TCP","60","443  >  54680 [ACK] Seq=75 Ack=30537 Win=64 Len=0"
"3176","49.525773","ab.chatgpt.com","FioImma.local","TCP","60","443  >  54680 [ACK] Seq=75 Ack=32943 Win=64 Len=0"
"3177","49.525773","ab.chatgpt.com","FioImma.local","TLSv1.2","89","Application Data"
"3178","49.525773","ab.chatgpt.com","FioImma.local","TCP","60","443  >  54680 [ACK] Seq=110 Ack=35743 Win=64 Len=0"
"3179","49.525773","ab.chatgpt.com","FioImma.local","TCP","60","443  >  54680 [ACK] Seq=110 Ack=38543 Win=64 Len=0"
"3180","49.525773","ab.chatgpt.com","FioImma.local","TCP","60","443  >  54680 [ACK] Seq=110 Ack=41343 Win=64 Len=0"
"3181","49.525773","ab.chatgpt.com","FioImma.local","TCP","60","443  >  54680 [ACK] Seq=110 Ack=44143 Win=64 Len=0"
"3182","49.529859","ab.chatgpt.com","FioImma.local","TCP","60","443  >  54680 [ACK] Seq=110 Ack=46943 Win=64 Len=0"
"3183","49.529859","ab.chatgpt.com","FioImma.local","TCP","60","443  >  54680 [ACK] Seq=110 Ack=49349 Win=64 Len=0"
"3184","49.529859","ab.chatgpt.com","FioImma.local","TLSv1.2","89","Application Data"
"3185","49.529859","ab.chatgpt.com","FioImma.local","TCP","60","443  >  54680 [ACK] Seq=145 Ack=52149 Win=64 Len=0"
"3186","49.529859","ab.chatgpt.com","FioImma.local","TCP","60","443  >  54680 [ACK] Seq=145 Ack=54949 Win=64 Len=0"
"3187","49.529925","FioImma.local","ab.chatgpt.com","TCP","54","54680  >  443 [ACK] Seq=55280 Ack=145 Win=513 Len=0"
"3188","49.552279","FioImma.local","www.googleadservices.com","QUIC","1292","Initial, DCID=71bbe722d64b65b6, PKN: 8, CRYPTO"
"3189","49.552551","FioImma.local","ab.chatgpt.com","TCP","1454","54679  >  443 [ACK] Seq=60057 Ack=23392 Win=2056 Len=1400 [TCP PDU reassembled in 3192]"
"3190","49.552551","FioImma.local","ab.chatgpt.com","TCP","1454","54679  >  443 [ACK] Seq=61457 Ack=23392 Win=2056 Len=1400 [TCP PDU reassembled in 3192]"
"3191","49.552551","FioImma.local","ab.chatgpt.com","TCP","1454","54679  >  443 [ACK] Seq=62857 Ack=23392 Win=2056 Len=1400 [TCP PDU reassembled in 3192]"
"3192","49.552551","FioImma.local","ab.chatgpt.com","TLSv1.2","1420","Application Data"
"3193","49.552613","FioImma.local","ab.chatgpt.com","TLSv1.2","640","Application Data"
"3194","49.563145","FioImma.local","cdn.oaistatic.com","TCP","54","54862  >  443 [ACK] Seq=2601 Ack=2681 Win=130816 Len=0"
"3195","49.569426","ab.chatgpt.com","FioImma.local","TCP","60","443  >  54680 [ACK] Seq=145 Ack=55280 Win=64 Len=0"
"3196","49.591904","ab.chatgpt.com","FioImma.local","TCP","60","443  >  54679 [ACK] Seq=23392 Ack=62857 Win=64 Len=0"
"3197","49.591904","ab.chatgpt.com","FioImma.local","TCP","60","443  >  54679 [ACK] Seq=23392 Ack=65623 Win=64 Len=0"
"3198","49.591904","ab.chatgpt.com","FioImma.local","TCP","60","443  >  54679 [ACK] Seq=23392 Ack=66209 Win=64 Len=0"
"3199","49.597336","ab.chatgpt.com","FioImma.local","TLSv1.2","811","Application Data"
"3200","49.597336","ab.chatgpt.com","FioImma.local","TLSv1.2","132","Application Data, Application Data"
"3201","49.597432","FioImma.local","ab.chatgpt.com","TCP","54","54680  >  443 [ACK] Seq=55280 Ack=980 Win=510 Len=0"
"3202","49.599167","FioImma.local","ab.chatgpt.com","TLSv1.2","89","Application Data"
"3203","49.607881","ab.chatgpt.com","FioImma.local","TCP","60","443  >  54680 [ACK] Seq=980 Ack=55315 Win=64 Len=0"
"3204","49.615233","FioImma.local","192.168.1.255","BROWSER","243","Host Announcement FIOIMMA, Workstation, Server, SQL Server, NT Workstation"
"3205","49.695097","FioImma.local","www.googleadservices.com","QUIC","1292","Initial, DCID=c6c4bdb6684500f5, PKN: 8, CRYPTO"
"3206","49.770790","ab.chatgpt.com","FioImma.local","TLSv1.2","511","Application Data"
"3207","49.781676","ab.chatgpt.com","FioImma.local","TLSv1.2","360","Application Data"
"3208","49.781676","ab.chatgpt.com","FioImma.local","TLSv1.2","1322","Application Data"
"3209","49.781676","ab.chatgpt.com","FioImma.local","TLSv1.2","85","Application Data"
"3210","49.781676","ab.chatgpt.com","FioImma.local","TLSv1.2","331","Application Data"
"3211","49.781676","ab.chatgpt.com","FioImma.local","TLSv1.2","282","Application Data"
"3212","49.781676","ab.chatgpt.com","FioImma.local","TLSv1.2","85","Application Data"
"3213","49.781782","FioImma.local","ab.chatgpt.com","TCP","54","54679  >  443 [ACK] Seq=66209 Ack=25990 Win=2056 Len=0"
"3214","49.803896","ab.chatgpt.com","FioImma.local","TLSv1.2","325","Application Data"
"3215","49.803896","ab.chatgpt.com","FioImma.local","TLSv1.2","607","Application Data"
"3216","49.803896","ab.chatgpt.com","FioImma.local","TLSv1.2","85","Application Data"
"3217","49.803965","FioImma.local","ab.chatgpt.com","TCP","54","54679  >  443 [ACK] Seq=66209 Ack=26845 Win=2052 Len=0"
"3218","49.811576","FioImma.local","ab.chatgpt.com","TLSv1.2","144","Application Data"
"3219","49.811666","FioImma.local","ab.chatgpt.com","TLSv1.2","1345","Application Data"
"3220","49.815521","FioImma.local","ab.chatgpt.com","TCP","1454","54679  >  443 [ACK] Seq=66209 Ack=26845 Win=2052 Len=1400 [TCP PDU reassembled in 3223]"
"3221","49.815521","FioImma.local","ab.chatgpt.com","TCP","1454","54679  >  443 [ACK] Seq=67609 Ack=26845 Win=2052 Len=1400 [TCP PDU reassembled in 3223]"
"3222","49.815521","FioImma.local","ab.chatgpt.com","TCP","1454","54679  >  443 [ACK] Seq=69009 Ack=26845 Win=2052 Len=1400 [TCP PDU reassembled in 3223]"
"3223","49.815521","FioImma.local","ab.chatgpt.com","TLSv1.2","302","Application Data"
"3224","49.821243","ab.chatgpt.com","FioImma.local","TCP","60","443  >  54680 [ACK] Seq=980 Ack=55405 Win=64 Len=0"
"3225","49.821243","ab.chatgpt.com","FioImma.local","TCP","60","443  >  54680 [ACK] Seq=980 Ack=56696 Win=64 Len=0"
"3226","49.839074","ab.chatgpt.com","FioImma.local","TLSv1.2","323","Application Data"
"3227","49.839074","ab.chatgpt.com","FioImma.local","TLSv1.2","723","Application Data"
"3228","49.839074","ab.chatgpt.com","FioImma.local","TLSv1.2","85","Application Data"
"3229","49.839147","FioImma.local","ab.chatgpt.com","TCP","54","54679  >  443 [ACK] Seq=70657 Ack=27814 Win=2056 Len=0"
"3230","49.845238","ab.chatgpt.com","FioImma.local","TLSv1.2","326","Application Data"
"3231","49.845238","ab.chatgpt.com","FioImma.local","TLSv1.2","614","Application Data"
"3232","49.845238","ab.chatgpt.com","FioImma.local","TLSv1.2","85","Application Data"
"3233","49.845285","FioImma.local","ab.chatgpt.com","TCP","54","54679  >  443 [ACK] Seq=70657 Ack=28677 Win=2052 Len=0"
"3234","49.854109","ab.chatgpt.com","FioImma.local","TCP","60","443  >  54679 [ACK] Seq=28677 Ack=67609 Win=64 Len=0"
"3235","49.854109","ab.chatgpt.com","FioImma.local","TCP","60","443  >  54679 [ACK] Seq=28677 Ack=69009 Win=64 Len=0"
"3236","49.854109","ab.chatgpt.com","FioImma.local","TCP","60","443  >  54679 [ACK] Seq=28677 Ack=70409 Win=64 Len=0"
"3237","49.854109","ab.chatgpt.com","FioImma.local","TCP","60","443  >  54679 [ACK] Seq=28677 Ack=70657 Win=64 Len=0"
"3238","49.855223","FioImma.local","ab.chatgpt.com","TCP","1454","54679  >  443 [ACK] Seq=70657 Ack=28677 Win=2052 Len=1400 [TCP PDU reassembled in 3241]"
"3239","49.855223","FioImma.local","ab.chatgpt.com","TCP","1454","54679  >  443 [ACK] Seq=72057 Ack=28677 Win=2052 Len=1400 [TCP PDU reassembled in 3241]"
"3240","49.855223","FioImma.local","ab.chatgpt.com","TCP","1454","54679  >  443 [ACK] Seq=73457 Ack=28677 Win=2052 Len=1400 [TCP PDU reassembled in 3241]"
"3241","49.855223","FioImma.local","ab.chatgpt.com","TLSv1.2","1379","Application Data"
"3242","49.855407","FioImma.local","ab.chatgpt.com","TCP","1454","54679  >  443 [ACK] Seq=76182 Ack=28677 Win=2052 Len=1400 [TCP PDU reassembled in 3245]"
"3243","49.855407","FioImma.local","ab.chatgpt.com","TCP","1454","54679  >  443 [ACK] Seq=77582 Ack=28677 Win=2052 Len=1400 [TCP PDU reassembled in 3245]"
"3244","49.855407","FioImma.local","ab.chatgpt.com","TCP","1454","54679  >  443 [ACK] Seq=78982 Ack=28677 Win=2052 Len=1400 [TCP PDU reassembled in 3245]"
"3245","49.855407","FioImma.local","ab.chatgpt.com","TLSv1.2","1375","Application Data"
"3246","49.856112","FioImma.local","ab.chatgpt.com","TCP","1454","54679  >  443 [ACK] Seq=81703 Ack=28677 Win=2052 Len=1400 [TCP PDU reassembled in 3249]"
"3247","49.856112","FioImma.local","ab.chatgpt.com","TCP","1454","54679  >  443 [ACK] Seq=83103 Ack=28677 Win=2052 Len=1400 [TCP PDU reassembled in 3249]"
"3248","49.856112","FioImma.local","ab.chatgpt.com","TCP","1454","54679  >  443 [ACK] Seq=84503 Ack=28677 Win=2052 Len=1400 [TCP PDU reassembled in 3249]"
"3249","49.856112","FioImma.local","ab.chatgpt.com","TLSv1.2","1373","Application Data"
"3250","49.856792","FioImma.local","ab.chatgpt.com","TCP","1454","54679  >  443 [ACK] Seq=87222 Ack=28677 Win=2052 Len=1400 [TCP PDU reassembled in 3253]"
"3251","49.856792","FioImma.local","ab.chatgpt.com","TCP","1454","54679  >  443 [ACK] Seq=88622 Ack=28677 Win=2052 Len=1400 [TCP PDU reassembled in 3253]"
"3252","49.856792","FioImma.local","ab.chatgpt.com","TCP","1454","54679  >  443 [ACK] Seq=90022 Ack=28677 Win=2052 Len=1400 [TCP PDU reassembled in 3253]"
"3253","49.856792","FioImma.local","ab.chatgpt.com","TLSv1.2","1394","Application Data"
"3254","49.872923","ab.chatgpt.com","FioImma.local","TLSv1.2","323","Application Data"
"3255","49.874830","ab.chatgpt.com","FioImma.local","TCP","1514","443  >  54679 [ACK] Seq=28946 Ack=70657 Win=64 Len=1460 [TCP PDU reassembled in 3256]"
"3256","49.874830","ab.chatgpt.com","FioImma.local","TLSv1.2","770","Application Data"
"3257","49.874830","ab.chatgpt.com","FioImma.local","TLSv1.2","85","Application Data"
"3258","49.874894","FioImma.local","ab.chatgpt.com","TCP","54","54679  >  443 [ACK] Seq=92762 Ack=31153 Win=2056 Len=0"
"3259","49.880168","ab.chatgpt.com","FioImma.local","TLSv1.2","325","Application Data"
"3260","49.880168","ab.chatgpt.com","FioImma.local","TLSv1.2","407","Application Data"
"3261","49.880168","ab.chatgpt.com","FioImma.local","TLSv1.2","85","Application Data"
"3262","49.880229","FioImma.local","ab.chatgpt.com","TCP","54","54679  >  443 [ACK] Seq=92762 Ack=31808 Win=2053 Len=0"
"3263","49.886734","ab.chatgpt.com","FioImma.local","TLSv1.2","640","Application Data"
"3264","49.893971","ab.chatgpt.com","FioImma.local","TCP","60","443  >  54679 [ACK] Seq=31808 Ack=73457 Win=64 Len=0"
"3265","49.893971","ab.chatgpt.com","FioImma.local","TCP","60","443  >  54679 [ACK] Seq=31808 Ack=76182 Win=64 Len=0"
"3266","49.898893","ab.chatgpt.com","FioImma.local","TCP","60","443  >  54679 [ACK] Seq=31808 Ack=78982 Win=64 Len=0"
"3267","49.898893","ab.chatgpt.com","FioImma.local","TCP","60","443  >  54679 [ACK] Seq=31808 Ack=81703 Win=64 Len=0"
"3268","49.898893","ab.chatgpt.com","FioImma.local","TCP","60","443  >  54679 [ACK] Seq=31808 Ack=84503 Win=64 Len=0"
"3269","49.898893","ab.chatgpt.com","FioImma.local","TCP","60","443  >  54679 [ACK] Seq=31808 Ack=87222 Win=64 Len=0"
"3270","49.898893","ab.chatgpt.com","FioImma.local","TCP","60","443  >  54679 [ACK] Seq=31808 Ack=90022 Win=64 Len=0"
"3271","49.898893","ab.chatgpt.com","FioImma.local","TCP","60","443  >  54679 [ACK] Seq=31808 Ack=92762 Win=64 Len=0"
"3272","49.902708","FioImma.local","mars.octa.edu","DNS","74","Standard query 0x82ac A s.gravatar.com"
"3273","49.902950","FioImma.local","mars.octa.edu","DNS","74","Standard query 0x4e73 HTTPS s.gravatar.com"
"3274","49.903532","FioImma.local","ab.chatgpt.com","TCP","1454","54679  >  443 [ACK] Seq=92762 Ack=31808 Win=2053 Len=1400 [TCP PDU reassembled in 3277]"
"3275","49.903532","FioImma.local","ab.chatgpt.com","TCP","1454","54679  >  443 [ACK] Seq=94162 Ack=31808 Win=2053 Len=1400 [TCP PDU reassembled in 3277]"
"3276","49.903532","FioImma.local","ab.chatgpt.com","TCP","1454","54679  >  443 [ACK] Seq=95562 Ack=31808 Win=2053 Len=1400 [TCP PDU reassembled in 3277]"
"3277","49.903532","FioImma.local","ab.chatgpt.com","TLSv1.2","1388","Application Data"
"3278","49.911108","mars.octa.edu","FioImma.local","DNS","136","Standard query response 0x4e73 HTTPS s.gravatar.com SOA ns1.automattic.com"
"3279","49.917367","mars.octa.edu","FioImma.local","DNS","90","Standard query response 0x82ac A s.gravatar.com A 192.0.73.2"
"3280","49.917753","FioImma.local","s.gravatar.com","TCP","66","54863  >  443 [SYN] Seq=0 Win=64240 Len=0 MSS=1460 WS=256 SACK_PERM"
"3281","49.923594","FioImma.local","ab.chatgpt.com","TLSv1.2","144","Application Data"
"3282","49.923700","FioImma.local","ab.chatgpt.com","TCP","1454","54680  >  443 [ACK] Seq=56786 Ack=1566 Win=514 Len=1400 [TCP PDU reassembled in 3293]"
"3283","49.923700","FioImma.local","ab.chatgpt.com","TCP","1454","54680  >  443 [ACK] Seq=58186 Ack=1566 Win=514 Len=1400 [TCP PDU reassembled in 3293]"
"3284","49.923700","FioImma.local","ab.chatgpt.com","TCP","1454","54680  >  443 [ACK] Seq=59586 Ack=1566 Win=514 Len=1400 [TCP PDU reassembled in 3293]"
"3285","49.923700","FioImma.local","ab.chatgpt.com","TCP","1454","54680  >  443 [ACK] Seq=60986 Ack=1566 Win=514 Len=1400 [TCP PDU reassembled in 3293]"
"3286","49.923700","FioImma.local","ab.chatgpt.com","TCP","1454","54680  >  443 [ACK] Seq=62386 Ack=1566 Win=514 Len=1400 [TCP PDU reassembled in 3293]"
"3287","49.923700","FioImma.local","ab.chatgpt.com","TCP","1454","54680  >  443 [ACK] Seq=63786 Ack=1566 Win=514 Len=1400 [TCP PDU reassembled in 3293]"
"3288","49.923700","FioImma.local","ab.chatgpt.com","TCP","1454","54680  >  443 [ACK] Seq=65186 Ack=1566 Win=514 Len=1400 [TCP PDU reassembled in 3293]"
"3289","49.923700","FioImma.local","ab.chatgpt.com","TCP","1454","54680  >  443 [ACK] Seq=66586 Ack=1566 Win=514 Len=1400 [TCP PDU reassembled in 3293]"
"3290","49.923700","FioImma.local","ab.chatgpt.com","TCP","1454","54680  >  443 [ACK] Seq=67986 Ack=1566 Win=514 Len=1400 [TCP PDU reassembled in 3293]"
"3291","49.923700","FioImma.local","ab.chatgpt.com","TCP","1454","54680  >  443 [ACK] Seq=69386 Ack=1566 Win=514 Len=1400 [TCP PDU reassembled in 3293]"
"3292","49.923700","FioImma.local","ab.chatgpt.com","TCP","1454","54680  >  443 [ACK] Seq=70786 Ack=1566 Win=514 Len=1400 [TCP PDU reassembled in 3293]"
"3293","49.923700","FioImma.local","ab.chatgpt.com","TLSv1.2","1060","Application Data"
"3294","49.923824","FioImma.local","ab.chatgpt.com","TCP","1454","54680  >  443 [ACK] Seq=73192 Ack=1566 Win=514 Len=1400 [TCP PDU reassembled in 3298]"
"3295","49.923824","FioImma.local","ab.chatgpt.com","TCP","1454","54680  >  443 [ACK] Seq=74592 Ack=1566 Win=514 Len=1400 [TCP PDU reassembled in 3298]"
"3296","49.923824","FioImma.local","ab.chatgpt.com","TCP","1454","54680  >  443 [ACK] Seq=75992 Ack=1566 Win=514 Len=1400 [TCP PDU reassembled in 3298]"
"3297","49.923824","FioImma.local","ab.chatgpt.com","TCP","1454","54680  >  443 [ACK] Seq=77392 Ack=1566 Win=514 Len=1400 [TCP PDU reassembled in 3298]"
"3298","49.923824","FioImma.local","ab.chatgpt.com","TLSv1.2","604","Application Data"
"3299","49.933001","ab.chatgpt.com","FioImma.local","TCP","60","443  >  54680 [ACK] Seq=1566 Ack=56786 Win=64 Len=0"
"3300","49.933001","ab.chatgpt.com","FioImma.local","TCP","60","443  >  54680 [ACK] Seq=1566 Ack=58186 Win=64 Len=0"
"3301","49.933001","ab.chatgpt.com","FioImma.local","TCP","60","443  >  54680 [ACK] Seq=1566 Ack=59586 Win=64 Len=0"
"3302","49.933001","ab.chatgpt.com","FioImma.local","TCP","60","443  >  54680 [ACK] Seq=1566 Ack=60986 Win=64 Len=0"
"3303","49.933001","ab.chatgpt.com","FioImma.local","TCP","60","443  >  54680 [ACK] Seq=1566 Ack=62386 Win=64 Len=0"
"3304","49.933001","ab.chatgpt.com","FioImma.local","TCP","60","443  >  54680 [ACK] Seq=1566 Ack=63786 Win=64 Len=0"
"3305","49.933001","ab.chatgpt.com","FioImma.local","TCP","60","443  >  54680 [ACK] Seq=1566 Ack=65186 Win=64 Len=0"
"3306","49.933001","ab.chatgpt.com","FioImma.local","TCP","60","443  >  54680 [ACK] Seq=1566 Ack=66586 Win=64 Len=0"
"3307","49.933001","ab.chatgpt.com","FioImma.local","TCP","60","443  >  54680 [ACK] Seq=1566 Ack=67986 Win=64 Len=0"
"3308","49.933001","ab.chatgpt.com","FioImma.local","TCP","60","443  >  54680 [ACK] Seq=1566 Ack=69386 Win=64 Len=0"
"3309","49.933001","ab.chatgpt.com","FioImma.local","TCP","60","443  >  54680 [ACK] Seq=1566 Ack=70786 Win=64 Len=0"
"3310","49.935516","ab.chatgpt.com","FioImma.local","TLSv1.2","503","Application Data"
"3311","49.935516","ab.chatgpt.com","FioImma.local","TLSv1.2","1131","Application Data"
"3312","49.935516","ab.chatgpt.com","FioImma.local","TLSv1.2","85","Application Data"
"3313","49.935559","FioImma.local","ab.chatgpt.com","TCP","54","54679  >  443 [ACK] Seq=98296 Ack=33365 Win=2056 Len=0"
"3314","49.935614","ab.chatgpt.com","FioImma.local","TCP","60","443  >  54680 [ACK] Seq=1566 Ack=72186 Win=64 Len=0"
"3315","49.935614","ab.chatgpt.com","FioImma.local","TCP","60","443  >  54680 [ACK] Seq=1566 Ack=73192 Win=64 Len=0"
"3316","49.935614","ab.chatgpt.com","FioImma.local","TLSv1.2","89","Application Data"
"3317","49.935614","ab.chatgpt.com","FioImma.local","TCP","60","443  >  54680 [ACK] Seq=1601 Ack=75992 Win=64 Len=0"
"3318","49.935614","ab.chatgpt.com","FioImma.local","TCP","60","443  >  54680 [ACK] Seq=1601 Ack=78792 Win=64 Len=0"
"3319","49.943032","ab.chatgpt.com","FioImma.local","TCP","60","443  >  54679 [ACK] Seq=33365 Ack=95562 Win=64 Len=0"
"3320","49.943032","ab.chatgpt.com","FioImma.local","TCP","60","443  >  54679 [ACK] Seq=33365 Ack=98296 Win=64 Len=0"
"3321","49.954074","s.gravatar.com","FioImma.local","TCP","66","443  >  54863 [SYN, ACK] Seq=0 Ack=1 Win=42340 Len=0 MSS=1460 SACK_PERM WS=512"
"3322","49.954151","FioImma.local","s.gravatar.com","TCP","54","54863  >  443 [ACK] Seq=1 Ack=1 Win=131328 Len=0"
"3323","49.955316","FioImma.local","s.gravatar.com","TCP","1514","54863  >  443 [ACK] Seq=1 Ack=1 Win=131328 Len=1460 [TCP PDU reassembled in 3324]"
"3324","49.955316","FioImma.local","s.gravatar.com","TLSv1.3","653","Client Hello (SNI=s.gravatar.com)"
"3325","49.975372","ab.chatgpt.com","FioImma.local","TCP","60","443  >  54680 [ACK] Seq=1601 Ack=79342 Win=64 Len=0"
"3326","49.978494","ab.chatgpt.com","FioImma.local","TLSv1.2","557","Application Data"
"3327","49.978494","ab.chatgpt.com","FioImma.local","TLSv1.2","555","Application Data"
"3328","49.978494","ab.chatgpt.com","FioImma.local","TLSv1.2","85","Application Data"
"3329","49.978592","FioImma.local","ab.chatgpt.com","TCP","54","54679  >  443 [ACK] Seq=98296 Ack=34400 Win=2052 Len=0"
"3330","49.981932","FioImma.local","ab.chatgpt.com","TCP","54","54680  >  443 [ACK] Seq=79342 Ack=1601 Win=513 Len=0"
"3331","49.992387","s.gravatar.com","FioImma.local","TCP","60","443  >  54863 [ACK] Seq=1 Ack=1461 Win=42496 Len=0"
"3332","49.992387","s.gravatar.com","FioImma.local","TCP","60","443  >  54863 [ACK] Seq=1 Ack=2060 Win=42496 Len=0"
"3333","49.992387","s.gravatar.com","FioImma.local","TLSv1.3","292","Server Hello, Change Cipher Spec, Application Data, Application Data"
"3334","49.993069","FioImma.local","s.gravatar.com","TLSv1.3","118","Change Cipher Spec, Application Data"
"3335","49.993211","FioImma.local","s.gravatar.com","TLSv1.3","146","Application Data"
"3336","49.993328","FioImma.local","s.gravatar.com","TLSv1.3","520","Application Data"
"3337","49.997801","FioImma.local","ab.chatgpt.com","TCP","1454","54679  >  443 [ACK] Seq=98296 Ack=34400 Win=2052 Len=1400 [TCP PDU reassembled in 3340]"
"3338","49.997801","FioImma.local","ab.chatgpt.com","TCP","1454","54679  >  443 [ACK] Seq=99696 Ack=34400 Win=2052 Len=1400 [TCP PDU reassembled in 3340]"
"3339","49.997801","FioImma.local","ab.chatgpt.com","TCP","1454","54679  >  443 [ACK] Seq=101096 Ack=34400 Win=2052 Len=1400 [TCP PDU reassembled in 3340]"
"3340","49.997801","FioImma.local","ab.chatgpt.com","TLSv1.2","1402","Application Data"
"3341","50.003877","ab.chatgpt.com","FioImma.local","TLSv1.2","629","Application Data"
"3342","50.003877","ab.chatgpt.com","FioImma.local","TLSv1.2","101","Application Data"
"3343","50.003877","ab.chatgpt.com","FioImma.local","TLSv1.2","85","Application Data"
"3344","50.003943","FioImma.local","ab.chatgpt.com","TCP","54","54680  >  443 [ACK] Seq=79342 Ack=2254 Win=511 Len=0"
"3345","50.014294","ab.chatgpt.com","FioImma.local","TLSv1.2","439","Application Data"
"3346","50.014294","ab.chatgpt.com","FioImma.local","TCP","5894","443  >  54679 [ACK] Seq=34785 Ack=98296 Win=64 Len=5840 [TCP PDU reassembled in 3347]"
"3347","50.014294","ab.chatgpt.com","FioImma.local","TLSv1.2","389","Application Data"
"3348","50.014349","FioImma.local","ab.chatgpt.com","TCP","54","54679  >  443 [ACK] Seq=103844 Ack=40960 Win=2056 Len=0"
"3349","50.031355","s.gravatar.com","FioImma.local","TLSv1.3","325","Application Data"
"3350","50.031355","s.gravatar.com","FioImma.local","TLSv1.3","125","Application Data"
"3351","50.031355","s.gravatar.com","FioImma.local","TLSv1.3","433","Application Data"
"3352","50.031408","FioImma.local","s.gravatar.com","TCP","54","54863  >  443 [ACK] Seq=2682 Ack=960 Win=130304 Len=0"
"3353","50.031827","FioImma.local","s.gravatar.com","TLSv1.3","85","Application Data"
"3354","50.035463","ab.chatgpt.com","FioImma.local","TCP","60","443  >  54679 [ACK] Seq=40960 Ack=101096 Win=64 Len=0"
"3355","50.035463","ab.chatgpt.com","FioImma.local","TCP","60","443  >  54679 [ACK] Seq=40960 Ack=103844 Win=64 Len=0"
"3356","50.051997","FioImma.local","ab.chatgpt.com","TCP","1454","54679  >  443 [ACK] Seq=103844 Ack=40960 Win=2056 Len=1400 [TCP PDU reassembled in 3359]"
"3357","50.051997","FioImma.local","ab.chatgpt.com","TCP","1454","54679  >  443 [ACK] Seq=105244 Ack=40960 Win=2056 Len=1400 [TCP PDU reassembled in 3359]"
"3358","50.051997","FioImma.local","ab.chatgpt.com","TCP","1454","54679  >  443 [ACK] Seq=106644 Ack=40960 Win=2056 Len=1400 [TCP PDU reassembled in 3359]"
"3359","50.051997","FioImma.local","ab.chatgpt.com","TLSv1.2","1397","Application Data"
"3360","50.092423","ab.chatgpt.com","FioImma.local","TCP","60","443  >  54679 [ACK] Seq=40960 Ack=106644 Win=64 Len=0"
"3361","50.092423","ab.chatgpt.com","FioImma.local","TCP","60","443  >  54679 [ACK] Seq=40960 Ack=109387 Win=64 Len=0"
"3362","50.092423","ab.chatgpt.com","FioImma.local","TCP","2974","443  >  54679 [ACK] Seq=40960 Ack=109387 Win=64 Len=2920 [TCP PDU reassembled in 3363]"
"3363","50.092423","ab.chatgpt.com","FioImma.local","TLSv1.2","1333","Application Data"
"3364","50.092500","FioImma.local","ab.chatgpt.com","TCP","54","54679  >  443 [ACK] Seq=109387 Ack=45159 Win=2056 Len=0"
"3365","50.110831","s.gravatar.com","FioImma.local","TCP","60","443  >  54863 [ACK] Seq=960 Ack=2713 Win=42496 Len=0"
"3366","50.180971","ab.chatgpt.com","FioImma.local","TLSv1.2","420","Application Data"
"3367","50.180971","ab.chatgpt.com","FioImma.local","TLSv1.2","160","Application Data"
"3368","50.180971","ab.chatgpt.com","FioImma.local","TLSv1.2","85","Application Data"
"3369","50.181060","FioImma.local","ab.chatgpt.com","TCP","54","54679  >  443 [ACK] Seq=109387 Ack=45662 Win=2054 Len=0"
"3370","50.206631","FioImma.local","ab.chatgpt.com","TCP","1454","54679  >  443 [ACK] Seq=109387 Ack=45662 Win=2054 Len=1400 [TCP PDU reassembled in 3373]"
"3371","50.206631","FioImma.local","ab.chatgpt.com","TCP","1454","54679  >  443 [ACK] Seq=110787 Ack=45662 Win=2054 Len=1400 [TCP PDU reassembled in 3373]"
"3372","50.206631","FioImma.local","ab.chatgpt.com","TCP","1454","54679  >  443 [ACK] Seq=112187 Ack=45662 Win=2054 Len=1400 [TCP PDU reassembled in 3373]"
"3373","50.206631","FioImma.local","ab.chatgpt.com","TLSv1.2","326","Application Data"
"3374","50.206731","FioImma.local","ab.chatgpt.com","TLSv1.2","1338","Application Data"
"3375","50.207962","FioImma.local","ab.chatgpt.com","TCP","1454","54679  >  443 [ACK] Seq=115143 Ack=45662 Win=2054 Len=1400 [TCP PDU reassembled in 3378]"
"3376","50.207962","FioImma.local","ab.chatgpt.com","TCP","1454","54679  >  443 [ACK] Seq=116543 Ack=45662 Win=2054 Len=1400 [TCP PDU reassembled in 3378]"
"3377","50.207962","FioImma.local","ab.chatgpt.com","TCP","1454","54679  >  443 [ACK] Seq=117943 Ack=45662 Win=2054 Len=1400 [TCP PDU reassembled in 3378]"
"3378","50.207962","FioImma.local","ab.chatgpt.com","TLSv1.2","326","Application Data"
"3379","50.208108","FioImma.local","ab.chatgpt.com","TCP","1454","54679  >  443 [ACK] Seq=119615 Ack=45662 Win=2054 Len=1400 [TCP PDU reassembled in 3382]"
"3380","50.208108","FioImma.local","ab.chatgpt.com","TCP","1454","54679  >  443 [ACK] Seq=121015 Ack=45662 Win=2054 Len=1400 [TCP PDU reassembled in 3382]"
"3381","50.208108","FioImma.local","ab.chatgpt.com","TCP","1454","54679  >  443 [ACK] Seq=122415 Ack=45662 Win=2054 Len=1400 [TCP PDU reassembled in 3382]"
"3382","50.208108","FioImma.local","ab.chatgpt.com","TLSv1.2","326","Application Data"
"3383","50.208156","FioImma.local","ab.chatgpt.com","TLSv1.2","1422","Application Data"
"3384","50.208182","FioImma.local","ab.chatgpt.com","TCP","1454","54679  >  443 [ACK] Seq=125455 Ack=45662 Win=2054 Len=1400 [TCP PDU reassembled in 3385]"
"3385","50.208182","FioImma.local","ab.chatgpt.com","TLSv1.2","119","Application Data"
"3386","50.208393","FioImma.local","ab.chatgpt.com","TCP","1454","54679  >  443 [ACK] Seq=126920 Ack=45662 Win=2054 Len=1400 [TCP PDU reassembled in 3389]"
"3387","50.208393","FioImma.local","ab.chatgpt.com","TCP","1454","54679  >  443 [ACK] Seq=128320 Ack=45662 Win=2054 Len=1400 [TCP PDU reassembled in 3389]"
"3388","50.208393","FioImma.local","ab.chatgpt.com","TCP","1454","54679  >  443 [ACK] Seq=129720 Ack=45662 Win=2054 Len=1400 [TCP PDU reassembled in 3389]"
"3389","50.208393","FioImma.local","ab.chatgpt.com","TLSv1.2","326","Application Data"
"3390","50.208451","FioImma.local","ab.chatgpt.com","TLSv1.2","1273","Application Data"
"3391","50.226113","ab.chatgpt.com","FioImma.local","TLSv1.2","325","Application Data"
"3392","50.226113","ab.chatgpt.com","FioImma.local","TLSv1.2","100","Application Data"
"3393","50.226113","ab.chatgpt.com","FioImma.local","TLSv1.2","85","Application Data"
"3394","50.226178","FioImma.local","ab.chatgpt.com","TCP","54","54679  >  443 [ACK] Seq=132611 Ack=46010 Win=2052 Len=0"
"3395","50.244192","ab.chatgpt.com","FioImma.local","TLSv1.2","322","Application Data"
"3396","50.244192","ab.chatgpt.com","FioImma.local","TLSv1.2","145","Application Data"
"3397","50.244192","ab.chatgpt.com","FioImma.local","TLSv1.2","85","Application Data"
"3398","50.244276","FioImma.local","ab.chatgpt.com","TCP","54","54679  >  443 [ACK] Seq=132611 Ack=46400 Win=2051 Len=0"
"3399","50.247055","ab.chatgpt.com","FioImma.local","TCP","60","443  >  54679 [ACK] Seq=46400 Ack=112187 Win=64 Len=0"
"3400","50.247055","ab.chatgpt.com","FioImma.local","TCP","60","443  >  54679 [ACK] Seq=46400 Ack=113859 Win=64 Len=0"
"3401","50.247055","ab.chatgpt.com","FioImma.local","TCP","60","443  >  54679 [ACK] Seq=46400 Ack=116543 Win=64 Len=0"
"3402","50.247055","ab.chatgpt.com","FioImma.local","TCP","60","443  >  54679 [ACK] Seq=46400 Ack=119343 Win=64 Len=0"
"3403","50.247055","ab.chatgpt.com","FioImma.local","TCP","60","443  >  54679 [ACK] Seq=46400 Ack=121015 Win=64 Len=0"
"3404","50.247055","ab.chatgpt.com","FioImma.local","TCP","60","443  >  54679 [ACK] Seq=46400 Ack=123815 Win=64 Len=0"
"3405","50.247055","ab.chatgpt.com","FioImma.local","TCP","60","443  >  54679 [ACK] Seq=46400 Ack=125455 Win=64 Len=0"
"3406","50.247055","ab.chatgpt.com","FioImma.local","TCP","60","443  >  54679 [ACK] Seq=46400 Ack=126920 Win=64 Len=0"
"3407","50.247055","ab.chatgpt.com","FioImma.local","TCP","1514","443  >  54679 [ACK] Seq=46400 Ack=129720 Win=64 Len=1460 [TCP PDU reassembled in 3408]"
"3408","50.247055","ab.chatgpt.com","FioImma.local","TLSv1.2","781","Application Data"
"3409","50.247055","ab.chatgpt.com","FioImma.local","TLSv1.2","85","Application Data"
"3410","50.247203","FioImma.local","ab.chatgpt.com","TCP","54","54679  >  443 [ACK] Seq=132611 Ack=48618 Win=2056 Len=0"
"3411","50.256147","FioImma.local","mars.octa.edu","DNS","81","Standard query 0x8c85 A tcr9i.chat.openai.com"
"3412","50.256407","FioImma.local","mars.octa.edu","DNS","81","Standard query 0xae87 HTTPS tcr9i.chat.openai.com"
"3413","50.263584","mars.octa.edu","FioImma.local","DNS","220","Standard query response 0x8c85 A tcr9i.chat.openai.com CNAME origin.arkoselabs.com CNAME d1qzs64y4955df.cloudfront.net A 18.161.246.30 A 18.161.246.44 A 18.161.246.121 A 18.161.246.68"
"3414","50.263584","mars.octa.edu","FioImma.local","DNS","240","Standard query response 0xae87 HTTPS tcr9i.chat.openai.com CNAME origin.arkoselabs.com CNAME d1qzs64y4955df.cloudfront.net SOA ns-1788.awsdns-31.co.uk"
"3415","50.264561","FioImma.local","d1qzs64y4955df.cloudfront.net","TCP","66","54864  >  443 [SYN] Seq=0 Win=64240 Len=0 MSS=1460 WS=256 SACK_PERM"
"3416","50.275763","d1qzs64y4955df.cloudfront.net","FioImma.local","TCP","66","443  >  54864 [SYN, ACK] Seq=0 Ack=1 Win=65535 Len=0 MSS=1440 SACK_PERM WS=512"
"3417","50.275849","FioImma.local","d1qzs64y4955df.cloudfront.net","TCP","54","54864  >  443 [ACK] Seq=1 Ack=1 Win=132352 Len=0"
"3418","50.277033","FioImma.local","d1qzs64y4955df.cloudfront.net","TCP","1494","54864  >  443 [ACK] Seq=1 Ack=1 Win=132352 Len=1440 [TCP PDU reassembled in 3419]"
"3419","50.277033","FioImma.local","d1qzs64y4955df.cloudfront.net","TLSv1.3","593","Client Hello (SNI=tcr9i.chat.openai.com)"
"3420","50.283123","FioImma.local","maa03s41-in-f14.1e100.net","TCP","1466","54642  >  443 [ACK] Seq=10893 Ack=524 Win=510 Len=1412 [TCP PDU reassembled in 3422]"
"3421","50.283123","FioImma.local","maa03s41-in-f14.1e100.net","TCP","1466","54642  >  443 [ACK] Seq=12305 Ack=524 Win=510 Len=1412 [TCP PDU reassembled in 3422]"
"3422","50.283123","FioImma.local","maa03s41-in-f14.1e100.net","TLSv1.2","819","Application Data"
"3423","50.283221","FioImma.local","maa03s41-in-f14.1e100.net","TLSv1.2","311","Application Data"
"3424","50.292414","ab.chatgpt.com","FioImma.local","TCP","60","443  >  54679 [ACK] Seq=48618 Ack=132611 Win=64 Len=0"
"3425","50.292414","d1qzs64y4955df.cloudfront.net","FioImma.local","TCP","60","443  >  54864 [ACK] Seq=1 Ack=1441 Win=68608 Len=0"
"3426","50.292414","d1qzs64y4955df.cloudfront.net","FioImma.local","TCP","60","443  >  54864 [ACK] Seq=1 Ack=1980 Win=71680 Len=0"
"3427","50.292414","d1qzs64y4955df.cloudfront.net","FioImma.local","TLSv1.3","288","Server Hello, Change Cipher Spec, Application Data, Application Data"
"3428","50.292414","maa03s41-in-f14.1e100.net","FioImma.local","TCP","60","443  >  54642 [ACK] Seq=524 Ack=12305 Win=2048 Len=0"
"3429","50.292414","maa03s41-in-f14.1e100.net","FioImma.local","TCP","60","443  >  54642 [ACK] Seq=524 Ack=13717 Win=2048 Len=0"
"3430","50.292414","maa03s41-in-f14.1e100.net","FioImma.local","TCP","60","443  >  54642 [ACK] Seq=524 Ack=14482 Win=2048 Len=0"
"3431","50.292414","maa03s41-in-f14.1e100.net","FioImma.local","TCP","60","443  >  54642 [ACK] Seq=524 Ack=14739 Win=2048 Len=0"
"3432","50.293638","FioImma.local","d1qzs64y4955df.cloudfront.net","TLSv1.3","118","Change Cipher Spec, Application Data"
"3433","50.293888","FioImma.local","d1qzs64y4955df.cloudfront.net","TLSv1.3","146","Application Data"
"3434","50.294166","FioImma.local","d1qzs64y4955df.cloudfront.net","TLSv1.3","781","Application Data"
"3435","50.301394","ab.chatgpt.com","FioImma.local","TLSv1.2","330","Application Data"
"3436","50.301394","ab.chatgpt.com","FioImma.local","TLSv1.2","98","Application Data"
"3437","50.301394","ab.chatgpt.com","FioImma.local","TLSv1.2","85","Application Data"
"3438","50.301460","FioImma.local","ab.chatgpt.com","TCP","54","54679  >  443 [ACK] Seq=132611 Ack=48969 Win=2054 Len=0"
"3439","50.306664","d1qzs64y4955df.cloudfront.net","FioImma.local","TCP","60","443  >  54864 [ACK] Seq=235 Ack=2863 Win=74240 Len=0"
"3440","50.306664","d1qzs64y4955df.cloudfront.net","FioImma.local","TLSv1.3","200","Application Data"
"3441","50.306664","d1qzs64y4955df.cloudfront.net","FioImma.local","TLSv1.3","125","Application Data"
"3442","50.306707","FioImma.local","d1qzs64y4955df.cloudfront.net","TCP","54","54864  >  443 [ACK] Seq=2863 Ack=452 Win=131840 Len=0"
"3443","50.306947","FioImma.local","d1qzs64y4955df.cloudfront.net","TLSv1.3","85","Application Data"
"3444","50.309151","d1qzs64y4955df.cloudfront.net","FioImma.local","TCP","1494","443  >  54864 [ACK] Seq=452 Ack=2863 Win=74240 Len=1440 [TCP PDU reassembled in 3445]"
"3445","50.309151","d1qzs64y4955df.cloudfront.net","FioImma.local","TLSv1.3","252","Application Data"
"3446","50.309195","FioImma.local","d1qzs64y4955df.cloudfront.net","TCP","54","54864  >  443 [ACK] Seq=2894 Ack=2090 Win=132352 Len=0"
"3447","50.333842","FioImma.local","ab.chatgpt.com","TLSv1.2","145","Application Data"
"3448","50.333965","FioImma.local","ab.chatgpt.com","TCP","1454","54680  >  443 [ACK] Seq=79433 Ack=2254 Win=511 Len=1400 [TCP PDU reassembled in 3455]"
"3449","50.333965","FioImma.local","ab.chatgpt.com","TCP","1454","54680  >  443 [ACK] Seq=80833 Ack=2254 Win=511 Len=1400 [TCP PDU reassembled in 3455]"
"3450","50.333965","FioImma.local","ab.chatgpt.com","TCP","1454","54680  >  443 [ACK] Seq=82233 Ack=2254 Win=511 Len=1400 [TCP PDU reassembled in 3455]"
"3451","50.333965","FioImma.local","ab.chatgpt.com","TCP","1454","54680  >  443 [ACK] Seq=83633 Ack=2254 Win=511 Len=1400 [TCP PDU reassembled in 3455]"
"3452","50.333965","FioImma.local","ab.chatgpt.com","TCP","1454","54680  >  443 [ACK] Seq=85033 Ack=2254 Win=511 Len=1400 [TCP PDU reassembled in 3455]"
"3453","50.333965","FioImma.local","ab.chatgpt.com","TCP","1454","54680  >  443 [ACK] Seq=86433 Ack=2254 Win=511 Len=1400 [TCP PDU reassembled in 3455]"
"3454","50.333965","FioImma.local","ab.chatgpt.com","TCP","1454","54680  >  443 [ACK] Seq=87833 Ack=2254 Win=511 Len=1400 [TCP PDU reassembled in 3455]"
"3455","50.333965","FioImma.local","ab.chatgpt.com","TLSv1.2","1212","Application Data"
"3456","50.338543","maa03s41-in-f14.1e100.net","FioImma.local","TLSv1.2","135","Application Data"
"3457","50.338543","maa03s41-in-f14.1e100.net","FioImma.local","TLSv1.2","85","Application Data"
"3458","50.338543","maa03s41-in-f14.1e100.net","FioImma.local","TLSv1.2","93","Application Data"
"3459","50.338604","FioImma.local","maa03s41-in-f14.1e100.net","TCP","54","54642  >  443 [ACK] Seq=14739 Ack=675 Win=509 Len=0"
"3460","50.339512","FioImma.local","maa03s41-in-f14.1e100.net","TLSv1.2","93","Application Data"
"3461","50.347001","ab.chatgpt.com","FioImma.local","TCP","60","443  >  54680 [ACK] Seq=2254 Ack=79433 Win=64 Len=0"
"3462","50.347001","ab.chatgpt.com","FioImma.local","TCP","60","443  >  54680 [ACK] Seq=2254 Ack=80833 Win=64 Len=0"
"3463","50.347001","ab.chatgpt.com","FioImma.local","TCP","60","443  >  54680 [ACK] Seq=2254 Ack=82233 Win=64 Len=0"
"3464","50.347001","ab.chatgpt.com","FioImma.local","TCP","60","443  >  54680 [ACK] Seq=2254 Ack=83633 Win=64 Len=0"
"3465","50.347001","ab.chatgpt.com","FioImma.local","TCP","60","443  >  54680 [ACK] Seq=2254 Ack=85033 Win=64 Len=0"
"3466","50.347001","ab.chatgpt.com","FioImma.local","TCP","60","443  >  54680 [ACK] Seq=2254 Ack=86433 Win=64 Len=0"
"3467","50.347001","ab.chatgpt.com","FioImma.local","TCP","60","443  >  54680 [ACK] Seq=2254 Ack=87833 Win=64 Len=0"
"3468","50.347001","ab.chatgpt.com","FioImma.local","TCP","60","443  >  54680 [ACK] Seq=2254 Ack=89233 Win=64 Len=0"
"3469","50.347001","ab.chatgpt.com","FioImma.local","TCP","60","443  >  54680 [ACK] Seq=2254 Ack=90391 Win=64 Len=0"
"3470","50.347001","maa03s41-in-f14.1e100.net","FioImma.local","TCP","60","443  >  54642 [ACK] Seq=675 Ack=14778 Win=2048 Len=0"
"3471","50.363926","d1qzs64y4955df.cloudfront.net","FioImma.local","TCP","60","443  >  54864 [ACK] Seq=2090 Ack=2894 Win=74240 Len=0"
"3472","50.386320","ab.chatgpt.com","FioImma.local","TLSv1.2","500","Application Data"
"3473","50.387545","ab.chatgpt.com","FioImma.local","TLSv1.2","659","Application Data"
"3474","50.387545","ab.chatgpt.com","FioImma.local","TLSv1.2","85","Application Data"
"3475","50.387595","FioImma.local","ab.chatgpt.com","TCP","54","54679  >  443 [ACK] Seq=132611 Ack=50051 Win=2056 Len=0"
"3476","50.400282","ab.chatgpt.com","FioImma.local","TLSv1.2","535","Application Data"
"3477","50.400282","ab.chatgpt.com","FioImma.local","TLSv1.2","101","Application Data"
"3478","50.400282","ab.chatgpt.com","FioImma.local","TLSv1.2","85","Application Data"
"3479","50.400352","FioImma.local","ab.chatgpt.com","TCP","54","54680  >  443 [ACK] Seq=90391 Ack=2813 Win=509 Len=0"
"3480","50.411544","FioImma.local","ab.chatgpt.com","TCP","1454","54679  >  443 [ACK] Seq=132611 Ack=50051 Win=2056 Len=1400 [TCP PDU reassembled in 3483]"
"3481","50.411544","FioImma.local","ab.chatgpt.com","TCP","1454","54679  >  443 [ACK] Seq=134011 Ack=50051 Win=2056 Len=1400 [TCP PDU reassembled in 3483]"
"3482","50.411544","FioImma.local","ab.chatgpt.com","TCP","1454","54679  >  443 [ACK] Seq=135411 Ack=50051 Win=2056 Len=1400 [TCP PDU reassembled in 3483]"
"3483","50.411544","FioImma.local","ab.chatgpt.com","TLSv1.2","326","Application Data"
"3484","50.411656","FioImma.local","ab.chatgpt.com","TCP","1454","54679  >  443 [ACK] Seq=137083 Ack=50051 Win=2056 Len=1400 [TCP PDU reassembled in 3485]"
"3485","50.411656","FioImma.local","ab.chatgpt.com","TLSv1.2","417","Application Data"
"3486","50.449918","ab.chatgpt.com","FioImma.local","TCP","60","443  >  54679 [ACK] Seq=50051 Ack=135411 Win=64 Len=0"
"3487","50.449918","ab.chatgpt.com","FioImma.local","TCP","60","443  >  54679 [ACK] Seq=50051 Ack=137083 Win=64 Len=0"
"3488","50.449918","ab.chatgpt.com","FioImma.local","TCP","60","443  >  54679 [ACK] Seq=50051 Ack=138846 Win=64 Len=0"
"3489","50.457157","ab.chatgpt.com","FioImma.local","TLSv1.2","349","Application Data"
"3490","50.457157","ab.chatgpt.com","FioImma.local","TLSv1.2","708","Application Data"
"3491","50.457157","ab.chatgpt.com","FioImma.local","TLSv1.2","85","Application Data"
"3492","50.457268","FioImma.local","ab.chatgpt.com","TCP","54","54679  >  443 [ACK] Seq=138846 Ack=51031 Win=2052 Len=0"
"3493","50.476221","p1.parsely.com","FioImma.local","TLSv1.2","85","Encrypted Alert"
"3494","50.505981","ab.chatgpt.com","FioImma.local","TLSv1.2","430","Application Data"
"3495","50.505981","ab.chatgpt.com","FioImma.local","TLSv1.2","101","Application Data"
"3496","50.505981","ab.chatgpt.com","FioImma.local","TLSv1.2","85","Application Data"
"3497","50.506057","FioImma.local","ab.chatgpt.com","TCP","54","54679  >  443 [ACK] Seq=138846 Ack=51485 Win=2056 Len=0"
"3498","50.522900","FioImma.local","p1.parsely.com","TCP","54","54819  >  443 [ACK] Seq=3111 Ack=3481 Win=130816 Len=0"
"3499","50.532012","ab.chatgpt.com","FioImma.local","TLSv1.2","336","Application Data"
"3500","50.532012","ab.chatgpt.com","FioImma.local","TLSv1.2","101","Application Data"
"3501","50.532012","ab.chatgpt.com","FioImma.local","TLSv1.2","85","Application Data"
"3502","50.532103","FioImma.local","ab.chatgpt.com","TCP","54","54679  >  443 [ACK] Seq=138846 Ack=51845 Win=2054 Len=0"
"3503","50.538617","ab.chatgpt.com","FioImma.local","TLSv1.2","324","Application Data"
"3504","50.538617","ab.chatgpt.com","FioImma.local","TLSv1.2","101","Application Data"
"3505","50.538617","ab.chatgpt.com","FioImma.local","TLSv1.2","85","Application Data"
"3506","50.538709","FioImma.local","ab.chatgpt.com","TCP","54","54679  >  443 [ACK] Seq=138846 Ack=52193 Win=2053 Len=0"
"3507","50.615957","ab.chatgpt.com","FioImma.local","TLSv1.2","346","Application Data"
"3508","50.615957","ab.chatgpt.com","FioImma.local","TLSv1.2","101","Application Data"
"3509","50.615957","ab.chatgpt.com","FioImma.local","TLSv1.2","85","Application Data"
"3510","50.616047","FioImma.local","ab.chatgpt.com","TCP","54","54679  >  443 [ACK] Seq=138846 Ack=52563 Win=2052 Len=0"
"3511","50.731583","ab.chatgpt.com","FioImma.local","TLSv1.2","323","Application Data"
"3512","50.731583","ab.chatgpt.com","FioImma.local","TLSv1.2","101","Application Data"
"3513","50.731583","ab.chatgpt.com","FioImma.local","TLSv1.2","85","Application Data"
"3514","50.731657","FioImma.local","ab.chatgpt.com","TCP","54","54679  >  443 [ACK] Seq=138846 Ack=52910 Win=2056 Len=0"
"3515","50.782348","ab.chatgpt.com","FioImma.local","TLSv1.2","329","Application Data"
"3516","50.782348","ab.chatgpt.com","FioImma.local","TCP","1514","443  >  54679 [ACK] Seq=53185 Ack=138846 Win=64 Len=1460 [TCP PDU reassembled in 3517]"
"3517","50.782348","ab.chatgpt.com","FioImma.local","TLSv1.2","318","Application Data"
"3518","50.782348","ab.chatgpt.com","FioImma.local","TLSv1.2","85","Application Data"
"3519","50.782439","FioImma.local","ab.chatgpt.com","TCP","54","54679  >  443 [ACK] Seq=138846 Ack=54940 Win=2056 Len=0"
"3520","50.793867","FioImma.local","maa03s28-in-f3.1e100.net","TCP","55","[TCP Keep-Alive] 54772  >  443 [ACK] Seq=1 Ack=1 Win=512 Len=1"
"3521","50.800793","maa03s28-in-f3.1e100.net","FioImma.local","TCP","66","[TCP Keep-Alive ACK] 443  >  54772 [ACK] Seq=1 Ack=2 Win=301 Len=0 SLE=1 SRE=2"
"3522","50.858965","FioImma.local","ab.chatgpt.com","TLSv1.2","139","Application Data"
"3523","50.859049","FioImma.local","ab.chatgpt.com","TCP","1454","54680  >  443 [ACK] Seq=90476 Ack=2813 Win=509 Len=1400 [TCP PDU reassembled in 3526]"
"3524","50.859049","FioImma.local","ab.chatgpt.com","TCP","1454","54680  >  443 [ACK] Seq=91876 Ack=2813 Win=509 Len=1400 [TCP PDU reassembled in 3526]"
"3525","50.859049","FioImma.local","ab.chatgpt.com","TCP","1454","54680  >  443 [ACK] Seq=93276 Ack=2813 Win=509 Len=1400 [TCP PDU reassembled in 3526]"
"3526","50.859049","FioImma.local","ab.chatgpt.com","TLSv1.2","119","Application Data"
"3527","50.871993","ab.chatgpt.com","FioImma.local","TCP","60","443  >  54680 [ACK] Seq=2813 Ack=90476 Win=64 Len=0"
"3528","50.871993","ab.chatgpt.com","FioImma.local","TCP","60","443  >  54680 [ACK] Seq=2813 Ack=91876 Win=64 Len=0"
"3529","50.871993","ab.chatgpt.com","FioImma.local","TCP","60","443  >  54680 [ACK] Seq=2813 Ack=93276 Win=64 Len=0"
"3530","50.871993","ab.chatgpt.com","FioImma.local","TCP","60","443  >  54680 [ACK] Seq=2813 Ack=94676 Win=64 Len=0"
"3531","50.871993","ab.chatgpt.com","FioImma.local","TCP","60","443  >  54680 [ACK] Seq=2813 Ack=94741 Win=64 Len=0"
"3532","50.902716","FioImma.local","www.googleadservices.com","QUIC","1292","Initial, DCID=9fa79f25edc3cc41, PKN: 9, CC, PADDING"
"3533","50.926673","ab.chatgpt.com","FioImma.local","TLSv1.2","833","Application Data"
"3534","50.926673","ab.chatgpt.com","FioImma.local","TLSv1.2","101","Application Data"
"3535","50.926673","ab.chatgpt.com","FioImma.local","TLSv1.2","85","Application Data"
"3536","50.926767","FioImma.local","ab.chatgpt.com","TCP","54","54680  >  443 [ACK] Seq=94741 Ack=3670 Win=514 Len=0"
"3537","51.229944","ab.chatgpt.com","FioImma.local","TLSv1.2","329","Application Data"
"3538","51.229944","ab.chatgpt.com","FioImma.local","TLSv1.2","151","Application Data"
"3539","51.229944","ab.chatgpt.com","FioImma.local","TLSv1.2","85","Application Data"
"3540","51.230036","FioImma.local","ab.chatgpt.com","TCP","54","54679  >  443 [ACK] Seq=138846 Ack=55343 Win=2054 Len=0"
"3541","51.318592","FioImma.local","ab.chatgpt.com","TCP","1454","54679  >  443 [ACK] Seq=138846 Ack=55343 Win=2054 Len=1400 [TCP PDU reassembled in 3544]"
"3542","51.318592","FioImma.local","ab.chatgpt.com","TCP","1454","54679  >  443 [ACK] Seq=140246 Ack=55343 Win=2054 Len=1400 [TCP PDU reassembled in 3544]"
"3543","51.318592","FioImma.local","ab.chatgpt.com","TCP","1454","54679  >  443 [ACK] Seq=141646 Ack=55343 Win=2054 Len=1400 [TCP PDU reassembled in 3544]"
"3544","51.318592","FioImma.local","ab.chatgpt.com","TLSv1.2","356","Application Data"
"3545","51.318680","FioImma.local","ab.chatgpt.com","TLSv1.2","1409","Application Data"
"3546","51.359955","ab.chatgpt.com","FioImma.local","TCP","60","443  >  54679 [ACK] Seq=55343 Ack=141646 Win=64 Len=0"
"3547","51.359955","ab.chatgpt.com","FioImma.local","TCP","60","443  >  54679 [ACK] Seq=55343 Ack=143348 Win=64 Len=0"
"3548","51.399955","ab.chatgpt.com","FioImma.local","TCP","60","443  >  54679 [ACK] Seq=55343 Ack=144703 Win=64 Len=0"
"3549","51.445885","FioImma.local","www.googleadservices.com","QUIC","1292","Initial, DCID=71bbe722d64b65b6, PKN: 9, CC, PADDING"
"3550","51.583889","FioImma.local","www.googleadservices.com","QUIC","1292","Initial, DCID=c6c4bdb6684500f5, PKN: 9, CC, PADDING"
"3551","51.612218","ab.chatgpt.com","FioImma.local","TLSv1.2","527","Application Data"
"3552","51.612218","ab.chatgpt.com","FioImma.local","TLSv1.2","101","Application Data"
"3553","51.612218","ab.chatgpt.com","FioImma.local","TLSv1.2","85","Application Data"
"3554","51.612305","FioImma.local","ab.chatgpt.com","TCP","54","54679  >  443 [ACK] Seq=144703 Ack=55894 Win=2052 Len=0"
"3555","51.816157","FioImma.local","ab.chatgpt.com","TLSv1.2","139","Application Data"
"3556","51.816420","FioImma.local","ab.chatgpt.com","TCP","1454","54680  >  443 [ACK] Seq=94826 Ack=3670 Win=514 Len=1400 [TCP PDU reassembled in 3557]"
"3557","51.816420","FioImma.local","ab.chatgpt.com","TLSv1.2","301","Application Data"
"3558","51.829056","ab.chatgpt.com","FioImma.local","TCP","60","443  >  54680 [ACK] Seq=3670 Ack=94826 Win=64 Len=0"
"3559","51.829056","ab.chatgpt.com","FioImma.local","TCP","60","443  >  54680 [ACK] Seq=3670 Ack=96226 Win=64 Len=0"
"3560","51.829056","ab.chatgpt.com","FioImma.local","TCP","60","443  >  54680 [ACK] Seq=3670 Ack=96473 Win=64 Len=0"
"3561","51.880572","ab.chatgpt.com","FioImma.local","TLSv1.2","556","Application Data"
"3562","51.880572","ab.chatgpt.com","FioImma.local","TLSv1.2","101","Application Data"
"3563","51.880572","ab.chatgpt.com","FioImma.local","TLSv1.2","85","Application Data"
"3564","51.880657","FioImma.local","ab.chatgpt.com","TCP","54","54680  >  443 [ACK] Seq=96473 Ack=4250 Win=511 Len=0"
"3565","52.060466","FioImma.local","cdn.oaistatic.com","TLSv1.3","152","Application Data"
"3566","52.099889","cdn.oaistatic.com","FioImma.local","TLSv1.3","572","Application Data"
"3567","52.109644","FioImma.local","ab.chatgpt.com","TCP","1454","54679  >  443 [ACK] Seq=144703 Ack=55894 Win=2052 Len=1400 [TCP PDU reassembled in 3570]"
"3568","52.109644","FioImma.local","ab.chatgpt.com","TCP","1454","54679  >  443 [ACK] Seq=146103 Ack=55894 Win=2052 Len=1400 [TCP PDU reassembled in 3570]"
"3569","52.109644","FioImma.local","ab.chatgpt.com","TCP","1454","54679  >  443 [ACK] Seq=147503 Ack=55894 Win=2052 Len=1400 [TCP PDU reassembled in 3570]"
"3570","52.109644","FioImma.local","ab.chatgpt.com","TLSv1.2","1389","Application Data"
"3571","52.113471","FioImma.local","ab.chatgpt.com","TCP","1454","54679  >  443 [ACK] Seq=150238 Ack=55894 Win=2052 Len=1400 [TCP PDU reassembled in 3577]"
"3572","52.113471","FioImma.local","ab.chatgpt.com","TCP","1454","54679  >  443 [ACK] Seq=151638 Ack=55894 Win=2052 Len=1400 [TCP PDU reassembled in 3577]"
"3573","52.113471","FioImma.local","ab.chatgpt.com","TCP","1454","54679  >  443 [ACK] Seq=153038 Ack=55894 Win=2052 Len=1400 [TCP PDU reassembled in 3577]"
"3574","52.113471","FioImma.local","ab.chatgpt.com","TCP","1454","54679  >  443 [ACK] Seq=154438 Ack=55894 Win=2052 Len=1400 [TCP PDU reassembled in 3577]"
"3575","52.113471","FioImma.local","ab.chatgpt.com","TCP","1454","54679  >  443 [ACK] Seq=155838 Ack=55894 Win=2052 Len=1400 [TCP PDU reassembled in 3577]"
"3576","52.113471","FioImma.local","ab.chatgpt.com","TCP","1454","54679  >  443 [ACK] Seq=157238 Ack=55894 Win=2052 Len=1400 [TCP PDU reassembled in 3577]"
"3577","52.113471","FioImma.local","ab.chatgpt.com","TLSv1.2","1007","Application Data"
"3578","52.113731","FioImma.local","ab.chatgpt.com","TCP","1454","54679  >  443 [ACK] Seq=159591 Ack=55894 Win=2052 Len=1400 [TCP PDU reassembled in 3589]"
"3579","52.113731","FioImma.local","ab.chatgpt.com","TCP","1454","54679  >  443 [ACK] Seq=160991 Ack=55894 Win=2052 Len=1400 [TCP PDU reassembled in 3589]"
"3580","52.113731","FioImma.local","ab.chatgpt.com","TCP","1454","54679  >  443 [ACK] Seq=162391 Ack=55894 Win=2052 Len=1400 [TCP PDU reassembled in 3589]"
"3581","52.113731","FioImma.local","ab.chatgpt.com","TCP","1454","54679  >  443 [ACK] Seq=163791 Ack=55894 Win=2052 Len=1400 [TCP PDU reassembled in 3589]"
"3582","52.113731","FioImma.local","ab.chatgpt.com","TCP","1454","54679  >  443 [ACK] Seq=165191 Ack=55894 Win=2052 Len=1400 [TCP PDU reassembled in 3589]"
"3583","52.113731","FioImma.local","ab.chatgpt.com","TCP","1454","54679  >  443 [ACK] Seq=166591 Ack=55894 Win=2052 Len=1400 [TCP PDU reassembled in 3589]"
"3584","52.113731","FioImma.local","ab.chatgpt.com","TCP","1454","54679  >  443 [ACK] Seq=167991 Ack=55894 Win=2052 Len=1400 [TCP PDU reassembled in 3589]"
"3585","52.113731","FioImma.local","ab.chatgpt.com","TCP","1454","54679  >  443 [ACK] Seq=169391 Ack=55894 Win=2052 Len=1400 [TCP PDU reassembled in 3589]"
"3586","52.113731","FioImma.local","ab.chatgpt.com","TCP","1454","54679  >  443 [ACK] Seq=170791 Ack=55894 Win=2052 Len=1400 [TCP PDU reassembled in 3589]"
"3587","52.113731","FioImma.local","ab.chatgpt.com","TCP","1454","54679  >  443 [ACK] Seq=172191 Ack=55894 Win=2052 Len=1400 [TCP PDU reassembled in 3589]"
"3588","52.113731","FioImma.local","ab.chatgpt.com","TCP","1454","54679  >  443 [ACK] Seq=173591 Ack=55894 Win=2052 Len=1400 [TCP PDU reassembled in 3589]"
"3589","52.113731","FioImma.local","ab.chatgpt.com","TLSv1.2","1060","Application Data"
"3590","52.113876","FioImma.local","ab.chatgpt.com","TCP","1454","54679  >  443 [ACK] Seq=175997 Ack=55894 Win=2052 Len=1400 [TCP PDU reassembled in 3593]"
"3591","52.113876","FioImma.local","ab.chatgpt.com","TCP","1454","54679  >  443 [ACK] Seq=177397 Ack=55894 Win=2052 Len=1400 [TCP PDU reassembled in 3593]"
"3592","52.113876","FioImma.local","ab.chatgpt.com","TCP","1454","54679  >  443 [ACK] Seq=178797 Ack=55894 Win=2052 Len=1400 [TCP PDU reassembled in 3593]"
"3593","52.113876","FioImma.local","ab.chatgpt.com","TLSv1.2","1404","Application Data"
"3594","52.149164","FioImma.local","cdn.oaistatic.com","TCP","54","54862  >  443 [ACK] Seq=2699 Ack=3199 Win=130304 Len=0"
"3595","52.149657","ab.chatgpt.com","FioImma.local","TCP","60","443  >  54679 [ACK] Seq=55894 Ack=146103 Win=64 Len=0"
"3596","52.149657","ab.chatgpt.com","FioImma.local","TCP","60","443  >  54679 [ACK] Seq=55894 Ack=147503 Win=64 Len=0"
"3597","52.149657","ab.chatgpt.com","FioImma.local","TCP","60","443  >  54679 [ACK] Seq=55894 Ack=148903 Win=64 Len=0"
"3598","52.149657","ab.chatgpt.com","FioImma.local","TCP","60","443  >  54679 [ACK] Seq=55894 Ack=150238 Win=64 Len=0"
"3599","52.153973","ab.chatgpt.com","FioImma.local","TCP","60","443  >  54679 [ACK] Seq=55894 Ack=151638 Win=64 Len=0"
"3600","52.153973","ab.chatgpt.com","FioImma.local","TCP","60","443  >  54679 [ACK] Seq=55894 Ack=153038 Win=64 Len=0"
"3601","52.153973","ab.chatgpt.com","FioImma.local","TCP","60","443  >  54679 [ACK] Seq=55894 Ack=154438 Win=64 Len=0"
"3602","52.153973","ab.chatgpt.com","FioImma.local","TCP","60","443  >  54679 [ACK] Seq=55894 Ack=155838 Win=64 Len=0"
"3603","52.153973","ab.chatgpt.com","FioImma.local","TCP","60","443  >  54679 [ACK] Seq=55894 Ack=157238 Win=64 Len=0"
"3604","52.153973","ab.chatgpt.com","FioImma.local","TCP","60","443  >  54679 [ACK] Seq=55894 Ack=158638 Win=64 Len=0"
"3605","52.153973","ab.chatgpt.com","FioImma.local","TCP","60","443  >  54679 [ACK] Seq=55894 Ack=159591 Win=64 Len=0"
"3606","52.153973","ab.chatgpt.com","FioImma.local","TCP","60","443  >  54679 [ACK] Seq=55894 Ack=160991 Win=64 Len=0"
"3607","52.153973","ab.chatgpt.com","FioImma.local","TCP","60","443  >  54679 [ACK] Seq=55894 Ack=162391 Win=64 Len=0"
"3608","52.153973","ab.chatgpt.com","FioImma.local","TCP","60","443  >  54679 [ACK] Seq=55894 Ack=163791 Win=64 Len=0"
"3609","52.153973","ab.chatgpt.com","FioImma.local","TCP","60","443  >  54679 [ACK] Seq=55894 Ack=165191 Win=64 Len=0"
"3610","52.153973","ab.chatgpt.com","FioImma.local","TCP","60","443  >  54679 [ACK] Seq=55894 Ack=166591 Win=64 Len=0"
"3611","52.154767","ab.chatgpt.com","FioImma.local","TCP","60","443  >  54679 [ACK] Seq=55894 Ack=172191 Win=64 Len=0"
"3612","52.154767","ab.chatgpt.com","FioImma.local","TCP","60","443  >  54679 [ACK] Seq=55894 Ack=174991 Win=64 Len=0"
"3613","52.154767","ab.chatgpt.com","FioImma.local","TCP","60","443  >  54679 [ACK] Seq=55894 Ack=177397 Win=64 Len=0"
"3614","52.154767","ab.chatgpt.com","FioImma.local","TCP","60","443  >  54679 [ACK] Seq=55894 Ack=180197 Win=64 Len=0"
"3615","52.154767","ab.chatgpt.com","FioImma.local","TCP","60","443  >  54679 [ACK] Seq=55894 Ack=181547 Win=64 Len=0"
"3616","52.168891","FioImma.local","ab.chatgpt.com","TCP","1454","54679  >  443 [ACK] Seq=181547 Ack=55894 Win=2052 Len=1400 [TCP PDU reassembled in 3619]"
"3617","52.168891","FioImma.local","ab.chatgpt.com","TCP","1454","54679  >  443 [ACK] Seq=182947 Ack=55894 Win=2052 Len=1400 [TCP PDU reassembled in 3619]"
"3618","52.168891","FioImma.local","ab.chatgpt.com","TCP","1454","54679  >  443 [ACK] Seq=184347 Ack=55894 Win=2052 Len=1400 [TCP PDU reassembled in 3619]"
"3619","52.168891","FioImma.local","ab.chatgpt.com","TLSv1.2","326","Application Data"
"3620","52.169000","FioImma.local","ab.chatgpt.com","TLSv1.2","1368","Application Data"
"3621","52.210884","ab.chatgpt.com","FioImma.local","TCP","60","443  >  54679 [ACK] Seq=55894 Ack=184347 Win=64 Len=0"
"3622","52.210884","ab.chatgpt.com","FioImma.local","TCP","60","443  >  54679 [ACK] Seq=55894 Ack=186019 Win=64 Len=0"
"3623","52.210884","ab.chatgpt.com","FioImma.local","TCP","60","443  >  54679 [ACK] Seq=55894 Ack=187333 Win=64 Len=0"
"3624","52.467821","ab.chatgpt.com","FioImma.local","TLSv1.2","427","Application Data"
"3625","52.467821","ab.chatgpt.com","FioImma.local","TLSv1.2","145","Application Data"
"3626","52.467821","ab.chatgpt.com","FioImma.local","TLSv1.2","85","Application Data"
"3627","52.467880","FioImma.local","ab.chatgpt.com","TCP","54","54679  >  443 [ACK] Seq=187333 Ack=56389 Win=2056 Len=0"
"3628","52.477029","p1.parsely.com","FioImma.local","TCP","54","443  >  54819 [FIN, ACK] Seq=3481 Ack=3111 Win=69632 Len=0"
"3629","52.477116","FioImma.local","p1.parsely.com","TCP","54","54819  >  443 [ACK] Seq=3111 Ack=3482 Win=130816 Len=0"
"3630","52.509339","ab.chatgpt.com","FioImma.local","TLSv1.2","427","Application Data"
"3631","52.509339","ab.chatgpt.com","FioImma.local","TLSv1.2","101","Application Data"
"3632","52.509339","ab.chatgpt.com","FioImma.local","TLSv1.2","85","Application Data"
"3633","52.509399","FioImma.local","ab.chatgpt.com","TCP","54","54679  >  443 [ACK] Seq=187333 Ack=56840 Win=2054 Len=0"
"3634","52.572232","192.168.1.1","all-systems.mcast.net","IGMPv3","50","Membership Query, general"
"3635","52.818295","FioImma.local","ab.chatgpt.com","TLSv1.2","139","Application Data"
"3636","52.818397","FioImma.local","ab.chatgpt.com","TCP","1454","54680  >  443 [ACK] Seq=96558 Ack=4250 Win=511 Len=1400 [TCP PDU reassembled in 3638]"
"3637","52.818397","FioImma.local","ab.chatgpt.com","TCP","1454","54680  >  443 [ACK] Seq=97958 Ack=4250 Win=511 Len=1400 [TCP PDU reassembled in 3638]"
"3638","52.818397","FioImma.local","ab.chatgpt.com","TLSv1.2","1394","Application Data"
"3639","52.831020","ab.chatgpt.com","FioImma.local","TCP","60","443  >  54680 [ACK] Seq=4250 Ack=96558 Win=64 Len=0"
"3640","52.831020","ab.chatgpt.com","FioImma.local","TCP","60","443  >  54680 [ACK] Seq=4250 Ack=97958 Win=64 Len=0"
"3641","52.831020","ab.chatgpt.com","FioImma.local","TCP","60","443  >  54680 [ACK] Seq=4250 Ack=99358 Win=64 Len=0"
"3642","52.831020","ab.chatgpt.com","FioImma.local","TCP","60","443  >  54680 [ACK] Seq=4250 Ack=100698 Win=64 Len=0"
"3643","52.884811","ab.chatgpt.com","FioImma.local","TLSv1.2","550","Application Data"
"3644","52.884811","ab.chatgpt.com","FioImma.local","TLSv1.2","101","Application Data"
"3645","52.884811","ab.chatgpt.com","FioImma.local","TLSv1.2","85","Application Data"
"3646","52.884882","FioImma.local","ab.chatgpt.com","TCP","54","54680  >  443 [ACK] Seq=100698 Ack=4824 Win=509 Len=0"
"3647","53.018527","ab.chatgpt.com","FioImma.local","TLSv1.2","1285","Application Data"
"3648","53.023803","ab.chatgpt.com","FioImma.local","TLSv1.2","545","Application Data"
"3649","53.023890","FioImma.local","ab.chatgpt.com","TCP","54","54679  >  443 [ACK] Seq=187333 Ack=58562 Win=2056 Len=0"
"3650","53.084032","FioImma.local","ab.chatgpt.com","TCP","1454","54679  >  443 [ACK] Seq=187333 Ack=58562 Win=2056 Len=1400 [TCP PDU reassembled in 3653]"
"3651","53.084032","FioImma.local","ab.chatgpt.com","TCP","1454","54679  >  443 [ACK] Seq=188733 Ack=58562 Win=2056 Len=1400 [TCP PDU reassembled in 3653]"
"3652","53.084032","FioImma.local","ab.chatgpt.com","TCP","1454","54679  >  443 [ACK] Seq=190133 Ack=58562 Win=2056 Len=1400 [TCP PDU reassembled in 3653]"
"3653","53.084032","FioImma.local","ab.chatgpt.com","TLSv1.2","1382","Application Data"
"3654","53.083991","FioImma.local","20.212.88.117","TCP","55","[TCP Keep-Alive] 54586  >  443 [ACK] Seq=1 Ack=1 Win=516 Len=1"
"3655","53.084726","FioImma.local","ab.chatgpt.com","TCP","1454","54679  >  443 [ACK] Seq=192861 Ack=58562 Win=2056 Len=1400 [TCP PDU reassembled in 3658]"
"3656","53.084726","FioImma.local","ab.chatgpt.com","TCP","1454","54679  >  443 [ACK] Seq=194261 Ack=58562 Win=2056 Len=1400 [TCP PDU reassembled in 3658]"
"3657","53.084726","FioImma.local","ab.chatgpt.com","TCP","1454","54679  >  443 [ACK] Seq=195661 Ack=58562 Win=2056 Len=1400 [TCP PDU reassembled in 3658]"
"3658","53.084726","FioImma.local","ab.chatgpt.com","TLSv1.2","1370","Application Data"
"3659","53.084887","FioImma.local","ab.chatgpt.com","TCP","1454","54679  >  443 [ACK] Seq=198377 Ack=58562 Win=2056 Len=1400 [TCP PDU reassembled in 3662]"
"3660","53.084887","FioImma.local","ab.chatgpt.com","TCP","1454","54679  >  443 [ACK] Seq=199777 Ack=58562 Win=2056 Len=1400 [TCP PDU reassembled in 3662]"
"3661","53.084887","FioImma.local","ab.chatgpt.com","TCP","1454","54679  >  443 [ACK] Seq=201177 Ack=58562 Win=2056 Len=1400 [TCP PDU reassembled in 3662]"
"3662","53.084887","FioImma.local","ab.chatgpt.com","TLSv1.2","1387","Application Data"
"3663","53.094079","FioImma.local","ab.chatgpt.com","TCP","1454","54679  >  443 [ACK] Seq=203910 Ack=58562 Win=2056 Len=1400 [TCP PDU reassembled in 3666]"
"3664","53.094079","FioImma.local","ab.chatgpt.com","TCP","1454","54679  >  443 [ACK] Seq=205310 Ack=58562 Win=2056 Len=1400 [TCP PDU reassembled in 3666]"
"3665","53.094079","FioImma.local","ab.chatgpt.com","TCP","1454","54679  >  443 [ACK] Seq=206710 Ack=58562 Win=2056 Len=1400 [TCP PDU reassembled in 3666]"
"3666","53.094079","FioImma.local","ab.chatgpt.com","TLSv1.2","324","Application Data"
"3667","53.094338","FioImma.local","ab.chatgpt.com","TCP","1454","54679  >  443 [ACK] Seq=208380 Ack=58562 Win=2056 Len=1400 [TCP PDU reassembled in 3668]"
"3668","53.094338","FioImma.local","ab.chatgpt.com","TLSv1.2","92","Application Data"
"3669","53.124274","ab.chatgpt.com","FioImma.local","TCP","60","443  >  54679 [ACK] Seq=58562 Ack=188733 Win=64 Len=0"
"3670","53.124274","ab.chatgpt.com","FioImma.local","TCP","60","443  >  54679 [ACK] Seq=58562 Ack=190133 Win=64 Len=0"
"3671","53.124274","ab.chatgpt.com","FioImma.local","TCP","60","443  >  54679 [ACK] Seq=58562 Ack=191533 Win=64 Len=0"
"3672","53.124274","ab.chatgpt.com","FioImma.local","TCP","60","443  >  54679 [ACK] Seq=58562 Ack=192861 Win=64 Len=0"
"3673","53.124274","ab.chatgpt.com","FioImma.local","TCP","60","443  >  54679 [ACK] Seq=58562 Ack=194261 Win=64 Len=0"
"3674","53.124274","ab.chatgpt.com","FioImma.local","TCP","60","443  >  54679 [ACK] Seq=58562 Ack=195661 Win=64 Len=0"
"3675","53.124274","ab.chatgpt.com","FioImma.local","TCP","60","443  >  54679 [ACK] Seq=58562 Ack=197061 Win=64 Len=0"
"3676","53.124274","ab.chatgpt.com","FioImma.local","TCP","60","443  >  54679 [ACK] Seq=58562 Ack=198377 Win=64 Len=0"
"3677","53.124274","ab.chatgpt.com","FioImma.local","TCP","60","443  >  54679 [ACK] Seq=58562 Ack=199777 Win=64 Len=0"
"3678","53.124274","ab.chatgpt.com","FioImma.local","TCP","60","443  >  54679 [ACK] Seq=58562 Ack=201177 Win=64 Len=0"
"3679","53.124274","ab.chatgpt.com","FioImma.local","TCP","60","443  >  54679 [ACK] Seq=58562 Ack=202577 Win=64 Len=0"
"3680","53.124274","ab.chatgpt.com","FioImma.local","TCP","60","443  >  54679 [ACK] Seq=58562 Ack=203910 Win=64 Len=0"
"3681","53.131625","ab.chatgpt.com","FioImma.local","TCP","60","443  >  54679 [ACK] Seq=58562 Ack=205310 Win=64 Len=0"
"3682","53.131625","ab.chatgpt.com","FioImma.local","TCP","60","443  >  54679 [ACK] Seq=58562 Ack=206710 Win=64 Len=0"
"3683","53.131625","ab.chatgpt.com","FioImma.local","TCP","60","443  >  54679 [ACK] Seq=58562 Ack=208110 Win=64 Len=0"
"3684","53.131625","ab.chatgpt.com","FioImma.local","TCP","60","443  >  54679 [ACK] Seq=58562 Ack=208380 Win=64 Len=0"
"3685","53.131625","ab.chatgpt.com","FioImma.local","TCP","60","443  >  54679 [ACK] Seq=58562 Ack=209818 Win=64 Len=0"
"3686","53.176273","20.212.88.117","FioImma.local","TCP","66","[TCP Keep-Alive ACK] 443  >  54586 [ACK] Seq=1 Ack=2 Win=251 Len=0 SLE=1 SRE=2"
"3687","53.246412","ab.chatgpt.com","FioImma.local","TCP","1514","443  >  54679 [ACK] Seq=58562 Ack=209818 Win=64 Len=1460 [TCP PDU reassembled in 3695]"
"3688","53.246858","ab.chatgpt.com","FioImma.local","TCP","1514","443  >  54679 [ACK] Seq=60022 Ack=209818 Win=64 Len=1460 [TCP PDU reassembled in 3695]"
"3689","53.246858","ab.chatgpt.com","FioImma.local","TCP","1514","443  >  54679 [ACK] Seq=61482 Ack=209818 Win=64 Len=1460 [TCP PDU reassembled in 3695]"
"3690","53.246858","ab.chatgpt.com","FioImma.local","TCP","1514","443  >  54679 [ACK] Seq=62942 Ack=209818 Win=64 Len=1460 [TCP PDU reassembled in 3695]"
"3691","53.246858","ab.chatgpt.com","FioImma.local","TCP","1514","443  >  54679 [ACK] Seq=64402 Ack=209818 Win=64 Len=1460 [TCP PDU reassembled in 3695]"
"3692","53.246858","ab.chatgpt.com","FioImma.local","TCP","1514","443  >  54679 [ACK] Seq=65862 Ack=209818 Win=64 Len=1460 [TCP PDU reassembled in 3695]"
"3693","53.246858","ab.chatgpt.com","FioImma.local","TCP","1514","443  >  54679 [PSH, ACK] Seq=67322 Ack=209818 Win=64 Len=1460 [TCP PDU reassembled in 3695]"
"3694","53.246858","ab.chatgpt.com","FioImma.local","TCP","1514","443  >  54679 [ACK] Seq=68782 Ack=209818 Win=64 Len=1460 [TCP PDU reassembled in 3695]"
"3695","53.246858","ab.chatgpt.com","FioImma.local","TLSv1.2","990","Application Data"
"3696","53.246979","FioImma.local","ab.chatgpt.com","TCP","54","54679  >  443 [ACK] Seq=209818 Ack=71178 Win=2056 Len=0"
"3697","53.255959","ab.chatgpt.com","FioImma.local","TCP","1514","443  >  54679 [ACK] Seq=71178 Ack=209818 Win=64 Len=1460 [TCP PDU reassembled in 3700]"
"3698","53.256019","FioImma.local","ab.chatgpt.com","TCP","54","54679  >  443 [ACK] Seq=209818 Ack=72638 Win=2056 Len=0"
"3699","53.257622","ab.chatgpt.com","FioImma.local","TCP","14654","443  >  54679 [PSH, ACK] Seq=72638 Ack=209818 Win=64 Len=14600 [TCP PDU reassembled in 3700]"
"3700","53.257622","ab.chatgpt.com","FioImma.local","TLSv1.2","400","Application Data"
"3701","53.257622","ab.chatgpt.com","FioImma.local","TLSv1.2","885","Application Data"
"3702","53.257714","FioImma.local","ab.chatgpt.com","TCP","54","54679  >  443 [ACK] Seq=209818 Ack=88415 Win=2056 Len=0"
"3703","53.277499","FioImma.local","ab.chatgpt.com","TCP","1454","54679  >  443 [ACK] Seq=209818 Ack=88415 Win=2056 Len=1400 [TCP PDU reassembled in 3706]"
"3704","53.277499","FioImma.local","ab.chatgpt.com","TCP","1454","54679  >  443 [ACK] Seq=211218 Ack=88415 Win=2056 Len=1400 [TCP PDU reassembled in 3706]"
"3705","53.277499","FioImma.local","ab.chatgpt.com","TCP","1454","54679  >  443 [ACK] Seq=212618 Ack=88415 Win=2056 Len=1400 [TCP PDU reassembled in 3706]"
"3706","53.277499","FioImma.local","ab.chatgpt.com","TLSv1.2","1393","Application Data"
"3707","53.285254","FioImma.local","ab.chatgpt.com","TCP","1454","54679  >  443 [ACK] Seq=215357 Ack=88415 Win=2056 Len=1400 [TCP PDU reassembled in 3710]"
"3708","53.285254","FioImma.local","ab.chatgpt.com","TCP","1454","54679  >  443 [ACK] Seq=216757 Ack=88415 Win=2056 Len=1400 [TCP PDU reassembled in 3710]"
"3709","53.285254","FioImma.local","ab.chatgpt.com","TCP","1454","54679  >  443 [ACK] Seq=218157 Ack=88415 Win=2056 Len=1400 [TCP PDU reassembled in 3710]"
"3710","53.285254","FioImma.local","ab.chatgpt.com","TLSv1.2","324","Application Data"
"3711","53.285344","FioImma.local","ab.chatgpt.com","TLSv1.2","1346","Application Data"
"3712","53.285527","FioImma.local","ab.chatgpt.com","TCP","1454","54679  >  443 [ACK] Seq=221119 Ack=88415 Win=2056 Len=1400 [TCP PDU reassembled in 3715]"
"3713","53.285527","FioImma.local","ab.chatgpt.com","TCP","1454","54679  >  443 [ACK] Seq=222519 Ack=88415 Win=2056 Len=1400 [TCP PDU reassembled in 3715]"
"3714","53.285527","FioImma.local","ab.chatgpt.com","TCP","1454","54679  >  443 [ACK] Seq=223919 Ack=88415 Win=2056 Len=1400 [TCP PDU reassembled in 3715]"
"3715","53.285527","FioImma.local","ab.chatgpt.com","TLSv1.2","324","Application Data"
"3716","53.285617","FioImma.local","ab.chatgpt.com","TCP","1454","54679  >  443 [ACK] Seq=225589 Ack=88415 Win=2056 Len=1400 [TCP PDU reassembled in 3717]"
"3717","53.285617","FioImma.local","ab.chatgpt.com","TLSv1.2","223","Application Data"
"3718","53.317370","ab.chatgpt.com","FioImma.local","TCP","60","443  >  54679 [ACK] Seq=88415 Ack=212618 Win=64 Len=0"
"3719","53.323523","ab.chatgpt.com","FioImma.local","TCP","60","443  >  54679 [ACK] Seq=88415 Ack=215357 Win=64 Len=0"
"3720","53.323523","ab.chatgpt.com","FioImma.local","TCP","60","443  >  54679 [ACK] Seq=88415 Ack=218157 Win=64 Len=0"
"3721","53.323523","ab.chatgpt.com","FioImma.local","TCP","60","443  >  54679 [ACK] Seq=88415 Ack=219827 Win=64 Len=0"
"3722","53.323523","ab.chatgpt.com","FioImma.local","TCP","60","443  >  54679 [ACK] Seq=88415 Ack=222519 Win=64 Len=0"
"3723","53.323523","ab.chatgpt.com","FioImma.local","TCP","60","443  >  54679 [ACK] Seq=88415 Ack=225319 Win=64 Len=0"
"3724","53.323523","ab.chatgpt.com","FioImma.local","TCP","60","443  >  54679 [ACK] Seq=88415 Ack=226989 Win=64 Len=0"
"3725","53.323523","ab.chatgpt.com","FioImma.local","TCP","60","443  >  54679 [ACK] Seq=88415 Ack=227158 Win=64 Len=0"
"3726","53.366616","FioImma.local","ab.chatgpt.com","TCP","1454","54679  >  443 [ACK] Seq=227158 Ack=88415 Win=2056 Len=1400 [TCP PDU reassembled in 3729]"
"3727","53.366616","FioImma.local","ab.chatgpt.com","TCP","1454","54679  >  443 [ACK] Seq=228558 Ack=88415 Win=2056 Len=1400 [TCP PDU reassembled in 3729]"
"3728","53.366616","FioImma.local","ab.chatgpt.com","TCP","1454","54679  >  443 [ACK] Seq=229958 Ack=88415 Win=2056 Len=1400 [TCP PDU reassembled in 3729]"
"3729","53.366616","FioImma.local","ab.chatgpt.com","TLSv1.2","1447","Application Data"
"3730","53.366713","FioImma.local","ab.chatgpt.com","TLSv1.2","640","Application Data"
"3731","53.366898","FioImma.local","ab.chatgpt.com","TCP","1454","54679  >  443 [ACK] Seq=233337 Ack=88415 Win=2056 Len=1400 [TCP PDU reassembled in 3734]"
"3732","53.366898","FioImma.local","ab.chatgpt.com","TCP","1454","54679  >  443 [ACK] Seq=234737 Ack=88415 Win=2056 Len=1400 [TCP PDU reassembled in 3734]"
"3733","53.366898","FioImma.local","ab.chatgpt.com","TCP","1454","54679  >  443 [ACK] Seq=236137 Ack=88415 Win=2056 Len=1400 [TCP PDU reassembled in 3734]"
"3734","53.366898","FioImma.local","ab.chatgpt.com","TLSv1.2","352","Application Data"
"3735","53.366937","FioImma.local","ab.chatgpt.com","TCP","1454","54679  >  443 [ACK] Seq=237835 Ack=88415 Win=2056 Len=1400 [TCP PDU reassembled in 3736]"
"3736","53.366937","FioImma.local","ab.chatgpt.com","TLSv1.2","90","Application Data"
"3737","53.402048","ab.chatgpt.com","FioImma.local","TLSv1.2","438","Application Data"
"3738","53.402048","ab.chatgpt.com","FioImma.local","TLSv1.2","101","Application Data"
"3739","53.402048","ab.chatgpt.com","FioImma.local","TLSv1.2","85","Application Data"
"3740","53.402253","FioImma.local","ab.chatgpt.com","TCP","54","54679  >  443 [ACK] Seq=239271 Ack=88877 Win=2054 Len=0"
"3741","53.406295","ab.chatgpt.com","FioImma.local","TCP","60","443  >  54679 [ACK] Seq=88877 Ack=229958 Win=64 Len=0"
"3742","53.406295","ab.chatgpt.com","FioImma.local","TCP","60","443  >  54679 [ACK] Seq=88877 Ack=232751 Win=64 Len=0"
"3743","53.406295","ab.chatgpt.com","FioImma.local","TCP","60","443  >  54679 [ACK] Seq=88877 Ack=234737 Win=64 Len=0"
"3744","53.406295","ab.chatgpt.com","FioImma.local","TCP","60","443  >  54679 [ACK] Seq=88877 Ack=237537 Win=64 Len=0"
"3745","53.406295","ab.chatgpt.com","FioImma.local","TCP","60","443  >  54679 [ACK] Seq=88877 Ack=239235 Win=64 Len=0"
"3746","53.406295","ab.chatgpt.com","FioImma.local","TCP","60","443  >  54679 [ACK] Seq=88877 Ack=239271 Win=64 Len=0"
"3747","53.419119","ab.chatgpt.com","FioImma.local","TLSv1.2","497","Application Data"
"3748","53.419119","ab.chatgpt.com","FioImma.local","TLSv1.2","145","Application Data"
"3749","53.419119","ab.chatgpt.com","FioImma.local","TLSv1.2","85","Application Data"
"3750","53.419234","FioImma.local","ab.chatgpt.com","TCP","54","54679  >  443 [ACK] Seq=239271 Ack=89442 Win=2052 Len=0"
"3751","53.462177","ab.chatgpt.com","FioImma.local","TLSv1.2","328","Application Data"
"3752","53.462177","ab.chatgpt.com","FioImma.local","TLSv1.2","142","Application Data, Application Data"
"3753","53.462295","FioImma.local","ab.chatgpt.com","TCP","54","54679  >  443 [ACK] Seq=239271 Ack=89804 Win=2050 Len=0"
"3754","53.492275","ab.chatgpt.com","FioImma.local","TLSv1.2","387","Application Data"
"3755","53.492275","ab.chatgpt.com","FioImma.local","TLSv1.2","205","Application Data"
"3756","53.492275","ab.chatgpt.com","FioImma.local","TLSv1.2","85","Application Data"
"3757","53.492405","FioImma.local","ab.chatgpt.com","TCP","54","54679  >  443 [ACK] Seq=239271 Ack=90319 Win=2056 Len=0"
"3758","53.598455","ab.chatgpt.com","FioImma.local","TLSv1.2","392","Application Data"
"3759","53.598455","ab.chatgpt.com","FioImma.local","TLSv1.2","101","Application Data"
"3760","53.598455","ab.chatgpt.com","FioImma.local","TLSv1.2","85","Application Data"
"3761","53.598557","FioImma.local","ab.chatgpt.com","TCP","54","54679  >  443 [ACK] Seq=239271 Ack=90735 Win=2054 Len=0"
"3762","53.662829","ab.chatgpt.com","FioImma.local","TLSv1.2","446","Application Data"
"3763","53.662829","ab.chatgpt.com","FioImma.local","TLSv1.2","101","Application Data"
"3764","53.662829","ab.chatgpt.com","FioImma.local","TLSv1.2","85","Application Data"
"3765","53.662912","FioImma.local","ab.chatgpt.com","TCP","54","54679  >  443 [ACK] Seq=239271 Ack=91205 Win=2052 Len=0"
"3766","53.808081","ab.chatgpt.com","FioImma.local","TLSv1.2","328","Application Data"
"3767","53.808081","ab.chatgpt.com","FioImma.local","TCP","1514","443  >  54679 [ACK] Seq=91479 Ack=239271 Win=64 Len=1460 [TCP PDU reassembled in 3771]"
"3768","53.808081","ab.chatgpt.com","FioImma.local","TCP","1514","443  >  54679 [ACK] Seq=92939 Ack=239271 Win=64 Len=1460 [TCP PDU reassembled in 3771]"
"3769","53.808081","ab.chatgpt.com","FioImma.local","TCP","1514","443  >  54679 [ACK] Seq=94399 Ack=239271 Win=64 Len=1460 [TCP PDU reassembled in 3771]"
"3770","53.808187","FioImma.local","ab.chatgpt.com","TCP","54","54679  >  443 [ACK] Seq=239271 Ack=95859 Win=2056 Len=0"
"3771","53.808624","ab.chatgpt.com","FioImma.local","TLSv1.2","985","Application Data"
"3772","53.814049","FioImma.local","ab.chatgpt.com","TLSv1.2","139","Application Data"
"3773","53.814149","FioImma.local","ab.chatgpt.com","TLSv1.2","1144","Application Data"
"3774","53.823481","ab.chatgpt.com","FioImma.local","TCP","60","443  >  54680 [ACK] Seq=4824 Ack=100783 Win=64 Len=0"
"3775","53.825319","ab.chatgpt.com","FioImma.local","TCP","60","443  >  54680 [ACK] Seq=4824 Ack=101873 Win=64 Len=0"
"3776","53.849223","FioImma.local","27.70.201.35.bc.googleusercontent.com","TCP","55","[TCP Keep-Alive] 54747  >  443 [ACK] Seq=1 Ack=1 Win=512 Len=1"
"3777","53.849271","FioImma.local","ab.chatgpt.com","TCP","54","54679  >  443 [ACK] Seq=239271 Ack=96790 Win=2052 Len=0"
"3778","53.862240","27.70.201.35.bc.googleusercontent.com","FioImma.local","TCP","66","[TCP Keep-Alive ACK] 443  >  54747 [ACK] Seq=1 Ack=2 Win=301 Len=0 SLE=1 SRE=2"
"3779","53.877441","FioImma.local","sa-in-f188.1e100.net","TCP","55","[TCP Keep-Alive] 54584  >  5228 [ACK] Seq=1 Ack=1 Win=507 Len=1"
"3780","53.877519","FioImma.local","sa-in-f188.1e100.net","TCP","55","[TCP Keep-Alive] 54585  >  5228 [ACK] Seq=1 Ack=1 Win=510 Len=1"
"3781","53.878865","ab.chatgpt.com","FioImma.local","TLSv1.2","652","Application Data"
"3782","53.878865","ab.chatgpt.com","FioImma.local","TLSv1.2","101","Application Data"
"3783","53.878865","ab.chatgpt.com","FioImma.local","TLSv1.2","85","Application Data"
"3784","53.878956","FioImma.local","ab.chatgpt.com","TCP","54","54680  >  443 [ACK] Seq=101873 Ack=5500 Win=514 Len=0"
"3785","53.881508","ab.chatgpt.com","FioImma.local","TLSv1.2","333","Application Data"
"3786","53.881508","ab.chatgpt.com","FioImma.local","TLSv1.2","101","Application Data"
"3787","53.881508","ab.chatgpt.com","FioImma.local","TLSv1.2","85","Application Data"
"3788","53.881572","FioImma.local","ab.chatgpt.com","TCP","54","54679  >  443 [ACK] Seq=239271 Ack=97147 Win=2051 Len=0"
"3789","53.922868","sa-in-f188.1e100.net","FioImma.local","TCP","66","[TCP Keep-Alive ACK] 5228  >  54584 [ACK] Seq=1 Ack=2 Win=290 Len=0 SLE=1 SRE=2"
"3790","53.922868","sa-in-f188.1e100.net","FioImma.local","TCP","66","[TCP Keep-Alive ACK] 5228  >  54585 [ACK] Seq=1 Ack=2 Win=290 Len=0 SLE=1 SRE=2"
"3791","53.945109","ab.chatgpt.com","FioImma.local","TLSv1.2","338","Application Data"
"3792","53.945109","ab.chatgpt.com","FioImma.local","TCP","1514","443  >  54679 [ACK] Seq=97431 Ack=239271 Win=64 Len=1460 [TCP PDU reassembled in 3793]"
"3793","53.945109","ab.chatgpt.com","FioImma.local","TLSv1.2","294","Application Data"
"3794","53.945109","ab.chatgpt.com","FioImma.local","TLSv1.2","85","Application Data"
"3795","53.945243","FioImma.local","ab.chatgpt.com","TCP","54","54679  >  443 [ACK] Seq=239271 Ack=99162 Win=2056 Len=0"
"3796","54.016103","FioImma.local","40.224.186.35.bc.googleusercontent.com","TLSv1.2","97","Application Data"
"3797","54.028397","40.224.186.35.bc.googleusercontent.com","FioImma.local","TCP","60","443  >  54517 [ACK] Seq=41 Ack=87 Win=290 Len=0"
"3798","54.039538","ab.chatgpt.com","FioImma.local","TCP","5894","443  >  54679 [ACK] Seq=99162 Ack=239271 Win=64 Len=5840 [TCP PDU reassembled in 3799]"
"3799","54.039538","ab.chatgpt.com","FioImma.local","TLSv1.2","544","Application Data"
"3800","54.039538","ab.chatgpt.com","FioImma.local","TLSv1.2","85","Application Data"
"3801","54.039605","FioImma.local","ab.chatgpt.com","TCP","54","54679  >  443 [ACK] Seq=239271 Ack=105523 Win=2056 Len=0"
"3802","54.077695","ab.chatgpt.com","FioImma.local","TLSv1.2","768","Application Data"
"3803","54.084121","FioImma.local","ab.chatgpt.com","TLSv1.2","89","Application Data"
"3804","54.094199","ab.chatgpt.com","FioImma.local","TLSv1.2","768","Application Data"
"3805","54.094266","FioImma.local","ab.chatgpt.com","TCP","54","54679  >  443 [ACK] Seq=239306 Ack=106951 Win=2056 Len=0"
"3806","54.108049","40.224.186.35.bc.googleusercontent.com","FioImma.local","TLSv1.2","94","Application Data"
"3807","54.150619","FioImma.local","40.224.186.35.bc.googleusercontent.com","TCP","54","54517  >  443 [ACK] Seq=87 Ack=81 Win=509 Len=0"
"3808","54.151301","ab.chatgpt.com","FioImma.local","TLSv1.2","768","Application Data"
"3809","54.174548","ab.chatgpt.com","FioImma.local","TLSv1.2","768","Application Data"
"3810","54.174624","FioImma.local","ab.chatgpt.com","TCP","54","54679  >  443 [ACK] Seq=239306 Ack=108379 Win=2056 Len=0"
"3811","54.225205","ab.chatgpt.com","FioImma.local","TLSv1.2","768","Application Data"
"3812","54.263614","FioImma.local","ec2-35-174-127-31.compute-1.amazonaws.com","TLSv1.2","297","Application Data"
"3813","54.278409","FioImma.local","ab.chatgpt.com","TCP","54","54679  >  443 [ACK] Seq=239306 Ack=109093 Win=2053 Len=0"
"3814","54.306163","ab.chatgpt.com","FioImma.local","TLSv1.2","800","Application Data"
"3815","54.329874","ab.chatgpt.com","FioImma.local","TLSv1.2","800","Application Data"
"3816","54.329947","FioImma.local","ab.chatgpt.com","TCP","54","54679  >  443 [ACK] Seq=239306 Ack=110585 Win=2056 Len=0"
"3817","54.356904","ab.chatgpt.com","FioImma.local","TLSv1.2","800","Application Data"
"3818","54.372443","ab.chatgpt.com","FioImma.local","TLSv1.2","800","Application Data"
"3819","54.372519","FioImma.local","ab.chatgpt.com","TCP","54","54679  >  443 [ACK] Seq=239306 Ack=112077 Win=2056 Len=0"
"3820","54.377907","ab.chatgpt.com","FioImma.local","TLSv1.2","832","Application Data"
"3821","54.422902","ab.chatgpt.com","FioImma.local","TLSv1.2","832","Application Data"
"3822","54.422978","FioImma.local","ab.chatgpt.com","TCP","54","54679  >  443 [ACK] Seq=239306 Ack=113633 Win=2056 Len=0"
"3823","54.439306","ab.chatgpt.com","FioImma.local","TLSv1.2","832","Application Data"
"3824","54.471782","ab.chatgpt.com","FioImma.local","TLSv1.2","832","Application Data"
"3825","54.471885","FioImma.local","ab.chatgpt.com","TCP","54","54679  >  443 [ACK] Seq=239306 Ack=115189 Win=2056 Len=0"
"3826","54.496658","ec2-35-174-127-31.compute-1.amazonaws.com","FioImma.local","TCP","60","443  >  54503 [ACK] Seq=799 Ack=1092 Win=808 Len=0"
"3827","54.496658","ec2-35-174-127-31.compute-1.amazonaws.com","FioImma.local","TLSv1.2","320","Application Data"
"3828","54.510858","ab.chatgpt.com","FioImma.local","TLSv1.2","832","Application Data"
"3829","54.536774","ab.chatgpt.com","FioImma.local","TLSv1.2","864","Application Data"
"3830","54.536865","FioImma.local","ab.chatgpt.com","TCP","54","54679  >  443 [ACK] Seq=239306 Ack=116777 Win=2056 Len=0"
"3831","54.543029","FioImma.local","ec2-35-174-127-31.compute-1.amazonaws.com","TCP","54","54503  >  443 [ACK] Seq=1092 Ack=1065 Win=510 Len=0"
"3832","54.576449","ab.chatgpt.com","FioImma.local","TLSv1.2","864","Application Data"
"3833","54.599824","ab.chatgpt.com","FioImma.local","TLSv1.2","864","Application Data"
"3834","54.599923","FioImma.local","ab.chatgpt.com","TCP","54","54679  >  443 [ACK] Seq=239306 Ack=118397 Win=2056 Len=0"
"3835","54.710360","FioImma.local","24.224.186.35.bc.googleusercontent.com","TCP","55","[TCP Keep-Alive] 54610  >  443 [ACK] Seq=1 Ack=1 Win=510 Len=1"
"3836","54.722849","24.224.186.35.bc.googleusercontent.com","FioImma.local","TCP","66","[TCP Keep-Alive ACK] 443  >  54610 [ACK] Seq=1 Ack=2 Win=489 Len=0 SLE=1 SRE=2"
"3837","54.774356","ab.chatgpt.com","FioImma.local","TLSv1.2","864","Application Data"
"3838","54.817091","FioImma.local","ab.chatgpt.com","TCP","54","54679  >  443 [ACK] Seq=239306 Ack=119207 Win=2053 Len=0"
"3839","54.863160","ab.chatgpt.com","FioImma.local","TLSv1.2","896","Application Data"
"3840","54.876162","ab.chatgpt.com","FioImma.local","TLSv1.2","896","Application Data"
"3841","54.876255","FioImma.local","ab.chatgpt.com","TCP","54","54679  >  443 [ACK] Seq=239306 Ack=120891 Win=2056 Len=0"
"3842","54.903466","ab.chatgpt.com","FioImma.local","TLSv1.2","896","Application Data"
"3843","54.915094","ab.chatgpt.com","FioImma.local","TLSv1.2","896","Application Data"
"3844","54.915195","FioImma.local","ab.chatgpt.com","TCP","54","54679  >  443 [ACK] Seq=239306 Ack=122575 Win=2056 Len=0"
"3845","54.927910","ab.chatgpt.com","FioImma.local","TLSv1.2","928","Application Data"
"3846","54.968446","ab.chatgpt.com","FioImma.local","TLSv1.2","928","Application Data"
"3847","54.968545","FioImma.local","ab.chatgpt.com","TCP","54","54679  >  443 [ACK] Seq=239306 Ack=124323 Win=2056 Len=0"
"3848","54.995238","ab.chatgpt.com","FioImma.local","TLSv1.2","928","Application Data"
"3849","55.005627","ab.chatgpt.com","FioImma.local","TLSv1.2","928","Application Data"
"3850","55.005690","FioImma.local","ab.chatgpt.com","TCP","54","54679  >  443 [ACK] Seq=239306 Ack=126071 Win=2056 Len=0"
"3851","55.019417","ab.chatgpt.com","FioImma.local","TLSv1.2","928","Application Data"
"3852","55.032755","ab.chatgpt.com","FioImma.local","TLSv1.2","960","Application Data"
"3853","55.032846","FioImma.local","ab.chatgpt.com","TCP","54","54679  >  443 [ACK] Seq=239306 Ack=127851 Win=2056 Len=0"
"3854","55.049561","ab.chatgpt.com","FioImma.local","TLSv1.2","960","Application Data"
"3855","55.087028","ab.chatgpt.com","FioImma.local","TLSv1.2","960","Application Data"
"3856","55.087116","FioImma.local","ab.chatgpt.com","TCP","54","54679  >  443 [ACK] Seq=239306 Ack=129663 Win=2056 Len=0"
"3857","55.118071","ab.chatgpt.com","FioImma.local","TLSv1.2","960","Application Data"
"3858","55.145092","ab.chatgpt.com","FioImma.local","TLSv1.2","992","Application Data"
"3859","55.145193","FioImma.local","ab.chatgpt.com","TCP","54","54679  >  443 [ACK] Seq=239306 Ack=131507 Win=2056 Len=0"
"3860","55.157270","ab.chatgpt.com","FioImma.local","TLSv1.2","992","Application Data"
"3861","55.212767","FioImma.local","ab.chatgpt.com","TCP","54","54679  >  443 [ACK] Seq=239306 Ack=132445 Win=2052 Len=0"
"3862","55.213428","ab.chatgpt.com","FioImma.local","TLSv1.2","992","Application Data"
"3863","55.232854","ab.chatgpt.com","FioImma.local","TLSv1.2","992","Application Data"
"3864","55.232921","FioImma.local","ab.chatgpt.com","TCP","54","54679  >  443 [ACK] Seq=239306 Ack=134321 Win=2056 Len=0"
"3865","55.259629","ab.chatgpt.com","FioImma.local","TLSv1.2","1024","Application Data"
"3866","55.271103","ab.chatgpt.com","FioImma.local","TLSv1.2","1024","Application Data"
"3867","55.271166","FioImma.local","ab.chatgpt.com","TCP","54","54679  >  443 [ACK] Seq=239306 Ack=136261 Win=2056 Len=0"
"3868","55.288786","ab.chatgpt.com","FioImma.local","TLSv1.2","1024","Application Data"
"3869","55.302635","ab.chatgpt.com","FioImma.local","TLSv1.2","1024","Application Data"
"3870","55.302714","FioImma.local","ab.chatgpt.com","TCP","54","54679  >  443 [ACK] Seq=239306 Ack=138201 Win=2056 Len=0"
"3871","55.333148","ab.chatgpt.com","FioImma.local","TLSv1.2","1024","Application Data"
"3872","55.355515","ab.chatgpt.com","FioImma.local","TLSv1.2","1056","Application Data"
"3873","55.355561","FioImma.local","ab.chatgpt.com","TCP","54","54679  >  443 [ACK] Seq=239306 Ack=140173 Win=2056 Len=0"
"3874","55.363079","ab.chatgpt.com","FioImma.local","TLSv1.2","1056","Application Data"
"3875","55.418010","FioImma.local","ab.chatgpt.com","TCP","54","54679  >  443 [ACK] Seq=239306 Ack=141175 Win=2052 Len=0"
"3876","55.425814","ab.chatgpt.com","FioImma.local","TLSv1.2","1056","Application Data"
"3877","55.442942","ab.chatgpt.com","FioImma.local","TLSv1.2","1056","Application Data"
"3878","55.443061","FioImma.local","ab.chatgpt.com","TCP","54","54679  >  443 [ACK] Seq=239306 Ack=143179 Win=2056 Len=0"
"3879","55.482550","ab.chatgpt.com","FioImma.local","TLSv1.2","1056","Application Data"
"3880","55.517203","ab.chatgpt.com","FioImma.local","TLSv1.2","1088","Application Data"
"3881","55.517306","FioImma.local","ab.chatgpt.com","TCP","54","54679  >  443 [ACK] Seq=239306 Ack=145215 Win=2056 Len=0"
"3882","55.587574","ab.chatgpt.com","FioImma.local","TLSv1.2","1088","Application Data"
"3883","55.640411","FioImma.local","ab.chatgpt.com","TCP","54","54679  >  443 [ACK] Seq=239306 Ack=146249 Win=2052 Len=0"
"3884","55.713543","ab.chatgpt.com","FioImma.local","TLSv1.2","1088","Application Data"
"3885","55.737862","ab.chatgpt.com","FioImma.local","TLSv1.2","1088","Application Data"
"3886","55.737958","FioImma.local","ab.chatgpt.com","TCP","54","54679  >  443 [ACK] Seq=239306 Ack=148317 Win=2056 Len=0"
"3887","55.748522","ab.chatgpt.com","FioImma.local","TLSv1.2","1088","Application Data"
"3888","55.773297","ab.chatgpt.com","FioImma.local","TLSv1.2","1088","Application Data"
"3889","55.773405","FioImma.local","ab.chatgpt.com","TCP","54","54679  >  443 [ACK] Seq=239306 Ack=150385 Win=2056 Len=0"
"3890","55.792103","ab.chatgpt.com","FioImma.local","TLSv1.2","1077","Application Data"
"3891","55.802072","ab.chatgpt.com","FioImma.local","TLSv1.2","1120","Application Data"
"3892","55.802111","FioImma.local","ab.chatgpt.com","TCP","54","54679  >  443 [ACK] Seq=239306 Ack=152474 Win=2056 Len=0"
"3893","55.820383","ab.chatgpt.com","FioImma.local","TLSv1.2","1120","Application Data"
"3894","55.834212","ab.chatgpt.com","FioImma.local","TLSv1.2","1120","Application Data"
"3895","55.834253","FioImma.local","ab.chatgpt.com","TCP","54","54679  >  443 [ACK] Seq=239306 Ack=154606 Win=2056 Len=0"
"3896","55.837750","ab.chatgpt.com","FioImma.local","TLSv1.2","1120","Application Data"
"3897","55.853638","ab.chatgpt.com","FioImma.local","TLSv1.2","1120","Application Data"
"3898","55.853716","FioImma.local","ab.chatgpt.com","TCP","54","54679  >  443 [ACK] Seq=239306 Ack=156738 Win=2056 Len=0"
"3899","55.880431","ab.chatgpt.com","FioImma.local","TLSv1.2","1120","Application Data"
"3900","55.887289","ab.chatgpt.com","FioImma.local","TLSv1.2","1152","Application Data"
"3901","55.887373","FioImma.local","ab.chatgpt.com","TCP","54","54679  >  443 [ACK] Seq=239306 Ack=158902 Win=2056 Len=0"
"3902","55.901145","ab.chatgpt.com","FioImma.local","TLSv1.2","1152","Application Data"
"3903","55.926646","ab.chatgpt.com","FioImma.local","TLSv1.2","1152","Application Data"
"3904","55.926747","FioImma.local","ab.chatgpt.com","TCP","54","54679  >  443 [ACK] Seq=239306 Ack=161098 Win=2056 Len=0"
"3905","55.975227","ab.chatgpt.com","FioImma.local","TLSv1.2","1184","Application Data"
"3906","56.016177","ab.chatgpt.com","FioImma.local","TLSv1.2","1184","Application Data"
"3907","56.016265","FioImma.local","ab.chatgpt.com","TCP","54","54679  >  443 [ACK] Seq=239306 Ack=163358 Win=2056 Len=0"
"3908","56.034191","ab.chatgpt.com","FioImma.local","TLSv1.2","1184","Application Data"
"3909","56.060987","ab.chatgpt.com","FioImma.local","TLSv1.2","1184","Application Data"
"3910","56.061075","FioImma.local","ab.chatgpt.com","TCP","54","54679  >  443 [ACK] Seq=239306 Ack=165618 Win=2056 Len=0"
"3911","56.066092","ab.chatgpt.com","FioImma.local","TLSv1.2","1184","Application Data"
"3912","56.080580","ab.chatgpt.com","FioImma.local","TLSv1.2","1184","Application Data"
"3913","56.080653","FioImma.local","ab.chatgpt.com","TCP","54","54679  >  443 [ACK] Seq=239306 Ack=167878 Win=2056 Len=0"
"3914","56.090066","ab.chatgpt.com","FioImma.local","TLSv1.2","1216","Application Data"
"3915","56.104577","ab.chatgpt.com","FioImma.local","TLSv1.2","1216","Application Data"
"3916","56.104689","FioImma.local","ab.chatgpt.com","TCP","54","54679  >  443 [ACK] Seq=239306 Ack=170202 Win=2056 Len=0"
"3917","56.122563","ab.chatgpt.com","FioImma.local","TLSv1.2","1216","Application Data"
"3918","56.126002","ab.chatgpt.com","FioImma.local","TLSv1.2","1216","Application Data"
"3919","56.126082","FioImma.local","ab.chatgpt.com","TCP","54","54679  >  443 [ACK] Seq=239306 Ack=172526 Win=2056 Len=0"
"3920","56.147025","ab.chatgpt.com","FioImma.local","TLSv1.2","1216","Application Data"
"3921","56.157804","ab.chatgpt.com","FioImma.local","TLSv1.2","1248","Application Data"
"3922","56.157901","FioImma.local","ab.chatgpt.com","TCP","54","54679  >  443 [ACK] Seq=239306 Ack=174882 Win=2056 Len=0"
"3923","56.180795","ab.chatgpt.com","FioImma.local","TLSv1.2","1248","Application Data"
"3924","56.203180","ab.chatgpt.com","FioImma.local","TLSv1.2","1248","Application Data"
"3925","56.203286","FioImma.local","ab.chatgpt.com","TCP","54","54679  >  443 [ACK] Seq=239306 Ack=177270 Win=2056 Len=0"
"3926","56.218190","ab.chatgpt.com","FioImma.local","TLSv1.2","1280","Application Data"
"3927","56.227750","ab.chatgpt.com","FioImma.local","TLSv1.2","1280","Application Data"
"3928","56.227836","FioImma.local","ab.chatgpt.com","TCP","54","54679  >  443 [ACK] Seq=239306 Ack=179722 Win=2056 Len=0"
"3929","56.239879","ab.chatgpt.com","FioImma.local","TLSv1.2","1280","Application Data"
"3930","56.257052","ab.chatgpt.com","FioImma.local","TLSv1.2","1280","Application Data"
"3931","56.257121","FioImma.local","ab.chatgpt.com","TCP","54","54679  >  443 [ACK] Seq=239306 Ack=182174 Win=2056 Len=0"
"3932","56.269038","FioImma.local","igmp.mcast.net","IGMPv3","54","Membership Report / Join group 239.255.255.250 for any sources"
"3933","56.270904","ab.chatgpt.com","FioImma.local","TLSv1.2","1280","Application Data"
"3934","56.284952","ab.chatgpt.com","FioImma.local","TLSv1.2","1312","Application Data"
"3935","56.285026","FioImma.local","ab.chatgpt.com","TCP","54","54679  >  443 [ACK] Seq=239306 Ack=184658 Win=2056 Len=0"
"3936","56.301879","ab.chatgpt.com","FioImma.local","TLSv1.2","1312","Application Data"
"3937","56.325259","ab.chatgpt.com","FioImma.local","TLSv1.2","1312","Application Data"
"3938","56.325335","FioImma.local","ab.chatgpt.com","TCP","54","54679  >  443 [ACK] Seq=239306 Ack=187174 Win=2056 Len=0"
"3939","56.335752","ab.chatgpt.com","FioImma.local","TLSv1.2","1312","Application Data"
"3940","56.346375","ab.chatgpt.com","FioImma.local","TLSv1.2","1344","Application Data"
"3941","56.346436","FioImma.local","ab.chatgpt.com","TCP","54","54679  >  443 [ACK] Seq=239306 Ack=189722 Win=2056 Len=0"
"3942","56.359401","ab.chatgpt.com","FioImma.local","TLSv1.2","1344","Application Data"
"3943","56.370914","ab.chatgpt.com","FioImma.local","TLSv1.2","1344","Application Data"
"3944","56.370983","FioImma.local","ab.chatgpt.com","TCP","54","54679  >  443 [ACK] Seq=239306 Ack=192302 Win=2056 Len=0"
"3945","56.380278","ab.chatgpt.com","FioImma.local","TLSv1.2","1344","Application Data"
"3946","56.391919","ab.chatgpt.com","FioImma.local","TLSv1.2","1344","Application Data"
"3947","56.392012","FioImma.local","ab.chatgpt.com","TCP","54","54679  >  443 [ACK] Seq=239306 Ack=194882 Win=2056 Len=0"
"3948","56.402092","ab.chatgpt.com","FioImma.local","TLSv1.2","2698","Application Data, Application Data"
"3949","56.402160","FioImma.local","ab.chatgpt.com","TCP","54","54679  >  443 [ACK] Seq=239306 Ack=197526 Win=2056 Len=0"
"3950","56.407363","ab.chatgpt.com","FioImma.local","TLSv1.2","1376","Application Data"
"3951","56.408705","ab.chatgpt.com","FioImma.local","TLSv1.2","1408","Application Data"
"3952","56.408736","FioImma.local","ab.chatgpt.com","TCP","54","54679  >  443 [ACK] Seq=239306 Ack=200202 Win=2056 Len=0"
"3953","56.415285","ab.chatgpt.com","FioImma.local","TLSv1.2","1408","Application Data"
"3954","56.435224","ab.chatgpt.com","FioImma.local","TLSv1.2","1408","Application Data"
"3955","56.435265","FioImma.local","ab.chatgpt.com","TCP","54","54679  >  443 [ACK] Seq=239306 Ack=202910 Win=2056 Len=0"
"3956","56.448614","ab.chatgpt.com","FioImma.local","TLSv1.2","1408","Application Data"
"3957","56.459834","ab.chatgpt.com","FioImma.local","TLSv1.2","1408","Application Data"
"3958","56.459885","FioImma.local","ab.chatgpt.com","TCP","54","54679  >  443 [ACK] Seq=239306 Ack=205618 Win=2056 Len=0"
"3959","56.507754","ab.chatgpt.com","FioImma.local","TCP","1514","443  >  54679 [ACK] Seq=205618 Ack=239306 Win=64 Len=1460 [TCP PDU reassembled in 3960]"
"3960","56.507754","ab.chatgpt.com","FioImma.local","TLSv1.2","1271","Application Data"
"3961","56.507754","ab.chatgpt.com","FioImma.local","TCP","1514","443  >  54679 [ACK] Seq=208295 Ack=239306 Win=64 Len=1460 [TCP PDU reassembled in 3964]"
"3962","56.507754","ab.chatgpt.com","FioImma.local","TCP","1514","443  >  54679 [ACK] Seq=209755 Ack=239306 Win=64 Len=1460 [TCP PDU reassembled in 3964]"
"3963","56.507754","ab.chatgpt.com","FioImma.local","TCP","1514","443  >  54679 [ACK] Seq=211215 Ack=239306 Win=64 Len=1460 [TCP PDU reassembled in 3964]"
"3964","56.507754","ab.chatgpt.com","FioImma.local","TLSv1.2","1029","Application Data"
"3965","56.507754","ab.chatgpt.com","FioImma.local","TLSv1.2","1440","Application Data"
"3966","56.507910","FioImma.local","ab.chatgpt.com","TCP","54","54679  >  443 [ACK] Seq=239306 Ack=215036 Win=2056 Len=0"
"3967","56.508873","ab.chatgpt.com","FioImma.local","TLSv1.2","1440","Application Data"
"3968","56.508935","FioImma.local","ab.chatgpt.com","TCP","54","54679  >  443 [ACK] Seq=239306 Ack=216422 Win=2050 Len=0"
"3969","56.520187","ab.chatgpt.com","FioImma.local","TLSv1.2","1440","Application Data"
"3970","56.539525","ab.chatgpt.com","FioImma.local","TLSv1.2","1440","Application Data"
"3971","56.539608","FioImma.local","ab.chatgpt.com","TCP","54","54679  >  443 [ACK] Seq=239306 Ack=219194 Win=2056 Len=0"
"3972","56.546994","ab.chatgpt.com","FioImma.local","TLSv1.2","1440","Application Data"
"3973","56.554390","ab.chatgpt.com","FioImma.local","TLSv1.2","1440","Application Data"
"3974","56.554446","FioImma.local","ab.chatgpt.com","TCP","54","54679  >  443 [ACK] Seq=239306 Ack=221966 Win=2056 Len=0"
"3975","56.599740","ab.chatgpt.com","FioImma.local","TLSv1.2","1440","Application Data"
"3976","56.624296","FioImma.local","maa03s41-in-f14.1e100.net","TCP","1466","54642  >  443 [ACK] Seq=14778 Ack=675 Win=509 Len=1412 [TCP PDU reassembled in 3977]"
"3977","56.624296","FioImma.local","maa03s41-in-f14.1e100.net","TLSv1.2","1036","Application Data"
"3978","56.624448","FioImma.local","maa03s41-in-f14.1e100.net","TCP","1466","54642  >  443 [ACK] Seq=17172 Ack=675 Win=509 Len=1412 [TCP PDU reassembled in 3981]"
"3979","56.624448","FioImma.local","maa03s41-in-f14.1e100.net","TCP","1466","54642  >  443 [ACK] Seq=18584 Ack=675 Win=509 Len=1412 [TCP PDU reassembled in 3981]"
"3980","56.624448","FioImma.local","maa03s41-in-f14.1e100.net","TCP","1466","54642  >  443 [ACK] Seq=19996 Ack=675 Win=509 Len=1412 [TCP PDU reassembled in 3981]"
"3981","56.624448","FioImma.local","maa03s41-in-f14.1e100.net","TLSv1.2","877","Application Data"
"3982","56.625018","ab.chatgpt.com","FioImma.local","TCP","1514","443  >  54679 [ACK] Seq=223352 Ack=239306 Win=64 Len=1460 [TCP PDU reassembled in 3983]"
"3983","56.625018","ab.chatgpt.com","FioImma.local","TLSv1.2","1367","Application Data"
"3984","56.625108","FioImma.local","ab.chatgpt.com","TCP","54","54679  >  443 [ACK] Seq=239306 Ack=226125 Win=2056 Len=0"
"3985","56.638542","maa03s41-in-f14.1e100.net","FioImma.local","TCP","60","443  >  54642 [ACK] Seq=675 Ack=16190 Win=2048 Len=0"
"3986","56.638542","maa03s41-in-f14.1e100.net","FioImma.local","TCP","60","443  >  54642 [ACK] Seq=675 Ack=17172 Win=2048 Len=0"
"3987","56.638542","maa03s41-in-f14.1e100.net","FioImma.local","TCP","60","443  >  54642 [ACK] Seq=675 Ack=18584 Win=2048 Len=0"
"3988","56.638542","maa03s41-in-f14.1e100.net","FioImma.local","TCP","60","443  >  54642 [ACK] Seq=675 Ack=19996 Win=2048 Len=0"
"3989","56.638542","maa03s41-in-f14.1e100.net","FioImma.local","TCP","60","443  >  54642 [ACK] Seq=675 Ack=21408 Win=2048 Len=0"
"3990","56.638542","maa03s41-in-f14.1e100.net","FioImma.local","TCP","60","443  >  54642 [ACK] Seq=675 Ack=22231 Win=2048 Len=0"
"3991","56.641055","ab.chatgpt.com","FioImma.local","TLSv1.2","1472","Application Data"
"3992","56.641100","FioImma.local","ab.chatgpt.com","TCP","54","54679  >  443 [ACK] Seq=239306 Ack=227543 Win=2056 Len=0"
"3993","56.649885","ab.chatgpt.com","FioImma.local","TLSv1.2","1472","Application Data"
"3994","56.661321","ab.chatgpt.com","FioImma.local","TLSv1.2","1472","Application Data"
"3995","56.661376","FioImma.local","ab.chatgpt.com","TCP","54","54679  >  443 [ACK] Seq=239306 Ack=230379 Win=2056 Len=0"
"3996","56.666493","ab.chatgpt.com","FioImma.local","TLSv1.2","1472","Application Data"
"3997","56.671553","ab.chatgpt.com","FioImma.local","TLSv1.2","1504","Application Data"
"3998","56.671626","FioImma.local","ab.chatgpt.com","TCP","54","54679  >  443 [ACK] Seq=239306 Ack=233247 Win=2056 Len=0"
"3999","56.700144","ab.chatgpt.com","FioImma.local","TLSv1.2","1504","Application Data"
"4000","56.706017","FioImma.local","mars.octa.edu","DNS","79","Standard query 0x6ed2 A clients4.google.com"
"4001","56.706289","FioImma.local","mars.octa.edu","DNS","79","Standard query 0x091b HTTPS clients4.google.com"
"4002","56.715182","ab.chatgpt.com","FioImma.local","TLSv1.2","1504","Application Data"
"4003","56.715277","FioImma.local","ab.chatgpt.com","TCP","54","54679  >  443 [ACK] Seq=239306 Ack=236147 Win=2056 Len=0"
"4004","56.731858","mars.octa.edu","FioImma.local","DNS","119","Standard query response 0x6ed2 A clients4.google.com CNAME clients.l.google.com A 142.250.182.110"
"4005","56.731858","mars.octa.edu","FioImma.local","DNS","153","Standard query response 0x091b HTTPS clients4.google.com CNAME clients.l.google.com SOA ns1.google.com"
"4006","56.732938","FioImma.local","clients.l.google.com","TCP","66","54865  >  443 [SYN] Seq=0 Win=64240 Len=0 MSS=1460 WS=256 SACK_PERM"
"4007","56.733902","ab.chatgpt.com","FioImma.local","TCP","4434","443  >  54679 [ACK] Seq=236147 Ack=239306 Win=64 Len=4380 [TCP PDU reassembled in 4008]"
"4008","56.733902","ab.chatgpt.com","FioImma.local","TLSv1.2","1370","Application Data"
"4009","56.733991","FioImma.local","ab.chatgpt.com","TCP","54","54679  >  443 [ACK] Seq=239306 Ack=241843 Win=2056 Len=0"
"4010","56.743143","ab.chatgpt.com","FioImma.local","TCP","1514","443  >  54679 [ACK] Seq=241843 Ack=239306 Win=64 Len=1460 [TCP PDU reassembled in 4011]"
"4011","56.743143","ab.chatgpt.com","FioImma.local","TLSv1.2","76","Application Data"
"4012","56.743143","ab.chatgpt.com","FioImma.local","TCP","1514","443  >  54679 [ACK] Seq=243325 Ack=239306 Win=64 Len=1460 [TCP PDU reassembled in 4013]"
"4013","56.743143","ab.chatgpt.com","FioImma.local","TLSv1.2","76","Application Data"
"4014","56.743240","FioImma.local","ab.chatgpt.com","TCP","54","54679  >  443 [ACK] Seq=239306 Ack=244807 Win=2056 Len=0"
"4015","56.747338","ab.chatgpt.com","FioImma.local","TCP","1514","443  >  54679 [ACK] Seq=244807 Ack=239306 Win=64 Len=1460 [TCP PDU reassembled in 4016]"
"4016","56.747338","ab.chatgpt.com","FioImma.local","TLSv1.2","76","Application Data"
"4017","56.747338","clients.l.google.com","FioImma.local","TCP","66","443  >  54865 [SYN, ACK] Seq=0 Ack=1 Win=65535 Len=0 MSS=1412 SACK_PERM WS=256"
"4018","56.747507","FioImma.local","ab.chatgpt.com","TCP","54","54679  >  443 [ACK] Seq=239306 Ack=246289 Win=2056 Len=0"
"4019","56.747552","FioImma.local","clients.l.google.com","TCP","54","54865  >  443 [ACK] Seq=1 Ack=1 Win=131072 Len=0"
"4020","56.748193","ab.chatgpt.com","FioImma.local","TCP","1514","443  >  54679 [ACK] Seq=246289 Ack=239306 Win=64 Len=1460 [TCP PDU reassembled in 4021]"
"4021","56.748193","ab.chatgpt.com","FioImma.local","TLSv1.2","76","Application Data"
"4022","56.748261","FioImma.local","ab.chatgpt.com","TCP","54","54679  >  443 [ACK] Seq=239306 Ack=247771 Win=2056 Len=0"
"4023","56.749900","FioImma.local","clients.l.google.com","TCP","1466","54865  >  443 [ACK] Seq=1 Ack=1 Win=131072 Len=1412 [TCP PDU reassembled in 4024]"
"4024","56.749900","FioImma.local","clients.l.google.com","TLSv1.3","862","Client Hello (SNI=clients4.google.com)"
"4025","56.760446","clients.l.google.com","FioImma.local","TCP","60","443  >  54865 [ACK] Seq=1 Ack=1413 Win=68608 Len=0"
"4026","56.760446","clients.l.google.com","FioImma.local","TCP","60","443  >  54865 [ACK] Seq=1 Ack=2221 Win=71424 Len=0"
"4027","56.763152","ab.chatgpt.com","FioImma.local","TCP","1514","443  >  54679 [ACK] Seq=247771 Ack=239306 Win=64 Len=1460 [TCP PDU reassembled in 4028]"
"4028","56.763152","ab.chatgpt.com","FioImma.local","TLSv1.2","76","Application Data"
"4029","56.763228","FioImma.local","ab.chatgpt.com","TCP","54","54679  >  443 [ACK] Seq=239306 Ack=249253 Win=2056 Len=0"
"4030","56.783499","ab.chatgpt.com","FioImma.local","TCP","1514","443  >  54679 [ACK] Seq=249253 Ack=239306 Win=64 Len=1460 [TCP PDU reassembled in 4031]"
"4031","56.783613","ab.chatgpt.com","FioImma.local","TLSv1.2","76","Application Data"
"4032","56.783641","FioImma.local","ab.chatgpt.com","TCP","54","54679  >  443 [ACK] Seq=239306 Ack=250735 Win=2056 Len=0"
"4033","56.789663","ab.chatgpt.com","FioImma.local","TCP","1514","443  >  54679 [ACK] Seq=250735 Ack=239306 Win=64 Len=1460 [TCP PDU reassembled in 4034]"
"4034","56.789663","ab.chatgpt.com","FioImma.local","TLSv1.2","76","Application Data"
"4035","56.789756","FioImma.local","ab.chatgpt.com","TCP","54","54679  >  443 [ACK] Seq=239306 Ack=252217 Win=2056 Len=0"
"4036","56.793066","clients.l.google.com","FioImma.local","TLSv1.3","1466","Server Hello, Change Cipher Spec"
"4037","56.793066","clients.l.google.com","FioImma.local","TLSv1.3","110","Application Data"
"4038","56.793146","FioImma.local","clients.l.google.com","TCP","54","54865  >  443 [ACK] Seq=2221 Ack=1469 Win=131072 Len=0"
"4039","56.799066","FioImma.local","clients.l.google.com","TLSv1.3","128","Change Cipher Spec, Application Data"
"4040","56.799435","FioImma.local","clients.l.google.com","TLSv1.3","146","Application Data"
"4041","56.799612","FioImma.local","clients.l.google.com","TLSv1.3","772","Application Data"
"4042","56.799673","FioImma.local","clients.l.google.com","TLSv1.3","597","Application Data"
"4043","56.809776","ab.chatgpt.com","FioImma.local","TCP","1514","443  >  54679 [ACK] Seq=252217 Ack=239306 Win=64 Len=1460 [TCP PDU reassembled in 4044]"
"4044","56.809776","ab.chatgpt.com","FioImma.local","TLSv1.2","76","Application Data"
"4045","56.809776","clients.l.google.com","FioImma.local","TLSv1.3","1022","Application Data, Application Data"
"4046","56.809776","clients.l.google.com","FioImma.local","TLSv1.3","85","Application Data"
"4047","56.809776","clients.l.google.com","FioImma.local","TCP","60","443  >  54865 [ACK] Seq=2468 Ack=3648 Win=77056 Len=0"
"4048","56.809859","FioImma.local","ab.chatgpt.com","TCP","54","54679  >  443 [ACK] Seq=239306 Ack=253699 Win=2056 Len=0"
"4049","56.809885","FioImma.local","clients.l.google.com","TCP","54","54865  >  443 [ACK] Seq=3648 Ack=2468 Win=130304 Len=0"
"4050","56.810283","FioImma.local","clients.l.google.com","TLSv1.3","85","Application Data"
"4051","56.816029","ab.chatgpt.com","FioImma.local","TCP","1514","443  >  54679 [ACK] Seq=253699 Ack=239306 Win=64 Len=1460 [TCP PDU reassembled in 4052]"
"4052","56.816029","ab.chatgpt.com","FioImma.local","TLSv1.2","76","Application Data"
"4053","56.816078","FioImma.local","ab.chatgpt.com","TCP","54","54679  >  443 [ACK] Seq=239306 Ack=255181 Win=2056 Len=0"
"4054","56.826711","ab.chatgpt.com","FioImma.local","TCP","1514","443  >  54679 [ACK] Seq=255181 Ack=239306 Win=64 Len=1460 [TCP PDU reassembled in 4055]"
"4055","56.826711","ab.chatgpt.com","FioImma.local","TLSv1.2","108","Application Data"
"4056","56.826771","FioImma.local","ab.chatgpt.com","TCP","54","54679  >  443 [ACK] Seq=239306 Ack=256695 Win=2056 Len=0"
"4057","56.826977","clients.l.google.com","FioImma.local","TCP","60","443  >  54865 [ACK] Seq=2468 Ack=3679 Win=77056 Len=0"
"4058","56.842960","ab.chatgpt.com","FioImma.local","TCP","1514","443  >  54679 [ACK] Seq=256695 Ack=239306 Win=64 Len=1460 [TCP PDU reassembled in 4059]"
"4059","56.842960","ab.chatgpt.com","FioImma.local","TLSv1.2","108","Application Data"
"4060","56.843039","FioImma.local","ab.chatgpt.com","TCP","54","54679  >  443 [ACK] Seq=239306 Ack=258209 Win=2056 Len=0"
"4061","56.845633","ab.chatgpt.com","FioImma.local","TCP","1514","443  >  54679 [ACK] Seq=258209 Ack=239306 Win=64 Len=1460 [TCP PDU reassembled in 4062]"
"4062","56.845633","ab.chatgpt.com","FioImma.local","TLSv1.2","108","Application Data"
"4063","56.845698","FioImma.local","ab.chatgpt.com","TCP","54","54679  >  443 [ACK] Seq=239306 Ack=259723 Win=2056 Len=0"
"4064","56.848531","maa03s41-in-f14.1e100.net","FioImma.local","TLSv1.2","610","Application Data"
"4065","56.848531","maa03s41-in-f14.1e100.net","FioImma.local","TLSv1.2","1289","Application Data"
"4066","56.848531","maa03s41-in-f14.1e100.net","FioImma.local","TLSv1.2","85","Application Data"
"4067","56.848531","maa03s41-in-f14.1e100.net","FioImma.local","TLSv1.2","93","Application Data"
"4068","56.848622","FioImma.local","maa03s41-in-f14.1e100.net","TCP","54","54642  >  443 [ACK] Seq=22231 Ack=2536 Win=512 Len=0"
"4069","56.850008","FioImma.local","maa03s41-in-f14.1e100.net","TLSv1.2","89","Application Data"
"4070","56.850050","FioImma.local","maa03s41-in-f14.1e100.net","TLSv1.2","93","Application Data"
"4071","56.855467","ab.chatgpt.com","FioImma.local","TCP","1514","443  >  54679 [ACK] Seq=259723 Ack=239306 Win=64 Len=1460 [TCP PDU reassembled in 4072]"
"4072","56.855467","ab.chatgpt.com","FioImma.local","TLSv1.2","108","Application Data"
"4073","56.855514","FioImma.local","ab.chatgpt.com","TCP","54","54679  >  443 [ACK] Seq=239306 Ack=261237 Win=2056 Len=0"
"4074","56.858492","maa03s41-in-f14.1e100.net","FioImma.local","TCP","60","443  >  54642 [ACK] Seq=2536 Ack=22266 Win=2048 Len=0"
"4075","56.858492","maa03s41-in-f14.1e100.net","FioImma.local","TCP","60","443  >  54642 [ACK] Seq=2536 Ack=22305 Win=2048 Len=0"
"4076","56.862044","ab.chatgpt.com","FioImma.local","TCP","1514","443  >  54679 [ACK] Seq=261237 Ack=239306 Win=64 Len=1460 [TCP PDU reassembled in 4077]"
"4077","56.862095","ab.chatgpt.com","FioImma.local","TLSv1.2","108","Application Data"
"4078","56.862108","FioImma.local","ab.chatgpt.com","TCP","54","54679  >  443 [ACK] Seq=239306 Ack=262751 Win=2056 Len=0"
"4079","56.876112","ab.chatgpt.com","FioImma.local","TCP","1514","443  >  54679 [ACK] Seq=262751 Ack=239306 Win=64 Len=1460 [TCP PDU reassembled in 4080]"
"4080","56.876867","ab.chatgpt.com","FioImma.local","TLSv1.2","108","Application Data"
"4081","56.876899","FioImma.local","ab.chatgpt.com","TCP","54","54679  >  443 [ACK] Seq=239306 Ack=264265 Win=2056 Len=0"
"4082","56.885879","ab.chatgpt.com","FioImma.local","TCP","1514","443  >  54679 [ACK] Seq=264265 Ack=239306 Win=64 Len=1460 [TCP PDU reassembled in 4083]"
"4083","56.885879","ab.chatgpt.com","FioImma.local","TLSv1.2","108","Application Data"
"4084","56.885930","FioImma.local","ab.chatgpt.com","TCP","54","54679  >  443 [ACK] Seq=239306 Ack=265779 Win=2056 Len=0"
"4085","56.887352","ab.chatgpt.com","FioImma.local","TCP","1514","443  >  54679 [ACK] Seq=265779 Ack=239306 Win=64 Len=1460 [TCP PDU reassembled in 4086]"
"4086","56.887352","ab.chatgpt.com","FioImma.local","TLSv1.2","108","Application Data"
"4087","56.887429","FioImma.local","ab.chatgpt.com","TCP","54","54679  >  443 [ACK] Seq=239306 Ack=267293 Win=2056 Len=0"
"4088","56.899942","ab.chatgpt.com","FioImma.local","TCP","1514","443  >  54679 [ACK] Seq=267293 Ack=239306 Win=64 Len=1460 [TCP PDU reassembled in 4089]"
"4089","56.899942","ab.chatgpt.com","FioImma.local","TLSv1.2","108","Application Data"
"4090","56.900019","FioImma.local","ab.chatgpt.com","TCP","54","54679  >  443 [ACK] Seq=239306 Ack=268807 Win=2056 Len=0"
"4091","56.921072","ab.chatgpt.com","FioImma.local","TCP","1514","443  >  54679 [ACK] Seq=268807 Ack=239306 Win=64 Len=1460 [TCP PDU reassembled in 4092]"
"4092","56.921072","ab.chatgpt.com","FioImma.local","TLSv1.2","97","Application Data"
"4093","56.921137","FioImma.local","ab.chatgpt.com","TCP","54","54679  >  443 [ACK] Seq=239306 Ack=270310 Win=2056 Len=0"
"4094","56.937314","ab.chatgpt.com","FioImma.local","TCP","1514","443  >  54679 [ACK] Seq=270310 Ack=239306 Win=64 Len=1460 [TCP PDU reassembled in 4095]"
"4095","56.937314","ab.chatgpt.com","FioImma.local","TLSv1.2","140","Application Data"
"4096","56.937314","ab.chatgpt.com","FioImma.local","TCP","1514","443  >  54679 [ACK] Seq=271856 Ack=239306 Win=64 Len=1460 [TCP PDU reassembled in 4097]"
"4097","56.937314","ab.chatgpt.com","FioImma.local","TLSv1.2","140","Application Data"
"4098","56.937397","FioImma.local","ab.chatgpt.com","TCP","54","54679  >  443 [ACK] Seq=239306 Ack=273402 Win=2056 Len=0"
"4099","56.954568","ab.chatgpt.com","FioImma.local","TCP","1514","443  >  54679 [ACK] Seq=273402 Ack=239306 Win=64 Len=1460 [TCP PDU reassembled in 4100]"
"4100","56.954568","ab.chatgpt.com","FioImma.local","TLSv1.2","140","Application Data"
"4101","56.954647","FioImma.local","ab.chatgpt.com","TCP","54","54679  >  443 [ACK] Seq=239306 Ack=274948 Win=2056 Len=0"
"4102","56.960984","ab.chatgpt.com","FioImma.local","TCP","1514","443  >  54679 [ACK] Seq=274948 Ack=239306 Win=64 Len=1460 [TCP PDU reassembled in 4103]"
"4103","56.960984","ab.chatgpt.com","FioImma.local","TLSv1.2","140","Application Data"
"4104","56.961089","FioImma.local","ab.chatgpt.com","TCP","54","54679  >  443 [ACK] Seq=239306 Ack=276494 Win=2056 Len=0"
"4105","56.976045","ab.chatgpt.com","FioImma.local","TCP","1514","443  >  54679 [ACK] Seq=276494 Ack=239306 Win=64 Len=1460 [TCP PDU reassembled in 4106]"
"4106","56.976045","ab.chatgpt.com","FioImma.local","TLSv1.2","140","Application Data"
"4107","56.976124","FioImma.local","ab.chatgpt.com","TCP","54","54679  >  443 [ACK] Seq=239306 Ack=278040 Win=2056 Len=0"
"4108","56.991869","ab.chatgpt.com","FioImma.local","TCP","1514","443  >  54679 [ACK] Seq=278040 Ack=239306 Win=64 Len=1460 [TCP PDU reassembled in 4109]"
"4109","56.991869","ab.chatgpt.com","FioImma.local","TLSv1.2","140","Application Data"
"4110","56.991954","FioImma.local","ab.chatgpt.com","TCP","54","54679  >  443 [ACK] Seq=239306 Ack=279586 Win=2056 Len=0"
"4111","57.004822","ab.chatgpt.com","FioImma.local","TCP","1514","443  >  54679 [ACK] Seq=279586 Ack=239306 Win=64 Len=1460 [TCP PDU reassembled in 4112]"
"4112","57.004822","ab.chatgpt.com","FioImma.local","TLSv1.2","140","Application Data"
"4113","57.004911","FioImma.local","ab.chatgpt.com","TCP","54","54679  >  443 [ACK] Seq=239306 Ack=281132 Win=2056 Len=0"
"4114","57.010939","ab.chatgpt.com","FioImma.local","TCP","1514","443  >  54679 [ACK] Seq=281132 Ack=239306 Win=64 Len=1460 [TCP PDU reassembled in 4115]"
"4115","57.010939","ab.chatgpt.com","FioImma.local","TLSv1.2","140","Application Data"
"4116","57.010992","FioImma.local","ab.chatgpt.com","TCP","54","54679  >  443 [ACK] Seq=239306 Ack=282678 Win=2056 Len=0"
"4117","57.018516","ab.chatgpt.com","FioImma.local","TCP","1514","443  >  54679 [ACK] Seq=282678 Ack=239306 Win=64 Len=1460 [TCP PDU reassembled in 4118]"
"4118","57.020130","ab.chatgpt.com","FioImma.local","TLSv1.2","140","Application Data"
"4119","57.020184","FioImma.local","ab.chatgpt.com","TCP","54","54679  >  443 [ACK] Seq=239306 Ack=284224 Win=2056 Len=0"
"4120","57.035929","ab.chatgpt.com","FioImma.local","TCP","1514","443  >  54679 [ACK] Seq=284224 Ack=239306 Win=64 Len=1460 [TCP PDU reassembled in 4121]"
"4121","57.035929","ab.chatgpt.com","FioImma.local","TLSv1.2","140","Application Data"
"4122","57.036067","FioImma.local","ab.chatgpt.com","TCP","54","54679  >  443 [ACK] Seq=239306 Ack=285770 Win=2056 Len=0"
"4123","57.056662","ab.chatgpt.com","FioImma.local","TCP","1514","443  >  54679 [ACK] Seq=285770 Ack=239306 Win=64 Len=1460 [TCP PDU reassembled in 4124]"
"4124","57.056662","ab.chatgpt.com","FioImma.local","TLSv1.2","172","Application Data"
"4125","57.056760","FioImma.local","ab.chatgpt.com","TCP","54","54679  >  443 [ACK] Seq=239306 Ack=287348 Win=2056 Len=0"
"4126","57.077229","ab.chatgpt.com","FioImma.local","TCP","2974","443  >  54679 [ACK] Seq=287348 Ack=239306 Win=64 Len=2920 [TCP PDU reassembled in 4127]"
"4127","57.077229","ab.chatgpt.com","FioImma.local","TLSv1.2","259","Application Data"
"4128","57.077319","FioImma.local","ab.chatgpt.com","TCP","54","54679  >  443 [ACK] Seq=239306 Ack=290473 Win=2056 Len=0"
"4129","57.079015","clients.l.google.com","FioImma.local","TLSv1.3","438","Application Data"
"4130","57.079015","clients.l.google.com","FioImma.local","TLSv1.3","728","Application Data"
"4131","57.079015","clients.l.google.com","FioImma.local","TLSv1.3","218","Application Data"
"4132","57.079015","clients.l.google.com","FioImma.local","TLSv1.3","85","Application Data"
"4133","57.079015","clients.l.google.com","FioImma.local","TLSv1.3","93","Application Data"
"4134","57.079101","FioImma.local","clients.l.google.com","TCP","54","54865  >  443 [ACK] Seq=3679 Ack=3760 Win=131072 Len=0"
"4135","57.080459","FioImma.local","clients.l.google.com","TLSv1.3","93","Application Data"
"4136","57.080611","ab.chatgpt.com","FioImma.local","TCP","1514","443  >  54679 [ACK] Seq=290473 Ack=239306 Win=64 Len=1460 [TCP PDU reassembled in 4137]"
"4137","57.080611","ab.chatgpt.com","FioImma.local","TLSv1.2","172","Application Data"
"4138","57.080664","FioImma.local","ab.chatgpt.com","TCP","54","54679  >  443 [ACK] Seq=239306 Ack=292051 Win=2056 Len=0"
"4139","57.083180","ab.chatgpt.com","FioImma.local","TCP","1514","443  >  54679 [ACK] Seq=292051 Ack=239306 Win=64 Len=1460 [TCP PDU reassembled in 4141]"
"4140","57.083236","FioImma.local","ab.chatgpt.com","TCP","54","54679  >  443 [ACK] Seq=239306 Ack=293511 Win=2056 Len=0"
"4141","57.084910","ab.chatgpt.com","FioImma.local","TLSv1.2","172","Application Data"
"4142","57.088892","clients.l.google.com","FioImma.local","TCP","60","443  >  54865 [ACK] Seq=3760 Ack=3718 Win=77056 Len=0"
"4143","57.090929","ab.chatgpt.com","FioImma.local","TCP","1514","443  >  54679 [ACK] Seq=293629 Ack=239306 Win=64 Len=1460 [TCP PDU reassembled in 4144]"
"4144","57.090929","ab.chatgpt.com","FioImma.local","TLSv1.2","172","Application Data"
"4145","57.090929","ab.chatgpt.com","FioImma.local","TCP","1514","443  >  54679 [ACK] Seq=295207 Ack=239306 Win=64 Len=1460 [TCP PDU reassembled in 4146]"
"4146","57.090929","ab.chatgpt.com","FioImma.local","TLSv1.2","172","Application Data"
"4147","57.090977","FioImma.local","ab.chatgpt.com","TCP","54","54679  >  443 [ACK] Seq=239306 Ack=296785 Win=2056 Len=0"
"4148","57.094175","ab.chatgpt.com","FioImma.local","TCP","1514","443  >  54679 [ACK] Seq=296785 Ack=239306 Win=64 Len=1460 [TCP PDU reassembled in 4149]"
"4149","57.094175","ab.chatgpt.com","FioImma.local","TLSv1.2","172","Application Data"
"4150","57.094216","FioImma.local","ab.chatgpt.com","TCP","54","54679  >  443 [ACK] Seq=239306 Ack=298363 Win=2056 Len=0"
"4151","57.097143","ab.chatgpt.com","FioImma.local","TCP","1514","443  >  54679 [ACK] Seq=298363 Ack=239306 Win=64 Len=1460 [TCP PDU reassembled in 4152]"
"4152","57.097143","ab.chatgpt.com","FioImma.local","TLSv1.2","172","Application Data"
"4153","57.097192","FioImma.local","ab.chatgpt.com","TCP","54","54679  >  443 [ACK] Seq=239306 Ack=299941 Win=2056 Len=0"
"4154","57.112187","ab.chatgpt.com","FioImma.local","TCP","4434","443  >  54679 [ACK] Seq=299941 Ack=239306 Win=64 Len=4380 [TCP PDU reassembled in 4155]"
"4155","57.112187","ab.chatgpt.com","FioImma.local","TLSv1.2","346","Application Data"
"4156","57.112266","FioImma.local","ab.chatgpt.com","TCP","54","54679  >  443 [ACK] Seq=239306 Ack=304613 Win=2056 Len=0"
"4157","57.121480","FioImma.local","ab.chatgpt.com","TLSv1.2","89","Application Data"
"4158","57.124549","ab.chatgpt.com","FioImma.local","TCP","1514","443  >  54679 [ACK] Seq=304613 Ack=239306 Win=64 Len=1460 [TCP PDU reassembled in 4159]"
"4159","57.124549","ab.chatgpt.com","FioImma.local","TLSv1.2","172","Application Data"
"4160","57.124623","FioImma.local","ab.chatgpt.com","TCP","54","54679  >  443 [ACK] Seq=239341 Ack=306191 Win=2056 Len=0"
"4161","57.143384","ab.chatgpt.com","FioImma.local","TCP","1514","443  >  54679 [ACK] Seq=306191 Ack=239306 Win=64 Len=1460 [TCP PDU reassembled in 4162]"
"4162","57.143384","ab.chatgpt.com","FioImma.local","TLSv1.2","172","Application Data"
"4163","57.143450","FioImma.local","ab.chatgpt.com","TCP","54","54679  >  443 [ACK] Seq=239341 Ack=307769 Win=2056 Len=0"
"4164","57.155950","ab.chatgpt.com","FioImma.local","TCP","1514","443  >  54679 [ACK] Seq=307769 Ack=239306 Win=64 Len=1460 [TCP PDU reassembled in 4165]"
"4165","57.155950","ab.chatgpt.com","FioImma.local","TLSv1.2","161","Application Data"
"4166","57.156015","FioImma.local","ab.chatgpt.com","TCP","54","54679  >  443 [ACK] Seq=239341 Ack=309336 Win=2056 Len=0"
"4167","57.162233","ab.chatgpt.com","FioImma.local","TCP","1514","443  >  54679 [ACK] Seq=309336 Ack=239341 Win=64 Len=1460 [TCP PDU reassembled in 4168]"
"4168","57.162233","ab.chatgpt.com","FioImma.local","TLSv1.2","204","Application Data"
"4169","57.162392","FioImma.local","ab.chatgpt.com","TCP","54","54679  >  443 [ACK] Seq=239341 Ack=310946 Win=2056 Len=0"
"4170","57.168780","ab.chatgpt.com","FioImma.local","TCP","1514","443  >  54679 [ACK] Seq=310946 Ack=239341 Win=64 Len=1460 [TCP PDU reassembled in 4171]"
"4171","57.168780","ab.chatgpt.com","FioImma.local","TLSv1.2","204","Application Data"
"4172","57.168840","FioImma.local","ab.chatgpt.com","TCP","54","54679  >  443 [ACK] Seq=239341 Ack=312556 Win=2056 Len=0"
"4173","57.177992","ab.chatgpt.com","FioImma.local","TCP","1514","443  >  54679 [ACK] Seq=312556 Ack=239341 Win=64 Len=1460 [TCP PDU reassembled in 4174]"
"4174","57.177992","ab.chatgpt.com","FioImma.local","TLSv1.2","204","Application Data"
"4175","57.178076","FioImma.local","ab.chatgpt.com","TCP","54","54679  >  443 [ACK] Seq=239341 Ack=314166 Win=2056 Len=0"
"4176","57.181520","ab.chatgpt.com","FioImma.local","TCP","1514","443  >  54679 [ACK] Seq=314166 Ack=239341 Win=64 Len=1460 [TCP PDU reassembled in 4177]"
"4177","57.183367","ab.chatgpt.com","FioImma.local","TLSv1.2","204","Application Data"
"4178","57.183421","FioImma.local","ab.chatgpt.com","TCP","54","54679  >  443 [ACK] Seq=239341 Ack=315776 Win=2056 Len=0"
"4179","57.223909","ab.chatgpt.com","FioImma.local","TCP","1514","443  >  54679 [ACK] Seq=315776 Ack=239341 Win=64 Len=1460 [TCP PDU reassembled in 4180]"
"4180","57.223909","ab.chatgpt.com","FioImma.local","TLSv1.2","204","Application Data"
"4181","57.224011","FioImma.local","ab.chatgpt.com","TCP","54","54679  >  443 [ACK] Seq=239341 Ack=317386 Win=2056 Len=0"
"4182","57.225972","ab.chatgpt.com","FioImma.local","TCP","1514","443  >  54679 [ACK] Seq=317386 Ack=239341 Win=64 Len=1460 [TCP PDU reassembled in 4183]"
"4183","57.225972","ab.chatgpt.com","FioImma.local","TLSv1.2","204","Application Data"
"4184","57.226036","FioImma.local","ab.chatgpt.com","TCP","54","54679  >  443 [ACK] Seq=239341 Ack=318996 Win=2056 Len=0"
"4185","57.234760","ab.chatgpt.com","FioImma.local","TCP","1514","443  >  54679 [ACK] Seq=318996 Ack=239341 Win=64 Len=1460 [TCP PDU reassembled in 4186]"
"4186","57.234760","ab.chatgpt.com","FioImma.local","TLSv1.2","204","Application Data"
"4187","57.234861","FioImma.local","ab.chatgpt.com","TCP","54","54679  >  443 [ACK] Seq=239341 Ack=320606 Win=2056 Len=0"
"4188","57.243245","ab.chatgpt.com","FioImma.local","TCP","1514","443  >  54679 [ACK] Seq=320606 Ack=239341 Win=64 Len=1460 [TCP PDU reassembled in 4189]"
"4189","57.243245","ab.chatgpt.com","FioImma.local","TLSv1.2","204","Application Data"
"4190","57.243330","FioImma.local","ab.chatgpt.com","TCP","54","54679  >  443 [ACK] Seq=239341 Ack=322216 Win=2056 Len=0"
"4191","57.253910","ab.chatgpt.com","FioImma.local","TCP","1514","443  >  54679 [ACK] Seq=322216 Ack=239341 Win=64 Len=1460 [TCP PDU reassembled in 4192]"
"4192","57.253910","ab.chatgpt.com","FioImma.local","TLSv1.2","204","Application Data"
"4193","57.253989","FioImma.local","ab.chatgpt.com","TCP","54","54679  >  443 [ACK] Seq=239341 Ack=323826 Win=2056 Len=0"
"4194","57.258135","ab.chatgpt.com","FioImma.local","TCP","1514","443  >  54679 [ACK] Seq=323826 Ack=239341 Win=64 Len=1460 [TCP PDU reassembled in 4195]"
"4195","57.258942","ab.chatgpt.com","FioImma.local","TLSv1.2","204","Application Data"
"4196","57.258994","FioImma.local","ab.chatgpt.com","TCP","54","54679  >  443 [ACK] Seq=239341 Ack=325436 Win=2056 Len=0"
"4197","57.266999","ab.chatgpt.com","FioImma.local","TCP","1514","443  >  54679 [ACK] Seq=325436 Ack=239341 Win=64 Len=1460 [TCP PDU reassembled in 4198]"
"4198","57.266999","ab.chatgpt.com","FioImma.local","TLSv1.2","204","Application Data"
"4199","57.267073","FioImma.local","ab.chatgpt.com","TCP","54","54679  >  443 [ACK] Seq=239341 Ack=327046 Win=2056 Len=0"
"4200","57.269178","ab.chatgpt.com","FioImma.local","TCP","1514","443  >  54679 [ACK] Seq=327046 Ack=239341 Win=64 Len=1460 [TCP PDU reassembled in 4201]"
"4201","57.269178","ab.chatgpt.com","FioImma.local","TLSv1.2","204","Application Data"
"4202","57.269241","FioImma.local","ab.chatgpt.com","TCP","54","54679  >  443 [ACK] Seq=239341 Ack=328656 Win=2056 Len=0"
"4203","57.278012","ab.chatgpt.com","FioImma.local","TCP","1514","443  >  54679 [ACK] Seq=328656 Ack=239341 Win=64 Len=1460 [TCP PDU reassembled in 4204]"
"4204","57.278012","ab.chatgpt.com","FioImma.local","TLSv1.2","204","Application Data"
"4205","57.278063","FioImma.local","ab.chatgpt.com","TCP","54","54679  >  443 [ACK] Seq=239341 Ack=330266 Win=2056 Len=0"
"4206","57.283529","ab.chatgpt.com","FioImma.local","TCP","1514","443  >  54679 [ACK] Seq=330266 Ack=239341 Win=64 Len=1460 [TCP PDU reassembled in 4207]"
"4207","57.283529","ab.chatgpt.com","FioImma.local","TLSv1.2","193","Application Data"
"4208","57.283593","FioImma.local","ab.chatgpt.com","TCP","54","54679  >  443 [ACK] Seq=239341 Ack=331865 Win=2056 Len=0"
"4209","57.292515","ab.chatgpt.com","FioImma.local","TCP","1514","443  >  54679 [ACK] Seq=331865 Ack=239341 Win=64 Len=1460 [TCP PDU reassembled in 4210]"
"4210","57.292515","ab.chatgpt.com","FioImma.local","TLSv1.2","236","Application Data"
"4211","57.292572","FioImma.local","ab.chatgpt.com","TCP","54","54679  >  443 [ACK] Seq=239341 Ack=333507 Win=2056 Len=0"
"4212","57.309387","ab.chatgpt.com","FioImma.local","TCP","1514","443  >  54679 [ACK] Seq=333507 Ack=239341 Win=64 Len=1460 [TCP PDU reassembled in 4213]"
"4213","57.310791","ab.chatgpt.com","FioImma.local","TLSv1.2","236","Application Data"
"4214","57.310861","FioImma.local","ab.chatgpt.com","TCP","54","54679  >  443 [ACK] Seq=239341 Ack=335149 Win=2056 Len=0"
"4215","57.313890","ab.chatgpt.com","FioImma.local","TCP","1514","443  >  54679 [ACK] Seq=335149 Ack=239341 Win=64 Len=1460 [TCP PDU reassembled in 4216]"
"4216","57.313890","ab.chatgpt.com","FioImma.local","TLSv1.2","236","Application Data"
"4217","57.313950","FioImma.local","ab.chatgpt.com","TCP","54","54679  >  443 [ACK] Seq=239341 Ack=336791 Win=2056 Len=0"
"4218","57.316233","ab.chatgpt.com","FioImma.local","TCP","1514","443  >  54679 [ACK] Seq=336791 Ack=239341 Win=64 Len=1460 [TCP PDU reassembled in 4219]"
"4219","57.316233","ab.chatgpt.com","FioImma.local","TLSv1.2","236","Application Data"
"4220","57.316233","ab.chatgpt.com","FioImma.local","TCP","1514","443  >  54679 [ACK] Seq=338433 Ack=239341 Win=64 Len=1460 [TCP PDU reassembled in 4221]"
"4221","57.316233","ab.chatgpt.com","FioImma.local","TLSv1.2","236","Application Data"
"4222","57.316279","FioImma.local","ab.chatgpt.com","TCP","54","54679  >  443 [ACK] Seq=239341 Ack=340075 Win=2056 Len=0"
"4223","57.320588","ab.chatgpt.com","FioImma.local","TCP","1514","443  >  54679 [ACK] Seq=340075 Ack=239341 Win=64 Len=1460 [TCP PDU reassembled in 4224]"
"4224","57.320588","ab.chatgpt.com","FioImma.local","TLSv1.2","236","Application Data"
"4225","57.320626","FioImma.local","ab.chatgpt.com","TCP","54","54679  >  443 [ACK] Seq=239341 Ack=341717 Win=2056 Len=0"
"4226","57.325952","ab.chatgpt.com","FioImma.local","TCP","1514","443  >  54679 [ACK] Seq=341717 Ack=239341 Win=64 Len=1460 [TCP PDU reassembled in 4227]"
"4227","57.325952","ab.chatgpt.com","FioImma.local","TLSv1.2","236","Application Data"
"4228","57.325987","FioImma.local","ab.chatgpt.com","TCP","54","54679  >  443 [ACK] Seq=239341 Ack=343359 Win=2056 Len=0"
"4229","57.328768","ab.chatgpt.com","FioImma.local","TCP","1514","443  >  54679 [ACK] Seq=343359 Ack=239341 Win=64 Len=1460 [TCP PDU reassembled in 4230]"
"4230","57.328768","ab.chatgpt.com","FioImma.local","TLSv1.2","236","Application Data"
"4231","57.328807","FioImma.local","ab.chatgpt.com","TCP","54","54679  >  443 [ACK] Seq=239341 Ack=345001 Win=2056 Len=0"
"4232","57.332820","FioImma.local","maa03s39-in-f10.1e100.net","TCP","55","[TCP Keep-Alive] 54597  >  443 [ACK] Seq=1 Ack=1 Win=512 Len=1"
"4233","57.337009","ab.chatgpt.com","FioImma.local","TCP","1514","443  >  54679 [ACK] Seq=345001 Ack=239341 Win=64 Len=1460 [TCP PDU reassembled in 4234]"
"4234","57.337009","ab.chatgpt.com","FioImma.local","TLSv1.2","236","Application Data"
"4235","57.337087","FioImma.local","ab.chatgpt.com","TCP","54","54679  >  443 [ACK] Seq=239341 Ack=346643 Win=2056 Len=0"
"4236","57.341149","ab.chatgpt.com","FioImma.local","TCP","1514","443  >  54679 [ACK] Seq=346643 Ack=239341 Win=64 Len=1460 [TCP PDU reassembled in 4237]"
"4237","57.341149","ab.chatgpt.com","FioImma.local","TLSv1.2","236","Application Data"
"4238","57.341233","FioImma.local","ab.chatgpt.com","TCP","54","54679  >  443 [ACK] Seq=239341 Ack=348285 Win=2056 Len=0"
"4239","57.341363","maa03s39-in-f10.1e100.net","FioImma.local","TCP","66","[TCP Keep-Alive ACK] 443  >  54597 [ACK] Seq=1 Ack=2 Win=400 Len=0 SLE=1 SRE=2"
"4240","57.346889","ab.chatgpt.com","FioImma.local","TCP","1514","443  >  54679 [ACK] Seq=348285 Ack=239341 Win=64 Len=1460 [TCP PDU reassembled in 4241]"
"4241","57.346889","ab.chatgpt.com","FioImma.local","TLSv1.2","236","Application Data"
"4242","57.346965","FioImma.local","ab.chatgpt.com","TCP","54","54679  >  443 [ACK] Seq=239341 Ack=349927 Win=2056 Len=0"
"4243","57.352222","ab.chatgpt.com","FioImma.local","TCP","1514","443  >  54679 [ACK] Seq=349927 Ack=239341 Win=64 Len=1460 [TCP PDU reassembled in 4244]"
"4244","57.352222","ab.chatgpt.com","FioImma.local","TLSv1.2","236","Application Data"
"4245","57.352282","FioImma.local","ab.chatgpt.com","TCP","54","54679  >  443 [ACK] Seq=239341 Ack=351569 Win=2056 Len=0"
"4246","57.355322","ab.chatgpt.com","FioImma.local","TCP","1514","443  >  54679 [ACK] Seq=351569 Ack=239341 Win=64 Len=1460 [TCP PDU reassembled in 4247]"
"4247","57.355322","ab.chatgpt.com","FioImma.local","TLSv1.2","236","Application Data"
"4248","57.355386","FioImma.local","ab.chatgpt.com","TCP","54","54679  >  443 [ACK] Seq=239341 Ack=353211 Win=2056 Len=0"
"4249","57.357779","ab.chatgpt.com","FioImma.local","TCP","1514","443  >  54679 [ACK] Seq=353211 Ack=239341 Win=64 Len=1460 [TCP PDU reassembled in 4250]"
"4250","57.357779","ab.chatgpt.com","FioImma.local","TLSv1.2","236","Application Data"
"4251","57.357819","FioImma.local","ab.chatgpt.com","TCP","54","54679  >  443 [ACK] Seq=239341 Ack=354853 Win=2056 Len=0"
"4252","57.364178","ab.chatgpt.com","FioImma.local","TCP","1514","443  >  54679 [ACK] Seq=354853 Ack=239341 Win=64 Len=1460 [TCP PDU reassembled in 4253]"
"4253","57.364178","ab.chatgpt.com","FioImma.local","TLSv1.2","225","Application Data"
"4254","57.364224","FioImma.local","ab.chatgpt.com","TCP","54","54679  >  443 [ACK] Seq=239341 Ack=356484 Win=2056 Len=0"
"4255","57.366156","ab.chatgpt.com","FioImma.local","TCP","1514","443  >  54679 [ACK] Seq=356484 Ack=239341 Win=64 Len=1460 [TCP PDU reassembled in 4256]"
"4256","57.366156","ab.chatgpt.com","FioImma.local","TLSv1.2","268","Application Data"
"4257","57.366194","FioImma.local","ab.chatgpt.com","TCP","54","54679  >  443 [ACK] Seq=239341 Ack=358158 Win=2056 Len=0"
"4258","57.369481","ab.chatgpt.com","FioImma.local","TCP","1514","443  >  54679 [ACK] Seq=358158 Ack=239341 Win=64 Len=1460 [TCP PDU reassembled in 4259]"
"4259","57.369481","ab.chatgpt.com","FioImma.local","TLSv1.2","268","Application Data"
"4260","57.369532","FioImma.local","ab.chatgpt.com","TCP","54","54679  >  443 [ACK] Seq=239341 Ack=359832 Win=2056 Len=0"
"4261","57.383122","ab.chatgpt.com","FioImma.local","TCP","1514","443  >  54679 [ACK] Seq=359832 Ack=239341 Win=64 Len=1460 [TCP PDU reassembled in 4262]"
"4262","57.383122","ab.chatgpt.com","FioImma.local","TLSv1.2","268","Application Data"
"4263","57.383187","FioImma.local","ab.chatgpt.com","TCP","54","54679  >  443 [ACK] Seq=239341 Ack=361506 Win=2056 Len=0"
"4264","57.390725","ab.chatgpt.com","FioImma.local","TCP","1514","443  >  54679 [ACK] Seq=361506 Ack=239341 Win=64 Len=1460 [TCP PDU reassembled in 4265]"
"4265","57.390725","ab.chatgpt.com","FioImma.local","TLSv1.2","268","Application Data"
"4266","57.390785","FioImma.local","ab.chatgpt.com","TCP","54","54679  >  443 [ACK] Seq=239341 Ack=363180 Win=2056 Len=0"
"4267","57.392872","ab.chatgpt.com","FioImma.local","TCP","1514","443  >  54679 [ACK] Seq=363180 Ack=239341 Win=64 Len=1460 [TCP PDU reassembled in 4268]"
"4268","57.395625","ab.chatgpt.com","FioImma.local","TLSv1.2","268","Application Data"
"4269","57.395656","FioImma.local","ab.chatgpt.com","TCP","54","54679  >  443 [ACK] Seq=239341 Ack=364854 Win=2056 Len=0"
"4270","57.397746","ab.chatgpt.com","FioImma.local","TCP","1514","443  >  54679 [ACK] Seq=364854 Ack=239341 Win=64 Len=1460 [TCP PDU reassembled in 4271]"
"4271","57.397746","ab.chatgpt.com","FioImma.local","TLSv1.2","268","Application Data"
"4272","57.397769","FioImma.local","ab.chatgpt.com","TCP","54","54679  >  443 [ACK] Seq=239341 Ack=366528 Win=2056 Len=0"
"4273","57.403456","ab.chatgpt.com","FioImma.local","TCP","1514","443  >  54679 [ACK] Seq=366528 Ack=239341 Win=64 Len=1460 [TCP PDU reassembled in 4274]"
"4274","57.403456","ab.chatgpt.com","FioImma.local","TLSv1.2","300","Application Data"
"4275","57.403489","FioImma.local","ab.chatgpt.com","TCP","54","54679  >  443 [ACK] Seq=239341 Ack=368234 Win=2056 Len=0"
"4276","57.411525","ab.chatgpt.com","FioImma.local","TCP","1514","443  >  54679 [ACK] Seq=368234 Ack=239341 Win=64 Len=1460 [TCP PDU reassembled in 4277]"
"4277","57.411525","ab.chatgpt.com","FioImma.local","TLSv1.2","300","Application Data"
"4278","57.411599","FioImma.local","ab.chatgpt.com","TCP","54","54679  >  443 [ACK] Seq=239341 Ack=369940 Win=2056 Len=0"
"4279","57.415566","ab.chatgpt.com","FioImma.local","TCP","1514","443  >  54679 [ACK] Seq=369940 Ack=239341 Win=64 Len=1460 [TCP PDU reassembled in 4280]"
"4280","57.415566","ab.chatgpt.com","FioImma.local","TLSv1.2","300","Application Data"
"4281","57.415627","FioImma.local","ab.chatgpt.com","TCP","54","54679  >  443 [ACK] Seq=239341 Ack=371646 Win=2056 Len=0"
"4282","57.418427","ab.chatgpt.com","FioImma.local","TCP","1514","443  >  54679 [ACK] Seq=371646 Ack=239341 Win=64 Len=1460 [TCP PDU reassembled in 4283]"
"4283","57.418427","ab.chatgpt.com","FioImma.local","TLSv1.2","300","Application Data"
"4284","57.418467","FioImma.local","ab.chatgpt.com","TCP","54","54679  >  443 [ACK] Seq=239341 Ack=373352 Win=2056 Len=0"
"4285","57.420504","ab.chatgpt.com","FioImma.local","TCP","1514","443  >  54679 [ACK] Seq=373352 Ack=239341 Win=64 Len=1460 [TCP PDU reassembled in 4286]"
"4286","57.421562","ab.chatgpt.com","FioImma.local","TLSv1.2","300","Application Data"
"4287","57.421613","FioImma.local","ab.chatgpt.com","TCP","54","54679  >  443 [ACK] Seq=239341 Ack=375058 Win=2056 Len=0"
"4288","57.430050","ab.chatgpt.com","FioImma.local","TCP","1514","443  >  54679 [ACK] Seq=375058 Ack=239341 Win=64 Len=1460 [TCP PDU reassembled in 4289]"
"4289","57.430050","ab.chatgpt.com","FioImma.local","TLSv1.2","300","Application Data"
"4290","57.430104","FioImma.local","ab.chatgpt.com","TCP","54","54679  >  443 [ACK] Seq=239341 Ack=376764 Win=2056 Len=0"
"4291","57.434309","ab.chatgpt.com","FioImma.local","TCP","1514","443  >  54679 [ACK] Seq=376764 Ack=239341 Win=64 Len=1460 [TCP PDU reassembled in 4292]"
"4292","57.434309","ab.chatgpt.com","FioImma.local","TLSv1.2","300","Application Data"
"4293","57.434363","FioImma.local","ab.chatgpt.com","TCP","54","54679  >  443 [ACK] Seq=239341 Ack=378470 Win=2056 Len=0"
"4294","57.440812","ab.chatgpt.com","FioImma.local","TCP","1514","443  >  54679 [ACK] Seq=378470 Ack=239341 Win=64 Len=1460 [TCP PDU reassembled in 4295]"
"4295","57.440812","ab.chatgpt.com","FioImma.local","TLSv1.2","332","Application Data"
"4296","57.440888","FioImma.local","ab.chatgpt.com","TCP","54","54679  >  443 [ACK] Seq=239341 Ack=380208 Win=2056 Len=0"
"4297","57.449273","ab.chatgpt.com","FioImma.local","TCP","1514","443  >  54679 [ACK] Seq=380208 Ack=239341 Win=64 Len=1460 [TCP PDU reassembled in 4298]"
"4298","57.449273","ab.chatgpt.com","FioImma.local","TLSv1.2","332","Application Data"
"4299","57.449339","FioImma.local","ab.chatgpt.com","TCP","54","54679  >  443 [ACK] Seq=239341 Ack=381946 Win=2056 Len=0"
"4300","57.471291","ab.chatgpt.com","FioImma.local","TCP","1514","443  >  54679 [ACK] Seq=381946 Ack=239341 Win=64 Len=1460 [TCP PDU reassembled in 4301]"
"4301","57.471291","ab.chatgpt.com","FioImma.local","TLSv1.2","332","Application Data"
"4302","57.471364","FioImma.local","ab.chatgpt.com","TCP","54","54679  >  443 [ACK] Seq=239341 Ack=383684 Win=2056 Len=0"
"4303","57.479582","ab.chatgpt.com","FioImma.local","TCP","1514","443  >  54679 [ACK] Seq=383684 Ack=239341 Win=64 Len=1460 [TCP PDU reassembled in 4304]"
"4304","57.480086","ab.chatgpt.com","FioImma.local","TLSv1.2","332","Application Data"
"4305","57.480124","FioImma.local","ab.chatgpt.com","TCP","54","54679  >  443 [ACK] Seq=239341 Ack=385422 Win=2056 Len=0"
"4306","57.504182","ab.chatgpt.com","FioImma.local","TCP","1514","443  >  54679 [ACK] Seq=385422 Ack=239341 Win=64 Len=1460 [TCP PDU reassembled in 4307]"
"4307","57.504182","ab.chatgpt.com","FioImma.local","TLSv1.2","332","Application Data"
"4308","57.504272","FioImma.local","ab.chatgpt.com","TCP","54","54679  >  443 [ACK] Seq=239341 Ack=387160 Win=2056 Len=0"
"4309","57.514628","ab.chatgpt.com","FioImma.local","TCP","1514","443  >  54679 [ACK] Seq=387160 Ack=239341 Win=64 Len=1460 [TCP PDU reassembled in 4310]"
"4310","57.514628","ab.chatgpt.com","FioImma.local","TLSv1.2","332","Application Data"
"4311","57.514681","FioImma.local","ab.chatgpt.com","TCP","54","54679  >  443 [ACK] Seq=239341 Ack=388898 Win=2056 Len=0"
"4312","57.547561","ab.chatgpt.com","FioImma.local","TCP","1514","443  >  54679 [ACK] Seq=388898 Ack=239341 Win=64 Len=1460 [TCP PDU reassembled in 4313]"
"4313","57.547561","ab.chatgpt.com","FioImma.local","TLSv1.2","332","Application Data"
"4314","57.547561","ab.chatgpt.com","FioImma.local","TLSv1.2","1478","Application Data"
"4315","57.547635","FioImma.local","ab.chatgpt.com","TCP","54","54679  >  443 [ACK] Seq=239341 Ack=392060 Win=2056 Len=0"
"4316","57.549568","ab.chatgpt.com","FioImma.local","TLSv1.2","399","Application Data"
"4317","57.549601","FioImma.local","ab.chatgpt.com","TCP","54","54679  >  443 [ACK] Seq=239341 Ack=392405 Win=2054 Len=0"
"4318","57.555321","ab.chatgpt.com","FioImma.local","TCP","1514","443  >  54679 [ACK] Seq=392405 Ack=239341 Win=64 Len=1460 [TCP PDU reassembled in 4319]"
"4319","57.555321","ab.chatgpt.com","FioImma.local","TLSv1.2","364","Application Data"
"4320","57.555381","FioImma.local","ab.chatgpt.com","TCP","54","54679  >  443 [ACK] Seq=239341 Ack=394175 Win=2056 Len=0"
"4321","57.561160","ab.chatgpt.com","FioImma.local","TCP","1514","443  >  54679 [ACK] Seq=394175 Ack=239341 Win=64 Len=1460 [TCP PDU reassembled in 4322]"
"4322","57.562230","ab.chatgpt.com","FioImma.local","TLSv1.2","364","Application Data"
"4323","57.562281","FioImma.local","ab.chatgpt.com","TCP","54","54679  >  443 [ACK] Seq=239341 Ack=395945 Win=2056 Len=0"
"4324","57.570028","ab.chatgpt.com","FioImma.local","TCP","1514","443  >  54679 [ACK] Seq=395945 Ack=239341 Win=64 Len=1460 [TCP PDU reassembled in 4325]"
"4325","57.570028","ab.chatgpt.com","FioImma.local","TLSv1.2","364","Application Data"
"4326","57.570109","FioImma.local","ab.chatgpt.com","TCP","54","54679  >  443 [ACK] Seq=239341 Ack=397715 Win=2056 Len=0"
"4327","57.578833","ab.chatgpt.com","FioImma.local","TCP","1514","443  >  54679 [ACK] Seq=397715 Ack=239341 Win=64 Len=1460 [TCP PDU reassembled in 4328]"
"4328","57.578833","ab.chatgpt.com","FioImma.local","TLSv1.2","364","Application Data"
"4329","57.578881","FioImma.local","ab.chatgpt.com","TCP","54","54679  >  443 [ACK] Seq=239341 Ack=399485 Win=2056 Len=0"
"4330","57.579085","ieee.org.ssl.sc.omtrdc.net","FioImma.local","TCP","60","[TCP Keep-Alive] 443  >  54834 [ACK] Seq=4422 Ack=4734 Win=58240 Len=0"
"4331","57.579133","FioImma.local","ieee.org.ssl.sc.omtrdc.net","TCP","54","[TCP Keep-Alive ACK] 54834  >  443 [ACK] Seq=4734 Ack=4423 Win=130048 Len=0"
"4332","57.587282","ab.chatgpt.com","FioImma.local","TCP","1514","443  >  54679 [ACK] Seq=399485 Ack=239341 Win=64 Len=1460 [TCP PDU reassembled in 4333]"
"4333","57.587282","ab.chatgpt.com","FioImma.local","TLSv1.2","364","Application Data"
"4334","57.587352","FioImma.local","ab.chatgpt.com","TCP","54","54679  >  443 [ACK] Seq=239341 Ack=401255 Win=2056 Len=0"
"4335","57.620150","ab.chatgpt.com","FioImma.local","TCP","1514","443  >  54679 [ACK] Seq=401255 Ack=239341 Win=64 Len=1460 [TCP PDU reassembled in 4336]"
"4336","57.620150","ab.chatgpt.com","FioImma.local","TLSv1.2","353","Application Data"
"4337","57.620252","FioImma.local","ab.chatgpt.com","TCP","54","54679  >  443 [ACK] Seq=239341 Ack=403014 Win=2056 Len=0"
"4338","57.643864","ab.chatgpt.com","FioImma.local","TCP","1514","443  >  54679 [ACK] Seq=403014 Ack=239341 Win=64 Len=1460 [TCP PDU reassembled in 4339]"
"4339","57.643864","ab.chatgpt.com","FioImma.local","TLSv1.2","396","Application Data"
"4340","57.643926","FioImma.local","ab.chatgpt.com","TCP","54","54679  >  443 [ACK] Seq=239341 Ack=404816 Win=2056 Len=0"
"4341","57.660541","ab.chatgpt.com","FioImma.local","TCP","1514","443  >  54679 [ACK] Seq=404816 Ack=239341 Win=64 Len=1460 [TCP PDU reassembled in 4342]"
"4342","57.661709","ab.chatgpt.com","FioImma.local","TLSv1.2","396","Application Data"
"4343","57.661743","FioImma.local","ab.chatgpt.com","TCP","54","54679  >  443 [ACK] Seq=239341 Ack=406618 Win=2056 Len=0"
"4344","57.673304","ab.chatgpt.com","FioImma.local","TCP","1514","443  >  54679 [ACK] Seq=406618 Ack=239341 Win=64 Len=1460 [TCP PDU reassembled in 4345]"
"4345","57.673304","ab.chatgpt.com","FioImma.local","TLSv1.2","396","Application Data"
"4346","57.673342","FioImma.local","ab.chatgpt.com","TCP","54","54679  >  443 [ACK] Seq=239341 Ack=408420 Win=2056 Len=0"
"4347","57.691184","ab.chatgpt.com","FioImma.local","TCP","1514","443  >  54679 [ACK] Seq=408420 Ack=239341 Win=64 Len=1460 [TCP PDU reassembled in 4348]"
"4348","57.691184","ab.chatgpt.com","FioImma.local","TLSv1.2","396","Application Data"
"4349","57.691266","FioImma.local","ab.chatgpt.com","TCP","54","54679  >  443 [ACK] Seq=239341 Ack=410222 Win=2056 Len=0"
"4350","57.722205","ab.chatgpt.com","FioImma.local","TCP","1514","443  >  54679 [ACK] Seq=410222 Ack=239341 Win=64 Len=1460 [TCP PDU reassembled in 4351]"
"4351","57.722205","ab.chatgpt.com","FioImma.local","TLSv1.2","396","Application Data"
"4352","57.722205","ab.chatgpt.com","FioImma.local","TCP","1514","443  >  54679 [ACK] Seq=412024 Ack=239341 Win=64 Len=1460 [TCP PDU reassembled in 4353]"
"4353","57.722205","ab.chatgpt.com","FioImma.local","TLSv1.2","428","Application Data"
"4354","57.722269","FioImma.local","ab.chatgpt.com","TCP","54","54679  >  443 [ACK] Seq=239341 Ack=413858 Win=2056 Len=0"
"4355","57.747727","ab.chatgpt.com","FioImma.local","TCP","1514","443  >  54679 [ACK] Seq=413858 Ack=239341 Win=64 Len=1460 [TCP PDU reassembled in 4356]"
"4356","57.747727","ab.chatgpt.com","FioImma.local","TLSv1.2","428","Application Data"
"4357","57.747727","ab.chatgpt.com","FioImma.local","TCP","1514","443  >  54679 [ACK] Seq=415692 Ack=239341 Win=64 Len=1460 [TCP PDU reassembled in 4358]"
"4358","57.747727","ab.chatgpt.com","FioImma.local","TLSv1.2","428","Application Data"
"4359","57.747807","FioImma.local","ab.chatgpt.com","TCP","54","54679  >  443 [ACK] Seq=239341 Ack=417526 Win=2056 Len=0"
"4360","57.751469","ab.chatgpt.com","FioImma.local","TCP","1514","443  >  54679 [ACK] Seq=417526 Ack=239341 Win=64 Len=1460 [TCP PDU reassembled in 4361]"
"4361","57.752678","ab.chatgpt.com","FioImma.local","TLSv1.2","428","Application Data"
"4362","57.752719","FioImma.local","ab.chatgpt.com","TCP","54","54679  >  443 [ACK] Seq=239341 Ack=419360 Win=2056 Len=0"
"4363","57.772206","ab.chatgpt.com","FioImma.local","TCP","1514","443  >  54679 [ACK] Seq=419360 Ack=239341 Win=64 Len=1460 [TCP PDU reassembled in 4364]"
"4364","57.772206","ab.chatgpt.com","FioImma.local","TLSv1.2","460","Application Data"
"4365","57.772289","FioImma.local","ab.chatgpt.com","TCP","54","54679  >  443 [ACK] Seq=239341 Ack=421226 Win=2056 Len=0"
"4366","57.805092","ab.chatgpt.com","FioImma.local","TCP","1514","443  >  54679 [ACK] Seq=421226 Ack=239341 Win=64 Len=1460 [TCP PDU reassembled in 4367]"
"4367","57.805092","ab.chatgpt.com","FioImma.local","TLSv1.2","460","Application Data"
"4368","57.805092","ab.chatgpt.com","FioImma.local","TCP","1514","443  >  54679 [ACK] Seq=423092 Ack=239341 Win=64 Len=1460 [TCP PDU reassembled in 4369]"
"4369","57.805092","ab.chatgpt.com","FioImma.local","TLSv1.2","460","Application Data"
"4370","57.805160","FioImma.local","ab.chatgpt.com","TCP","54","54679  >  443 [ACK] Seq=239341 Ack=424958 Win=2056 Len=0"
"4371","57.807308","ab.chatgpt.com","FioImma.local","TCP","1514","443  >  54679 [ACK] Seq=424958 Ack=239341 Win=64 Len=1460 [TCP PDU reassembled in 4372]"
"4372","57.807308","ab.chatgpt.com","FioImma.local","TLSv1.2","460","Application Data"
"4373","57.807337","FioImma.local","ab.chatgpt.com","TCP","54","54679  >  443 [ACK] Seq=239341 Ack=426824 Win=2056 Len=0"
"4374","57.812657","ab.chatgpt.com","FioImma.local","TCP","1514","443  >  54679 [ACK] Seq=426824 Ack=239341 Win=64 Len=1460 [TCP PDU reassembled in 4375]"
"4375","57.812657","ab.chatgpt.com","FioImma.local","TLSv1.2","460","Application Data"
"4376","57.812695","FioImma.local","ab.chatgpt.com","TCP","54","54679  >  443 [ACK] Seq=239341 Ack=428690 Win=2056 Len=0"
"4377","57.816879","ab.chatgpt.com","FioImma.local","TCP","1514","443  >  54679 [ACK] Seq=428690 Ack=239341 Win=64 Len=1460 [TCP PDU reassembled in 4378]"
"4378","57.817977","ab.chatgpt.com","FioImma.local","TLSv1.2","449","Application Data"
"4379","57.818021","FioImma.local","ab.chatgpt.com","TCP","54","54679  >  443 [ACK] Seq=239341 Ack=430545 Win=2056 Len=0"
"4380","57.825313","ab.chatgpt.com","FioImma.local","TCP","1514","443  >  54679 [ACK] Seq=430545 Ack=239341 Win=64 Len=1460 [TCP PDU reassembled in 4381]"
"4381","57.825313","ab.chatgpt.com","FioImma.local","TLSv1.2","492","Application Data"
"4382","57.825371","FioImma.local","ab.chatgpt.com","TCP","54","54679  >  443 [ACK] Seq=239341 Ack=432443 Win=2056 Len=0"
"4383","57.833938","ab.chatgpt.com","FioImma.local","TCP","1514","443  >  54679 [ACK] Seq=432443 Ack=239341 Win=64 Len=1460 [TCP PDU reassembled in 4384]"
"4384","57.833938","ab.chatgpt.com","FioImma.local","TLSv1.2","492","Application Data"
"4385","57.833992","FioImma.local","ab.chatgpt.com","TCP","54","54679  >  443 [ACK] Seq=239341 Ack=434341 Win=2056 Len=0"
"4386","57.852485","ab.chatgpt.com","FioImma.local","TCP","1514","443  >  54679 [ACK] Seq=434341 Ack=239341 Win=64 Len=1460 [TCP PDU reassembled in 4387]"
"4387","57.852485","ab.chatgpt.com","FioImma.local","TLSv1.2","492","Application Data"
"4388","57.852569","FioImma.local","ab.chatgpt.com","TCP","54","54679  >  443 [ACK] Seq=239341 Ack=436239 Win=2056 Len=0"
"4389","57.871832","ab.chatgpt.com","FioImma.local","TCP","1514","443  >  54679 [ACK] Seq=436239 Ack=239341 Win=64 Len=1460 [TCP PDU reassembled in 4390]"
"4390","57.871832","ab.chatgpt.com","FioImma.local","TLSv1.2","492","Application Data"
"4391","57.871920","FioImma.local","ab.chatgpt.com","TCP","54","54679  >  443 [ACK] Seq=239341 Ack=438137 Win=2056 Len=0"
"4392","57.882424","ab.chatgpt.com","FioImma.local","TCP","1514","443  >  54679 [ACK] Seq=438137 Ack=239341 Win=64 Len=1460 [TCP PDU reassembled in 4393]"
"4393","57.882424","ab.chatgpt.com","FioImma.local","TLSv1.2","524","Application Data"
"4394","57.882506","FioImma.local","ab.chatgpt.com","TCP","54","54679  >  443 [ACK] Seq=239341 Ack=440067 Win=2056 Len=0"
"4395","57.898937","ab.chatgpt.com","FioImma.local","TCP","1514","443  >  54679 [ACK] Seq=440067 Ack=239341 Win=64 Len=1460 [TCP PDU reassembled in 4396]"
"4396","57.899932","ab.chatgpt.com","FioImma.local","TLSv1.2","524","Application Data"
"4397","57.899965","FioImma.local","ab.chatgpt.com","TCP","54","54679  >  443 [ACK] Seq=239341 Ack=441997 Win=2056 Len=0"
"4398","57.946247","ab.chatgpt.com","FioImma.local","TCP","1514","443  >  54679 [ACK] Seq=441997 Ack=239341 Win=64 Len=1460 [TCP PDU reassembled in 4399]"
"4399","57.946247","ab.chatgpt.com","FioImma.local","TLSv1.2","524","Application Data"
"4400","57.946321","FioImma.local","ab.chatgpt.com","TCP","54","54679  >  443 [ACK] Seq=239341 Ack=443927 Win=2056 Len=0"
"4401","57.960873","ab.chatgpt.com","FioImma.local","TCP","1514","443  >  54679 [ACK] Seq=443927 Ack=239341 Win=64 Len=1460 [TCP PDU reassembled in 4402]"
"4402","57.960873","ab.chatgpt.com","FioImma.local","TLSv1.2","524","Application Data"
"4403","57.960943","FioImma.local","ab.chatgpt.com","TCP","54","54679  >  443 [ACK] Seq=239341 Ack=445857 Win=2056 Len=0"
"4404","57.975520","ab.chatgpt.com","FioImma.local","TCP","1514","443  >  54679 [ACK] Seq=445857 Ack=239341 Win=64 Len=1460 [TCP PDU reassembled in 4405]"
"4405","57.975520","ab.chatgpt.com","FioImma.local","TLSv1.2","556","Application Data"
"4406","57.975596","FioImma.local","ab.chatgpt.com","TCP","54","54679  >  443 [ACK] Seq=239341 Ack=447819 Win=2056 Len=0"
"4407","58.004351","ab.chatgpt.com","FioImma.local","TCP","1514","443  >  54679 [ACK] Seq=447819 Ack=239341 Win=64 Len=1460 [TCP PDU reassembled in 4408]"
"4408","58.004351","ab.chatgpt.com","FioImma.local","TLSv1.2","556","Application Data"
"4409","58.004420","FioImma.local","ab.chatgpt.com","TCP","54","54679  >  443 [ACK] Seq=239341 Ack=449781 Win=2056 Len=0"
"4410","58.028218","ab.chatgpt.com","FioImma.local","TCP","1514","443  >  54679 [ACK] Seq=449781 Ack=239341 Win=64 Len=1460 [TCP PDU reassembled in 4411]"
"4411","58.028218","ab.chatgpt.com","FioImma.local","TLSv1.2","556","Application Data"
"4412","58.028286","FioImma.local","ab.chatgpt.com","TCP","54","54679  >  443 [ACK] Seq=239341 Ack=451743 Win=2056 Len=0"
"4413","58.059079","ab.chatgpt.com","FioImma.local","TCP","1514","443  >  54679 [ACK] Seq=451743 Ack=239341 Win=64 Len=1460 [TCP PDU reassembled in 4414]"
"4414","58.059079","ab.chatgpt.com","FioImma.local","TLSv1.2","556","Application Data"
"4415","58.059127","FioImma.local","ab.chatgpt.com","TCP","54","54679  >  443 [ACK] Seq=239341 Ack=453705 Win=2056 Len=0"
"4416","58.081447","ab.chatgpt.com","FioImma.local","TCP","1514","443  >  54679 [ACK] Seq=453705 Ack=239341 Win=64 Len=1460 [TCP PDU reassembled in 4417]"
"4417","58.081447","ab.chatgpt.com","FioImma.local","TLSv1.2","556","Application Data"
"4418","58.081548","FioImma.local","ab.chatgpt.com","TCP","54","54679  >  443 [ACK] Seq=239341 Ack=455667 Win=2056 Len=0"
"4419","58.108515","ab.chatgpt.com","FioImma.local","TCP","1514","443  >  54679 [ACK] Seq=455667 Ack=239341 Win=64 Len=1460 [TCP PDU reassembled in 4420]"
"4420","58.108515","ab.chatgpt.com","FioImma.local","TLSv1.2","556","Application Data"
"4421","58.108591","FioImma.local","ab.chatgpt.com","TCP","54","54679  >  443 [ACK] Seq=239341 Ack=457629 Win=2056 Len=0"
"4422","58.120741","ab.chatgpt.com","FioImma.local","TCP","1514","443  >  54679 [ACK] Seq=457629 Ack=239341 Win=64 Len=1460 [TCP PDU reassembled in 4423]"
"4423","58.120741","ab.chatgpt.com","FioImma.local","TLSv1.2","556","Application Data"
"4424","58.120783","FioImma.local","ab.chatgpt.com","TCP","54","54679  >  443 [ACK] Seq=239341 Ack=459591 Win=2056 Len=0"
"4425","58.127091","FioImma.local","ab.chatgpt.com","TCP","1454","54679  >  443 [ACK] Seq=239341 Ack=459591 Win=2056 Len=1400 [TCP PDU reassembled in 4429]"
"4426","58.127091","FioImma.local","ab.chatgpt.com","TCP","1454","54679  >  443 [ACK] Seq=240741 Ack=459591 Win=2056 Len=1400 [TCP PDU reassembled in 4429]"
"4427","58.127091","FioImma.local","ab.chatgpt.com","TCP","1454","54679  >  443 [ACK] Seq=242141 Ack=459591 Win=2056 Len=1400 [TCP PDU reassembled in 4429]"
"4428","58.127091","FioImma.local","ab.chatgpt.com","TCP","1454","54679  >  443 [ACK] Seq=243541 Ack=459591 Win=2056 Len=1400 [TCP PDU reassembled in 4429]"
"4429","58.127091","FioImma.local","ab.chatgpt.com","TLSv1.2","74","Application Data"
"4430","58.145911","ab.chatgpt.com","FioImma.local","TCP","1514","443  >  54679 [ACK] Seq=459591 Ack=239341 Win=64 Len=1460 [TCP PDU reassembled in 4431]"
"4431","58.145911","ab.chatgpt.com","FioImma.local","TLSv1.2","556","Application Data"
"4432","58.145999","FioImma.local","ab.chatgpt.com","TCP","54","54679  >  443 [ACK] Seq=244961 Ack=461553 Win=2056 Len=0"
"4433","58.165246","ab.chatgpt.com","FioImma.local","TCP","60","443  >  54679 [ACK] Seq=461553 Ack=242141 Win=64 Len=0"
"4434","58.165246","ab.chatgpt.com","FioImma.local","TCP","60","443  >  54679 [ACK] Seq=461553 Ack=244941 Win=64 Len=0"
"4435","58.171408","ab.chatgpt.com","FioImma.local","TCP","1514","443  >  54679 [ACK] Seq=461553 Ack=244961 Win=64 Len=1460 [TCP PDU reassembled in 4436]"
"4436","58.171408","ab.chatgpt.com","FioImma.local","TLSv1.2","545","Application Data"
"4437","58.171477","FioImma.local","ab.chatgpt.com","TCP","54","54679  >  443 [ACK] Seq=244961 Ack=463504 Win=2056 Len=0"
"4438","58.199036","ab.chatgpt.com","FioImma.local","TCP","1514","443  >  54679 [ACK] Seq=463504 Ack=244961 Win=64 Len=1460 [TCP PDU reassembled in 4439]"
"4439","58.199036","ab.chatgpt.com","FioImma.local","TLSv1.2","588","Application Data"
"4440","58.199106","FioImma.local","ab.chatgpt.com","TCP","54","54679  >  443 [ACK] Seq=244961 Ack=465498 Win=2056 Len=0"
"4441","58.232796","ab.chatgpt.com","FioImma.local","TCP","1514","443  >  54679 [ACK] Seq=465498 Ack=244961 Win=64 Len=1460 [TCP PDU reassembled in 4442]"
"4442","58.232796","ab.chatgpt.com","FioImma.local","TLSv1.2","588","Application Data"
"4443","58.232864","FioImma.local","ab.chatgpt.com","TCP","54","54679  >  443 [ACK] Seq=244961 Ack=467492 Win=2056 Len=0"
"4444","58.280255","FioImma.local","igmp.mcast.net","IGMPv3","54","Membership Report / Join group 224.0.0.252 for any sources"
"4445","58.291127","ab.chatgpt.com","FioImma.local","TCP","1514","443  >  54679 [ACK] Seq=467492 Ack=244961 Win=64 Len=1460 [TCP PDU reassembled in 4446]"
"4446","58.291127","ab.chatgpt.com","FioImma.local","TLSv1.2","588","Application Data"
"4447","58.291197","FioImma.local","ab.chatgpt.com","TCP","54","54679  >  443 [ACK] Seq=244961 Ack=469486 Win=2056 Len=0"
"4448","58.335885","ab.chatgpt.com","FioImma.local","TCP","1514","443  >  54679 [ACK] Seq=469486 Ack=244961 Win=64 Len=1460 [TCP PDU reassembled in 4449]"
"4449","58.335885","ab.chatgpt.com","FioImma.local","TLSv1.2","588","Application Data"
"4450","58.335958","FioImma.local","ab.chatgpt.com","TCP","54","54679  >  443 [ACK] Seq=244961 Ack=471480 Win=2056 Len=0"
"4451","58.357576","ab.chatgpt.com","FioImma.local","TCP","1514","443  >  54679 [ACK] Seq=471480 Ack=244961 Win=64 Len=1460 [TCP PDU reassembled in 4452]"
"4452","58.357576","ab.chatgpt.com","FioImma.local","TLSv1.2","620","Application Data"
"4453","58.357647","FioImma.local","ab.chatgpt.com","TCP","54","54679  >  443 [ACK] Seq=244961 Ack=473506 Win=2056 Len=0"
"4454","58.379224","ab.chatgpt.com","FioImma.local","TCP","1514","443  >  54679 [ACK] Seq=473506 Ack=244961 Win=64 Len=1460 [TCP PDU reassembled in 4455]"
"4455","58.380532","ab.chatgpt.com","FioImma.local","TLSv1.2","620","Application Data"
"4456","58.380562","FioImma.local","ab.chatgpt.com","TCP","54","54679  >  443 [ACK] Seq=244961 Ack=475532 Win=2056 Len=0"
"4457","58.400318","ab.chatgpt.com","FioImma.local","TCP","1514","443  >  54679 [ACK] Seq=475532 Ack=244961 Win=64 Len=1460 [TCP PDU reassembled in 4458]"
"4458","58.400318","ab.chatgpt.com","FioImma.local","TLSv1.2","620","Application Data"
"4459","58.400411","FioImma.local","ab.chatgpt.com","TCP","54","54679  >  443 [ACK] Seq=244961 Ack=477558 Win=2056 Len=0"
"4460","58.416842","ab.chatgpt.com","FioImma.local","TCP","1514","443  >  54679 [ACK] Seq=477558 Ack=244961 Win=64 Len=1460 [TCP PDU reassembled in 4461]"
"4461","58.416842","ab.chatgpt.com","FioImma.local","TLSv1.2","620","Application Data"
"4462","58.416925","FioImma.local","ab.chatgpt.com","TCP","54","54679  >  443 [ACK] Seq=244961 Ack=479584 Win=2056 Len=0"
"4463","58.437369","ab.chatgpt.com","FioImma.local","TCP","1514","443  >  54679 [ACK] Seq=479584 Ack=244961 Win=64 Len=1460 [TCP PDU reassembled in 4464]"
"4464","58.437369","ab.chatgpt.com","FioImma.local","TLSv1.2","620","Application Data"
"4465","58.437438","FioImma.local","ab.chatgpt.com","TCP","54","54679  >  443 [ACK] Seq=244961 Ack=481610 Win=2056 Len=0"
"4466","58.457403","ab.chatgpt.com","FioImma.local","TCP","1514","443  >  54679 [ACK] Seq=481610 Ack=244961 Win=64 Len=1460 [TCP PDU reassembled in 4467]"
"4467","58.457403","ab.chatgpt.com","FioImma.local","TLSv1.2","620","Application Data"
"4468","58.457461","FioImma.local","ab.chatgpt.com","TCP","54","54679  >  443 [ACK] Seq=244961 Ack=483636 Win=2056 Len=0"
"4469","58.503149","ab.chatgpt.com","FioImma.local","TCP","2974","443  >  54679 [ACK] Seq=483636 Ack=244961 Win=64 Len=2920 [TCP PDU reassembled in 4470]"
"4470","58.503149","ab.chatgpt.com","FioImma.local","TLSv1.2","1144","Application Data"
"4471","58.503256","FioImma.local","ab.chatgpt.com","TCP","54","54679  >  443 [ACK] Seq=244961 Ack=487646 Win=2056 Len=0"
"4472","58.520807","ab.chatgpt.com","FioImma.local","TCP","1514","443  >  54679 [ACK] Seq=487646 Ack=244961 Win=64 Len=1460 [TCP PDU reassembled in 4474]"
"4473","58.520897","FioImma.local","ab.chatgpt.com","TCP","54","54679  >  443 [ACK] Seq=244961 Ack=489106 Win=2056 Len=0"
"4474","58.522807","ab.chatgpt.com","FioImma.local","TLSv1.2","652","Application Data"
"4475","58.539706","ab.chatgpt.com","FioImma.local","TCP","1514","443  >  54679 [ACK] Seq=489704 Ack=244961 Win=64 Len=1460 [TCP PDU reassembled in 4476]"
"4476","58.539706","ab.chatgpt.com","FioImma.local","TLSv1.2","652","Application Data"
"4477","58.539787","FioImma.local","ab.chatgpt.com","TCP","54","54679  >  443 [ACK] Seq=244961 Ack=491762 Win=2056 Len=0"
"4478","58.549437","ab.chatgpt.com","FioImma.local","TCP","1514","443  >  54679 [ACK] Seq=491762 Ack=244961 Win=64 Len=1460 [TCP PDU reassembled in 4479]"
"4479","58.549437","ab.chatgpt.com","FioImma.local","TLSv1.2","652","Application Data"
"4480","58.549516","FioImma.local","ab.chatgpt.com","TCP","54","54679  >  443 [ACK] Seq=244961 Ack=493820 Win=2056 Len=0"
"4481","58.563759","ab.chatgpt.com","FioImma.local","TLSv1.2","2974","Application Data"
"4482","58.563759","ab.chatgpt.com","FioImma.local","TLSv1.2","1250","Application Data"
"4483","58.563835","FioImma.local","ab.chatgpt.com","TCP","54","54679  >  443 [ACK] Seq=244961 Ack=497936 Win=2056 Len=0"
"4484","58.570879","ab.chatgpt.com","FioImma.local","TCP","1514","443  >  54679 [ACK] Seq=497936 Ack=244961 Win=64 Len=1460 [TCP PDU reassembled in 4485]"
"4485","58.570879","ab.chatgpt.com","FioImma.local","TLSv1.2","652","Application Data"
"4486","58.570963","FioImma.local","ab.chatgpt.com","TCP","54","54679  >  443 [ACK] Seq=244961 Ack=499994 Win=2056 Len=0"
"4487","58.575509","ab.chatgpt.com","FioImma.local","TCP","1514","443  >  54679 [ACK] Seq=499994 Ack=244961 Win=64 Len=1460 [TCP PDU reassembled in 4488]"
"4488","58.577385","ab.chatgpt.com","FioImma.local","TLSv1.2","684","Application Data"
"4489","58.577439","FioImma.local","ab.chatgpt.com","TCP","54","54679  >  443 [ACK] Seq=244961 Ack=502084 Win=2056 Len=0"
"4490","58.578972","ab.chatgpt.com","FioImma.local","TCP","1514","443  >  54679 [ACK] Seq=502084 Ack=244961 Win=64 Len=1460 [TCP PDU reassembled in 4491]"
"4491","58.578972","ab.chatgpt.com","FioImma.local","TLSv1.2","684","Application Data"
"4492","58.579045","FioImma.local","ab.chatgpt.com","TCP","54","54679  >  443 [ACK] Seq=244961 Ack=504174 Win=2056 Len=0"
"4493","58.583355","ab.chatgpt.com","FioImma.local","TCP","2974","443  >  54679 [ACK] Seq=504174 Ack=244961 Win=64 Len=2920 [TCP PDU reassembled in 4494]"
"4494","58.583355","ab.chatgpt.com","FioImma.local","TLSv1.2","1283","Application Data"
"4495","58.583433","FioImma.local","ab.chatgpt.com","TCP","54","54679  >  443 [ACK] Seq=244961 Ack=508323 Win=2056 Len=0"
"4496","58.589826","ab.chatgpt.com","FioImma.local","TCP","1514","443  >  54679 [ACK] Seq=508323 Ack=244961 Win=64 Len=1460 [TCP PDU reassembled in 4497]"
"4497","58.589826","ab.chatgpt.com","FioImma.local","TLSv1.2","684","Application Data"
"4498","58.589826","ab.chatgpt.com","FioImma.local","TCP","1514","443  >  54679 [ACK] Seq=510413 Ack=244961 Win=64 Len=1460 [TCP PDU reassembled in 4499]"
"4499","58.589826","ab.chatgpt.com","FioImma.local","TLSv1.2","716","Application Data"
"4500","58.589906","FioImma.local","ab.chatgpt.com","TCP","54","54679  >  443 [ACK] Seq=244961 Ack=512535 Win=2056 Len=0"
"4501","58.599298","ab.chatgpt.com","FioImma.local","TCP","1514","443  >  54679 [ACK] Seq=512535 Ack=244961 Win=64 Len=1460 [TCP PDU reassembled in 4503]"
"4502","58.599323","FioImma.local","ab.chatgpt.com","TCP","54","54679  >  443 [ACK] Seq=244961 Ack=513995 Win=2056 Len=0"
"4503","58.601221","ab.chatgpt.com","FioImma.local","TLSv1.2","716","Application Data"
"4504","58.612349","ab.chatgpt.com","FioImma.local","TCP","1514","443  >  54679 [ACK] Seq=514657 Ack=244961 Win=64 Len=1460 [TCP PDU reassembled in 4505]"
"4505","58.612349","ab.chatgpt.com","FioImma.local","TLSv1.2","716","Application Data"
"4506","58.612433","FioImma.local","ab.chatgpt.com","TCP","54","54679  >  443 [ACK] Seq=244961 Ack=516779 Win=2056 Len=0"
"4507","58.617101","ab.chatgpt.com","FioImma.local","TCP","1514","443  >  54679 [ACK] Seq=516779 Ack=244961 Win=64 Len=1460 [TCP PDU reassembled in 4508]"
"4508","58.617101","ab.chatgpt.com","FioImma.local","TLSv1.2","705","Application Data"
"4509","58.617153","FioImma.local","ab.chatgpt.com","TCP","54","54679  >  443 [ACK] Seq=244961 Ack=518890 Win=2056 Len=0"
"4510","58.620809","ab.chatgpt.com","FioImma.local","TCP","1514","443  >  54679 [ACK] Seq=518890 Ack=244961 Win=64 Len=1460 [TCP PDU reassembled in 4511]"
"4511","58.620809","ab.chatgpt.com","FioImma.local","TLSv1.2","748","Application Data"
"4512","58.620809","ab.chatgpt.com","FioImma.local","TCP","1514","443  >  54679 [ACK] Seq=521044 Ack=244961 Win=64 Len=1460 [TCP PDU reassembled in 4513]"
"4513","58.620809","ab.chatgpt.com","FioImma.local","TLSv1.2","748","Application Data"
"4514","58.620917","FioImma.local","ab.chatgpt.com","TCP","54","54679  >  443 [ACK] Seq=244961 Ack=523198 Win=2056 Len=0"
"4515","58.624715","ab.chatgpt.com","FioImma.local","TCP","1514","443  >  54679 [ACK] Seq=523198 Ack=244961 Win=64 Len=1460 [TCP PDU reassembled in 4516]"
"4516","58.624715","ab.chatgpt.com","FioImma.local","TLSv1.2","748","Application Data"
"4517","58.624800","FioImma.local","ab.chatgpt.com","TCP","54","54679  >  443 [ACK] Seq=244961 Ack=525352 Win=2056 Len=0"
"4518","58.627563","ab.chatgpt.com","FioImma.local","TCP","1514","443  >  54679 [ACK] Seq=525352 Ack=244961 Win=64 Len=1460 [TCP PDU reassembled in 4520]"
"4519","58.627634","FioImma.local","ab.chatgpt.com","TCP","54","54679  >  443 [ACK] Seq=244961 Ack=526812 Win=2056 Len=0"
"4520","58.628911","ab.chatgpt.com","FioImma.local","TLSv1.2","748","Application Data"
"4521","58.632493","ab.chatgpt.com","FioImma.local","TCP","1514","443  >  54679 [ACK] Seq=527506 Ack=244961 Win=64 Len=1460 [TCP PDU reassembled in 4522]"
"4522","58.632493","ab.chatgpt.com","FioImma.local","TLSv1.2","780","Application Data"
"4523","58.632553","FioImma.local","ab.chatgpt.com","TCP","54","54679  >  443 [ACK] Seq=244961 Ack=529692 Win=2056 Len=0"
"4524","58.641904","ab.chatgpt.com","FioImma.local","TCP","1514","443  >  54679 [ACK] Seq=529692 Ack=244961 Win=64 Len=1460 [TCP PDU reassembled in 4525]"
"4525","58.641904","ab.chatgpt.com","FioImma.local","TLSv1.2","780","Application Data"
"4526","58.641981","FioImma.local","ab.chatgpt.com","TCP","54","54679  >  443 [ACK] Seq=244961 Ack=531878 Win=2056 Len=0"
"4527","58.654467","ab.chatgpt.com","FioImma.local","TCP","1514","443  >  54679 [ACK] Seq=531878 Ack=244961 Win=64 Len=1460 [TCP PDU reassembled in 4528]"
"4528","58.654467","ab.chatgpt.com","FioImma.local","TLSv1.2","780","Application Data"
"4529","58.654547","FioImma.local","ab.chatgpt.com","TCP","54","54679  >  443 [ACK] Seq=244961 Ack=534064 Win=2056 Len=0"
"4530","58.661873","ab.chatgpt.com","FioImma.local","TCP","1514","443  >  54679 [ACK] Seq=534064 Ack=244961 Win=64 Len=1460 [TCP PDU reassembled in 4531]"
"4531","58.661873","ab.chatgpt.com","FioImma.local","TLSv1.2","780","Application Data"
"4532","58.661873","ab.chatgpt.com","FioImma.local","TCP","1514","443  >  54679 [ACK] Seq=536250 Ack=244961 Win=64 Len=1460 [TCP PDU reassembled in 4533]"
"4533","58.661873","ab.chatgpt.com","FioImma.local","TLSv1.2","780","Application Data"
"4534","58.661962","FioImma.local","ab.chatgpt.com","TCP","54","54679  >  443 [ACK] Seq=244961 Ack=538436 Win=2056 Len=0"
"4535","58.675430","ab.chatgpt.com","FioImma.local","TCP","1514","443  >  54679 [ACK] Seq=538436 Ack=244961 Win=64 Len=1460 [TCP PDU reassembled in 4536]"
"4536","58.675430","ab.chatgpt.com","FioImma.local","TLSv1.2","780","Application Data"
"4537","58.675430","ab.chatgpt.com","FioImma.local","TCP","1514","443  >  54679 [ACK] Seq=540622 Ack=244961 Win=64 Len=1460 [TCP PDU reassembled in 4538]"
"4538","58.675430","ab.chatgpt.com","FioImma.local","TLSv1.2","780","Application Data"
"4539","58.675544","FioImma.local","ab.chatgpt.com","TCP","54","54679  >  443 [ACK] Seq=244961 Ack=542808 Win=2056 Len=0"
"4540","58.676356","ab.chatgpt.com","FioImma.local","TCP","1514","443  >  54679 [ACK] Seq=542808 Ack=244961 Win=64 Len=1460 [TCP PDU reassembled in 4541]"
"4541","58.676356","ab.chatgpt.com","FioImma.local","TLSv1.2","769","Application Data"
"4542","58.676422","FioImma.local","ab.chatgpt.com","TCP","54","54679  >  443 [ACK] Seq=244961 Ack=544983 Win=2056 Len=0"
"4543","58.685078","ab.chatgpt.com","FioImma.local","TCP","1514","443  >  54679 [ACK] Seq=544983 Ack=244961 Win=64 Len=1460 [TCP PDU reassembled in 4544]"
"4544","58.685078","ab.chatgpt.com","FioImma.local","TLSv1.2","812","Application Data"
"4545","58.685144","FioImma.local","ab.chatgpt.com","TCP","54","54679  >  443 [ACK] Seq=244961 Ack=547201 Win=2056 Len=0"
"4546","58.690135","ab.chatgpt.com","FioImma.local","TCP","1514","443  >  54679 [ACK] Seq=547201 Ack=244961 Win=64 Len=1460 [TCP PDU reassembled in 4547]"
"4547","58.690135","ab.chatgpt.com","FioImma.local","TLSv1.2","812","Application Data"
"4548","58.690201","FioImma.local","ab.chatgpt.com","TCP","54","54679  >  443 [ACK] Seq=244961 Ack=549419 Win=2056 Len=0"
"4549","58.694157","ab.chatgpt.com","FioImma.local","TCP","1514","443  >  54679 [ACK] Seq=549419 Ack=244961 Win=64 Len=1460 [TCP PDU reassembled in 4550]"
"4550","58.694157","ab.chatgpt.com","FioImma.local","TLSv1.2","812","Application Data"
"4551","58.694214","FioImma.local","ab.chatgpt.com","TCP","54","54679  >  443 [ACK] Seq=244961 Ack=551637 Win=2056 Len=0"
"4552","58.699086","ab.chatgpt.com","FioImma.local","TLSv1.2","624","Application Data"
"4553","58.700337","ab.chatgpt.com","FioImma.local","TLSv1.2","99","Application Data"
"4554","58.700337","ab.chatgpt.com","FioImma.local","TLSv1.2","85","Application Data"
"4555","58.700391","FioImma.local","ab.chatgpt.com","TCP","54","54679  >  443 [ACK] Seq=244961 Ack=552283 Win=2053 Len=0"
"4556","58.712652","ab.chatgpt.com","FioImma.local","TCP","1514","443  >  54679 [ACK] Seq=552283 Ack=244961 Win=64 Len=1460 [TCP PDU reassembled in 4557]"
"4557","58.712652","ab.chatgpt.com","FioImma.local","TLSv1.2","844","Application Data"
"4558","58.712736","FioImma.local","ab.chatgpt.com","TCP","54","54679  >  443 [ACK] Seq=244961 Ack=554533 Win=2056 Len=0"
"4559","58.717069","ab.chatgpt.com","FioImma.local","TCP","1514","443  >  54679 [ACK] Seq=554533 Ack=244961 Win=64 Len=1460 [TCP PDU reassembled in 4560]"
"4560","58.717069","ab.chatgpt.com","FioImma.local","TLSv1.2","844","Application Data"
"4561","58.717137","FioImma.local","ab.chatgpt.com","TCP","54","54679  >  443 [ACK] Seq=244961 Ack=556783 Win=2056 Len=0"
"4562","58.737009","ab.chatgpt.com","FioImma.local","TCP","1514","443  >  54679 [ACK] Seq=556783 Ack=244961 Win=64 Len=1460 [TCP PDU reassembled in 4563]"
"4563","58.737009","ab.chatgpt.com","FioImma.local","TLSv1.2","844","Application Data"
"4564","58.737130","FioImma.local","ab.chatgpt.com","TCP","54","54679  >  443 [ACK] Seq=244961 Ack=559033 Win=2056 Len=0"
"4565","58.745528","ab.chatgpt.com","FioImma.local","TCP","1514","443  >  54679 [ACK] Seq=559033 Ack=244961 Win=64 Len=1460 [TCP PDU reassembled in 4566]"
"4566","58.745528","ab.chatgpt.com","FioImma.local","TLSv1.2","844","Application Data"
"4567","58.745599","FioImma.local","ab.chatgpt.com","TCP","54","54679  >  443 [ACK] Seq=244961 Ack=561283 Win=2056 Len=0"
"4568","58.748944","ab.chatgpt.com","FioImma.local","TCP","1514","443  >  54679 [ACK] Seq=561283 Ack=244961 Win=64 Len=1460 [TCP PDU reassembled in 4569]"
"4569","58.748944","ab.chatgpt.com","FioImma.local","TLSv1.2","844","Application Data"
"4570","58.749028","FioImma.local","ab.chatgpt.com","TCP","54","54679  >  443 [ACK] Seq=244961 Ack=563533 Win=2056 Len=0"
"4571","58.779020","ab.chatgpt.com","FioImma.local","TCP","1514","443  >  54679 [ACK] Seq=563533 Ack=244961 Win=64 Len=1460 [TCP PDU reassembled in 4572]"
"4572","58.780868","ab.chatgpt.com","FioImma.local","TLSv1.2","844","Application Data"
"4573","58.780933","FioImma.local","ab.chatgpt.com","TCP","54","54679  >  443 [ACK] Seq=244961 Ack=565783 Win=2056 Len=0"
"4574","58.795473","ab.chatgpt.com","FioImma.local","TCP","1514","443  >  54679 [ACK] Seq=565783 Ack=244961 Win=64 Len=1460 [TCP PDU reassembled in 4575]"
"4575","58.795473","ab.chatgpt.com","FioImma.local","TLSv1.2","876","Application Data"
"4576","58.795568","FioImma.local","ab.chatgpt.com","TCP","54","54679  >  443 [ACK] Seq=244961 Ack=568065 Win=2056 Len=0"
"4577","58.812158","ab.chatgpt.com","FioImma.local","TCP","1514","443  >  54679 [ACK] Seq=568065 Ack=244961 Win=64 Len=1460 [TCP PDU reassembled in 4578]"
"4578","58.812158","ab.chatgpt.com","FioImma.local","TLSv1.2","876","Application Data"
"4579","58.812263","FioImma.local","ab.chatgpt.com","TCP","54","54679  >  443 [ACK] Seq=244961 Ack=570347 Win=2056 Len=0"
"4580","58.826752","ab.chatgpt.com","FioImma.local","TCP","1514","443  >  54679 [ACK] Seq=570347 Ack=244961 Win=64 Len=1460 [TCP PDU reassembled in 4581]"
"4581","58.826752","ab.chatgpt.com","FioImma.local","TLSv1.2","876","Application Data"
"4582","58.826866","FioImma.local","ab.chatgpt.com","TCP","54","54679  >  443 [ACK] Seq=244961 Ack=572629 Win=2056 Len=0"
"4583","58.859739","ab.chatgpt.com","FioImma.local","TCP","1514","443  >  54679 [ACK] Seq=572629 Ack=244961 Win=64 Len=1460 [TCP PDU reassembled in 4584]"
"4584","58.859739","ab.chatgpt.com","FioImma.local","TLSv1.2","876","Application Data"
"4585","58.859842","FioImma.local","ab.chatgpt.com","TCP","54","54679  >  443 [ACK] Seq=244961 Ack=574911 Win=2056 Len=0"
"4586","58.924243","ab.chatgpt.com","FioImma.local","TCP","1514","443  >  54679 [ACK] Seq=574911 Ack=244961 Win=64 Len=1460 [TCP PDU reassembled in 4587]"
"4587","58.924243","ab.chatgpt.com","FioImma.local","TLSv1.2","865","Application Data"
"4588","58.924357","FioImma.local","ab.chatgpt.com","TCP","54","54679  >  443 [ACK] Seq=244961 Ack=577182 Win=2056 Len=0"
"4589","58.940655","ab.chatgpt.com","FioImma.local","TCP","1514","443  >  54679 [ACK] Seq=577182 Ack=244961 Win=64 Len=1460 [TCP PDU reassembled in 4591]"
"4590","58.941809","ab.chatgpt.com","FioImma.local","TCP","7354","443  >  54679 [ACK] Seq=578642 Ack=244961 Win=64 Len=7300 [TCP PDU reassembled in 4591]"
"4591","58.941809","ab.chatgpt.com","FioImma.local","TLSv1.2","466","Application Data"
"4592","58.941891","FioImma.local","ab.chatgpt.com","TCP","54","54679  >  443 [ACK] Seq=244961 Ack=586354 Win=2056 Len=0"
"4593","58.945275","ab.chatgpt.com","FioImma.local","TCP","1514","443  >  54679 [ACK] Seq=586354 Ack=244961 Win=64 Len=1460 [TCP PDU reassembled in 4594]"
"4594","58.945275","ab.chatgpt.com","FioImma.local","TLSv1.2","940","Application Data"
"4595","58.945352","FioImma.local","ab.chatgpt.com","TCP","54","54679  >  443 [ACK] Seq=244961 Ack=588700 Win=2056 Len=0"
"4596","58.958581","ab.chatgpt.com","FioImma.local","TCP","4434","443  >  54679 [ACK] Seq=588700 Ack=244961 Win=64 Len=4380 [TCP PDU reassembled in 4597]"
"4597","58.958581","ab.chatgpt.com","FioImma.local","TLSv1.2","335","Application Data"
"4598","58.958639","FioImma.local","ab.chatgpt.com","TCP","54","54679  >  443 [ACK] Seq=244961 Ack=593361 Win=2056 Len=0"
"4599","58.965908","ab.chatgpt.com","FioImma.local","TCP","1514","443  >  54679 [ACK] Seq=593361 Ack=244961 Win=64 Len=1460 [TCP PDU reassembled in 4600]"
"4600","58.965908","ab.chatgpt.com","FioImma.local","TLSv1.2","940","Application Data"
"4601","58.965968","FioImma.local","ab.chatgpt.com","TCP","54","54679  >  443 [ACK] Seq=244961 Ack=595707 Win=2056 Len=0"
"4602","58.972369","ab.chatgpt.com","FioImma.local","TCP","1514","443  >  54679 [ACK] Seq=595707 Ack=244961 Win=64 Len=1460 [TCP PDU reassembled in 4603]"
"4603","58.972369","ab.chatgpt.com","FioImma.local","TLSv1.2","940","Application Data"
"4604","58.972369","ab.chatgpt.com","FioImma.local","TCP","1514","443  >  54679 [ACK] Seq=598053 Ack=244961 Win=64 Len=1460 [TCP PDU reassembled in 4606]"
"4605","58.972422","FioImma.local","ab.chatgpt.com","TCP","54","54679  >  443 [ACK] Seq=244961 Ack=599513 Win=2056 Len=0"
"4606","58.974958","ab.chatgpt.com","FioImma.local","TLSv1.2","940","Application Data"
"4607","58.978825","ab.chatgpt.com","FioImma.local","TCP","1514","443  >  54679 [ACK] Seq=600399 Ack=244961 Win=64 Len=1460 [TCP PDU reassembled in 4608]"
"4608","58.978825","ab.chatgpt.com","FioImma.local","TLSv1.2","972","Application Data"
"4609","58.978888","FioImma.local","ab.chatgpt.com","TCP","54","54679  >  443 [ACK] Seq=244961 Ack=602777 Win=2056 Len=0"
"4610","58.980989","ab.chatgpt.com","FioImma.local","TCP","1514","443  >  54679 [ACK] Seq=602777 Ack=244961 Win=64 Len=1460 [TCP PDU reassembled in 4611]"
"4611","58.980989","ab.chatgpt.com","FioImma.local","TLSv1.2","972","Application Data"
"4612","58.981057","FioImma.local","ab.chatgpt.com","TCP","54","54679  >  443 [ACK] Seq=244961 Ack=605155 Win=2056 Len=0"
"4613","58.987493","ab.chatgpt.com","FioImma.local","TCP","1514","443  >  54679 [ACK] Seq=605155 Ack=244961 Win=64 Len=1460 [TCP PDU reassembled in 4614]"
"4614","58.987493","ab.chatgpt.com","FioImma.local","TLSv1.2","972","Application Data"
"4615","58.987493","ab.chatgpt.com","FioImma.local","TCP","1514","443  >  54679 [ACK] Seq=607533 Ack=244961 Win=64 Len=1460 [TCP PDU reassembled in 4616]"
"4616","58.987493","ab.chatgpt.com","FioImma.local","TLSv1.2","972","Application Data"
"4617","58.987604","FioImma.local","ab.chatgpt.com","TCP","54","54679  >  443 [ACK] Seq=244961 Ack=609911 Win=2056 Len=0"
"4618","58.989180","ab.chatgpt.com","FioImma.local","TCP","1514","443  >  54679 [ACK] Seq=609911 Ack=244961 Win=64 Len=1460 [TCP PDU reassembled in 4620]"
"4619","58.989225","FioImma.local","ab.chatgpt.com","TCP","54","54679  >  443 [ACK] Seq=244961 Ack=611371 Win=2056 Len=0"
"4620","58.990658","ab.chatgpt.com","FioImma.local","TLSv1.2","972","Application Data"
"4621","59.001478","ab.chatgpt.com","FioImma.local","TCP","1514","443  >  54679 [ACK] Seq=612289 Ack=244961 Win=64 Len=1460 [TCP PDU reassembled in 4622]"
"4622","59.001478","ab.chatgpt.com","FioImma.local","TLSv1.2","972","Application Data"
"4623","59.001559","FioImma.local","ab.chatgpt.com","TCP","54","54679  >  443 [ACK] Seq=244961 Ack=614667 Win=2056 Len=0"
"4624","59.015117","ab.chatgpt.com","FioImma.local","TCP","1514","443  >  54679 [ACK] Seq=614667 Ack=244961 Win=64 Len=1460 [TCP PDU reassembled in 4625]"
"4625","59.015117","ab.chatgpt.com","FioImma.local","TLSv1.2","1004","Application Data"
"4626","59.015220","FioImma.local","ab.chatgpt.com","TCP","54","54679  >  443 [ACK] Seq=244961 Ack=617077 Win=2056 Len=0"
"4627","59.023613","ab.chatgpt.com","FioImma.local","TCP","1514","443  >  54679 [ACK] Seq=617077 Ack=244961 Win=64 Len=1460 [TCP PDU reassembled in 4628]"
"4628","59.023613","ab.chatgpt.com","FioImma.local","TLSv1.2","1004","Application Data"
"4629","59.023707","FioImma.local","ab.chatgpt.com","TCP","54","54679  >  443 [ACK] Seq=244961 Ack=619487 Win=2056 Len=0"
"4630","59.040263","ab.chatgpt.com","FioImma.local","TCP","1514","443  >  54679 [ACK] Seq=619487 Ack=244961 Win=64 Len=1460 [TCP PDU reassembled in 4631]"
"4631","59.040263","ab.chatgpt.com","FioImma.local","TLSv1.2","1004","Application Data"
"4632","59.040370","FioImma.local","ab.chatgpt.com","TCP","54","54679  >  443 [ACK] Seq=244961 Ack=621897 Win=2056 Len=0"
"4633","59.047590","ab.chatgpt.com","FioImma.local","TCP","1514","443  >  54679 [ACK] Seq=621897 Ack=244961 Win=64 Len=1460 [TCP PDU reassembled in 4634]"
"4634","59.047590","ab.chatgpt.com","FioImma.local","TLSv1.2","1004","Application Data"
"4635","59.047680","FioImma.local","ab.chatgpt.com","TCP","54","54679  >  443 [ACK] Seq=244961 Ack=624307 Win=2056 Len=0"
"4636","59.055057","ab.chatgpt.com","FioImma.local","TCP","1514","443  >  54679 [ACK] Seq=624307 Ack=244961 Win=64 Len=1460 [TCP PDU reassembled in 4637]"
"4637","59.055853","ab.chatgpt.com","FioImma.local","TLSv1.2","1036","Application Data"
"4638","59.055929","FioImma.local","ab.chatgpt.com","TCP","54","54679  >  443 [ACK] Seq=244961 Ack=626749 Win=2056 Len=0"
"4639","59.071486","ab.chatgpt.com","FioImma.local","TCP","1514","443  >  54679 [ACK] Seq=626749 Ack=244961 Win=64 Len=1460 [TCP PDU reassembled in 4640]"
"4640","59.071486","ab.chatgpt.com","FioImma.local","TLSv1.2","1036","Application Data"
"4641","59.071555","FioImma.local","ab.chatgpt.com","TCP","54","54679  >  443 [ACK] Seq=244961 Ack=629191 Win=2056 Len=0"
"4642","59.075875","ab.chatgpt.com","FioImma.local","TCP","1514","443  >  54679 [ACK] Seq=629191 Ack=244961 Win=64 Len=1460 [TCP PDU reassembled in 4643]"
"4643","59.075875","ab.chatgpt.com","FioImma.local","TLSv1.2","1036","Application Data"
"4644","59.075948","FioImma.local","ab.chatgpt.com","TCP","54","54679  >  443 [ACK] Seq=244961 Ack=631633 Win=2056 Len=0"
"4645","59.084267","ab.chatgpt.com","FioImma.local","TCP","1514","443  >  54679 [ACK] Seq=631633 Ack=244961 Win=64 Len=1460 [TCP PDU reassembled in 4646]"
"4646","59.084267","ab.chatgpt.com","FioImma.local","TLSv1.2","1036","Application Data"
"4647","59.084310","FioImma.local","ab.chatgpt.com","TCP","54","54679  >  443 [ACK] Seq=244961 Ack=634075 Win=2056 Len=0"
"4648","59.090659","ab.chatgpt.com","FioImma.local","TCP","1514","443  >  54679 [ACK] Seq=634075 Ack=244961 Win=64 Len=1460 [TCP PDU reassembled in 4649]"
"4649","59.090659","ab.chatgpt.com","FioImma.local","TLSv1.2","1036","Application Data"
"4650","59.090700","FioImma.local","ab.chatgpt.com","TCP","54","54679  >  443 [ACK] Seq=244961 Ack=636517 Win=2056 Len=0"
"4651","59.099191","FioImma.local","ab.chatgpt.com","TLSv1.2","89","Application Data"
"4652","59.110998","ab.chatgpt.com","FioImma.local","TCP","1514","443  >  54679 [ACK] Seq=636517 Ack=244961 Win=64 Len=1460 [TCP PDU reassembled in 4653]"
"4653","59.110998","ab.chatgpt.com","FioImma.local","TLSv1.2","1036","Application Data"
"4654","59.111100","FioImma.local","ab.chatgpt.com","TCP","54","54679  >  443 [ACK] Seq=244996 Ack=638959 Win=2056 Len=0"
"4655","59.114941","ab.chatgpt.com","FioImma.local","TCP","1514","443  >  54679 [ACK] Seq=638959 Ack=244961 Win=64 Len=1460 [TCP PDU reassembled in 4657]"
"4656","59.115016","FioImma.local","ab.chatgpt.com","TCP","54","54679  >  443 [ACK] Seq=244996 Ack=640419 Win=2056 Len=0"
"4657","59.115728","ab.chatgpt.com","FioImma.local","TLSv1.2","1036","Application Data"
"4658","59.115754","FioImma.local","ab.chatgpt.com","TCP","54","54679  >  443 [ACK] Seq=244996 Ack=641401 Win=2052 Len=0"
"4659","59.124152","ab.chatgpt.com","FioImma.local","TCP","1514","443  >  54679 [ACK] Seq=641401 Ack=244961 Win=64 Len=1460 [TCP PDU reassembled in 4660]"
"4660","59.124152","ab.chatgpt.com","FioImma.local","TLSv1.2","1036","Application Data"
"4661","59.124226","FioImma.local","ab.chatgpt.com","TCP","54","54679  >  443 [ACK] Seq=244996 Ack=643843 Win=2056 Len=0"
"4662","59.143156","ab.chatgpt.com","FioImma.local","TCP","1514","443  >  54679 [ACK] Seq=643843 Ack=244996 Win=64 Len=1460 [TCP PDU reassembled in 4663]"
"4663","59.143156","ab.chatgpt.com","FioImma.local","TLSv1.2","1068","Application Data"
"4664","59.143231","FioImma.local","ab.chatgpt.com","TCP","54","54679  >  443 [ACK] Seq=244996 Ack=646317 Win=2056 Len=0"
"4665","59.148491","ab.chatgpt.com","FioImma.local","TCP","1514","443  >  54679 [ACK] Seq=646317 Ack=244996 Win=64 Len=1460 [TCP PDU reassembled in 4666]"
"4666","59.148491","ab.chatgpt.com","FioImma.local","TLSv1.2","1068","Application Data"
"4667","59.148582","FioImma.local","ab.chatgpt.com","TCP","54","54679  >  443 [ACK] Seq=244996 Ack=648791 Win=2056 Len=0"
"4668","59.172365","ab.chatgpt.com","FioImma.local","TCP","1514","443  >  54679 [ACK] Seq=648791 Ack=244996 Win=64 Len=1460 [TCP PDU reassembled in 4669]"
"4669","59.172365","ab.chatgpt.com","FioImma.local","TLSv1.2","1068","Application Data"
"4670","59.172442","FioImma.local","ab.chatgpt.com","TCP","54","54679  >  443 [ACK] Seq=244996 Ack=651265 Win=2056 Len=0"
"4671","59.178056","ab.chatgpt.com","FioImma.local","TCP","1514","443  >  54679 [ACK] Seq=651265 Ack=244996 Win=64 Len=1460 [TCP PDU reassembled in 4672]"
"4672","59.178056","ab.chatgpt.com","FioImma.local","TLSv1.2","1068","Application Data"
"4673","59.178123","FioImma.local","ab.chatgpt.com","TCP","54","54679  >  443 [ACK] Seq=244996 Ack=653739 Win=2056 Len=0"
"4674","59.191922","ab.chatgpt.com","FioImma.local","TCP","1514","443  >  54679 [ACK] Seq=653739 Ack=244996 Win=64 Len=1460 [TCP PDU reassembled in 4675]"
"4675","59.193828","ab.chatgpt.com","FioImma.local","TLSv1.2","1100","Application Data"
"4676","59.193883","FioImma.local","ab.chatgpt.com","TCP","54","54679  >  443 [ACK] Seq=244996 Ack=656245 Win=2056 Len=0"
"4677","59.202588","ab.chatgpt.com","FioImma.local","TCP","1514","443  >  54679 [ACK] Seq=656245 Ack=244996 Win=64 Len=1460 [TCP PDU reassembled in 4678]"
"4678","59.202588","ab.chatgpt.com","FioImma.local","TLSv1.2","1100","Application Data"
"4679","59.202663","FioImma.local","ab.chatgpt.com","TCP","54","54679  >  443 [ACK] Seq=244996 Ack=658751 Win=2056 Len=0"
"4680","59.218909","ab.chatgpt.com","FioImma.local","TCP","1514","443  >  54679 [ACK] Seq=658751 Ack=244996 Win=64 Len=1460 [TCP PDU reassembled in 4681]"
"4681","59.218909","ab.chatgpt.com","FioImma.local","TLSv1.2","1100","Application Data"
"4682","59.219001","FioImma.local","ab.chatgpt.com","TCP","54","54679  >  443 [ACK] Seq=244996 Ack=661257 Win=2056 Len=0"
"4683","59.238048","ab.chatgpt.com","FioImma.local","TCP","1514","443  >  54679 [ACK] Seq=661257 Ack=244996 Win=64 Len=1460 [TCP PDU reassembled in 4684]"
"4684","59.238048","ab.chatgpt.com","FioImma.local","TLSv1.2","1100","Application Data"
"4685","59.238137","FioImma.local","ab.chatgpt.com","TCP","54","54679  >  443 [ACK] Seq=244996 Ack=663763 Win=2056 Len=0"
"4686","59.250657","ab.chatgpt.com","FioImma.local","TCP","1514","443  >  54679 [ACK] Seq=663763 Ack=244996 Win=64 Len=1460 [TCP PDU reassembled in 4687]"
"4687","59.250657","ab.chatgpt.com","FioImma.local","TLSv1.2","1132","Application Data"
"4688","59.250744","FioImma.local","ab.chatgpt.com","TCP","54","54679  >  443 [ACK] Seq=244996 Ack=666301 Win=2056 Len=0"
"4689","59.256950","ab.chatgpt.com","FioImma.local","TCP","1514","443  >  54679 [ACK] Seq=666301 Ack=244996 Win=64 Len=1460 [TCP PDU reassembled in 4690]"
"4690","59.256950","ab.chatgpt.com","FioImma.local","TLSv1.2","1132","Application Data"
"4691","59.257012","FioImma.local","ab.chatgpt.com","TCP","54","54679  >  443 [ACK] Seq=244996 Ack=668839 Win=2056 Len=0"
"4692","59.266221","ab.chatgpt.com","FioImma.local","TCP","1514","443  >  54679 [ACK] Seq=668839 Ack=244996 Win=64 Len=1460 [TCP PDU reassembled in 4693]"
"4693","59.267332","ab.chatgpt.com","FioImma.local","TLSv1.2","1132","Application Data"
"4694","59.267358","FioImma.local","ab.chatgpt.com","TCP","54","54679  >  443 [ACK] Seq=244996 Ack=671377 Win=2056 Len=0"
"4695","59.290129","ab.chatgpt.com","FioImma.local","TCP","1514","443  >  54679 [ACK] Seq=671377 Ack=244996 Win=64 Len=1460 [TCP PDU reassembled in 4696]"
"4696","59.290129","ab.chatgpt.com","FioImma.local","TLSv1.2","1132","Application Data"
"4697","59.290129","ab.chatgpt.com","FioImma.local","TCP","1514","443  >  54679 [ACK] Seq=673915 Ack=244996 Win=64 Len=1460 [TCP PDU reassembled in 4699]"
"4698","59.290205","FioImma.local","ab.chatgpt.com","TCP","54","54679  >  443 [ACK] Seq=244996 Ack=675375 Win=2056 Len=0"
"4699","59.292249","ab.chatgpt.com","FioImma.local","TLSv1.2","1132","Application Data"
"4700","59.292276","FioImma.local","ab.chatgpt.com","TCP","54","54679  >  443 [ACK] Seq=244996 Ack=676453 Win=2052 Len=0"
"4701","59.304792","ab.chatgpt.com","FioImma.local","TCP","1514","443  >  54679 [ACK] Seq=676453 Ack=244996 Win=64 Len=1460 [TCP PDU reassembled in 4702]"
"4702","59.304792","ab.chatgpt.com","FioImma.local","TLSv1.2","1132","Application Data"
"4703","59.304853","FioImma.local","ab.chatgpt.com","TCP","54","54679  >  443 [ACK] Seq=244996 Ack=678991 Win=2056 Len=0"
"4704","59.317768","ab.chatgpt.com","FioImma.local","TCP","1514","443  >  54679 [ACK] Seq=678991 Ack=244996 Win=64 Len=1460 [TCP PDU reassembled in 4705]"
"4705","59.317768","ab.chatgpt.com","FioImma.local","TLSv1.2","1121","Application Data"
"4706","59.317841","FioImma.local","ab.chatgpt.com","TCP","54","54679  >  443 [ACK] Seq=244996 Ack=681518 Win=2056 Len=0"
"4707","59.324095","ab.chatgpt.com","FioImma.local","TCP","1514","443  >  54679 [ACK] Seq=681518 Ack=244996 Win=64 Len=1460 [TCP PDU reassembled in 4708]"
"4708","59.324095","ab.chatgpt.com","FioImma.local","TLSv1.2","1164","Application Data"
"4709","59.324163","FioImma.local","ab.chatgpt.com","TCP","54","54679  >  443 [ACK] Seq=244996 Ack=684088 Win=2056 Len=0"
"4710","59.335392","ab.chatgpt.com","FioImma.local","TCP","1514","443  >  54679 [ACK] Seq=684088 Ack=244996 Win=64 Len=1460 [TCP PDU reassembled in 4712]"
"4711","59.336504","FioImma.local","ab.chatgpt.com","TLSv1.2","200","Application Data"
"4712","59.336581","ab.chatgpt.com","FioImma.local","TLSv1.2","1164","Application Data"
"4713","59.336586","FioImma.local","ab.chatgpt.com","TCP","1454","54680  >  443 [ACK] Seq=102019 Ack=5500 Win=514 Len=1400 [TCP PDU reassembled in 4714]"
"4714","59.336586","FioImma.local","ab.chatgpt.com","TLSv1.2","578","Application Data"
"4715","59.336629","FioImma.local","ab.chatgpt.com","TCP","54","54679  >  443 [ACK] Seq=244996 Ack=686658 Win=2056 Len=0"
"4716","59.346910","ab.chatgpt.com","FioImma.local","TCP","1514","443  >  54679 [ACK] Seq=686658 Ack=244996 Win=64 Len=1460 [TCP PDU reassembled in 4717]"
"4717","59.346910","ab.chatgpt.com","FioImma.local","TLSv1.2","1164","Application Data"
"4718","59.346991","FioImma.local","ab.chatgpt.com","TCP","54","54679  >  443 [ACK] Seq=244996 Ack=689228 Win=2056 Len=0"
"4719","59.349140","ab.chatgpt.com","FioImma.local","TCP","60","443  >  54680 [ACK] Seq=5500 Ack=102019 Win=64 Len=0"
"4720","59.349140","ab.chatgpt.com","FioImma.local","TCP","60","443  >  54680 [ACK] Seq=5500 Ack=103419 Win=64 Len=0"
"4721","59.349140","ab.chatgpt.com","FioImma.local","TCP","60","443  >  54680 [ACK] Seq=5500 Ack=103943 Win=64 Len=0"
"4722","59.354203","ab.chatgpt.com","FioImma.local","TCP","1514","443  >  54679 [ACK] Seq=689228 Ack=244996 Win=64 Len=1460 [TCP PDU reassembled in 4723]"
"4723","59.354203","ab.chatgpt.com","FioImma.local","TLSv1.2","1169","Application Data"
"4724","59.354262","FioImma.local","ab.chatgpt.com","TCP","54","54679  >  443 [ACK] Seq=244996 Ack=691803 Win=2056 Len=0"
"4725","59.360935","ab.chatgpt.com","FioImma.local","TCP","1514","443  >  54679 [ACK] Seq=691803 Ack=244996 Win=64 Len=1460 [TCP PDU reassembled in 4726]"
"4726","59.360935","ab.chatgpt.com","FioImma.local","TLSv1.2","1169","Application Data"
"4727","59.361001","FioImma.local","ab.chatgpt.com","TCP","54","54679  >  443 [ACK] Seq=244996 Ack=694378 Win=2056 Len=0"
"4728","59.369418","ab.chatgpt.com","FioImma.local","TCP","1514","443  >  54679 [ACK] Seq=694378 Ack=244996 Win=64 Len=1460 [TCP PDU reassembled in 4731]"
"4729","59.369418","ab.chatgpt.com","FioImma.local","TCP","1514","443  >  54679 [ACK] Seq=695838 Ack=244996 Win=64 Len=1460 [TCP PDU reassembled in 4731]"
"4730","59.369418","ab.chatgpt.com","FioImma.local","TCP","1514","443  >  54679 [ACK] Seq=697298 Ack=244996 Win=64 Len=1460 [TCP PDU reassembled in 4731]"
"4731","59.369418","ab.chatgpt.com","FioImma.local","TLSv1.2","793","Application Data"
"4732","59.369519","FioImma.local","ab.chatgpt.com","TCP","54","54679  >  443 [ACK] Seq=244996 Ack=699497 Win=2056 Len=0"
"4733","59.383083","ab.chatgpt.com","FioImma.local","TCP","1514","443  >  54679 [ACK] Seq=699497 Ack=244996 Win=64 Len=1460 [TCP PDU reassembled in 4734]"
"4734","59.384238","ab.chatgpt.com","FioImma.local","TLSv1.2","1169","Application Data"
"4735","59.384292","FioImma.local","ab.chatgpt.com","TCP","54","54679  >  443 [ACK] Seq=244996 Ack=702072 Win=2056 Len=0"
"4736","59.409775","ab.chatgpt.com","FioImma.local","TLSv1.2","572","Application Data"
"4737","59.409775","ab.chatgpt.com","FioImma.local","TLSv1.2","101","Application Data"
"4738","59.409775","ab.chatgpt.com","FioImma.local","TLSv1.2","85","Application Data"
"4739","59.409850","FioImma.local","ab.chatgpt.com","TCP","54","54680  >  443 [ACK] Seq=103943 Ack=6096 Win=511 Len=0"
"4740","59.411349","FioImma.local","ab.chatgpt.com","TLSv1.2","89","Application Data"
"4741","59.420110","ab.chatgpt.com","FioImma.local","TCP","14654","443  >  54679 [PSH, ACK] Seq=702072 Ack=244996 Win=64 Len=14600 [TCP PDU reassembled in 4742]"
"4742","59.420110","ab.chatgpt.com","FioImma.local","TLSv1.2","907","Application Data"
"4743","59.420200","FioImma.local","ab.chatgpt.com","TCP","54","54679  >  443 [ACK] Seq=244996 Ack=717525 Win=2056 Len=0"
"4744","59.421398","ab.chatgpt.com","FioImma.local","TCP","60","443  >  54680 [ACK] Seq=6096 Ack=103978 Win=64 Len=0"
"4745","59.422707","ab.chatgpt.com","FioImma.local","TCP","1514","443  >  54679 [ACK] Seq=717525 Ack=244996 Win=64 Len=1460 [TCP PDU reassembled in 4746]"
"4746","59.422707","ab.chatgpt.com","FioImma.local","TLSv1.2","1201","Application Data"
"4747","59.422774","FioImma.local","ab.chatgpt.com","TCP","54","54679  >  443 [ACK] Seq=244996 Ack=720132 Win=2056 Len=0"
"4748","59.427427","ab.chatgpt.com","FioImma.local","TCP","1514","443  >  54679 [ACK] Seq=720132 Ack=244996 Win=64 Len=1460 [TCP PDU reassembled in 4749]"
"4749","59.427427","ab.chatgpt.com","FioImma.local","TLSv1.2","1201","Application Data"
"4750","59.427524","FioImma.local","ab.chatgpt.com","TCP","54","54679  >  443 [ACK] Seq=244996 Ack=722739 Win=2056 Len=0"
"4751","59.438539","ab.chatgpt.com","FioImma.local","TCP","1514","443  >  54679 [ACK] Seq=722739 Ack=244996 Win=64 Len=1460 [TCP PDU reassembled in 4752]"
"4752","59.438539","ab.chatgpt.com","FioImma.local","TLSv1.2","1201","Application Data"
"4753","59.438621","FioImma.local","ab.chatgpt.com","TCP","54","54679  >  443 [ACK] Seq=244996 Ack=725346 Win=2056 Len=0"
"4754","59.455128","ab.chatgpt.com","FioImma.local","TCP","1514","443  >  54679 [ACK] Seq=725346 Ack=244996 Win=64 Len=1460 [TCP PDU reassembled in 4755]"
"4755","59.455128","ab.chatgpt.com","FioImma.local","TLSv1.2","1206","Application Data"
"4756","59.455219","FioImma.local","ab.chatgpt.com","TCP","54","54679  >  443 [ACK] Seq=244996 Ack=727958 Win=2056 Len=0"
"4757","59.462693","ab.chatgpt.com","FioImma.local","TCP","1514","443  >  54679 [ACK] Seq=727958 Ack=244996 Win=64 Len=1460 [TCP PDU reassembled in 4758]"
"4758","59.462693","ab.chatgpt.com","FioImma.local","TLSv1.2","1238","Application Data"
"4759","59.462783","FioImma.local","ab.chatgpt.com","TCP","54","54679  >  443 [ACK] Seq=244996 Ack=730602 Win=2056 Len=0"
"4760","59.484286","ab.chatgpt.com","FioImma.local","TCP","1514","443  >  54679 [ACK] Seq=730602 Ack=244996 Win=64 Len=1460 [TCP PDU reassembled in 4761]"
"4761","59.484286","ab.chatgpt.com","FioImma.local","TLSv1.2","1238","Application Data"
"4762","59.484402","FioImma.local","ab.chatgpt.com","TCP","54","54679  >  443 [ACK] Seq=244996 Ack=733246 Win=2056 Len=0"
"4763","59.496699","ab.chatgpt.com","FioImma.local","TCP","1514","443  >  54679 [ACK] Seq=733246 Ack=244996 Win=64 Len=1460 [TCP PDU reassembled in 4764]"
"4764","59.497952","ab.chatgpt.com","FioImma.local","TLSv1.2","1238","Application Data"
"4765","59.498026","FioImma.local","ab.chatgpt.com","TCP","54","54679  >  443 [ACK] Seq=244996 Ack=735890 Win=2056 Len=0"
"4766","59.509329","ab.chatgpt.com","FioImma.local","TCP","1514","443  >  54679 [ACK] Seq=735890 Ack=244996 Win=64 Len=1460 [TCP PDU reassembled in 4767]"
"4767","59.509329","ab.chatgpt.com","FioImma.local","TLSv1.2","1238","Application Data"
"4768","59.509428","FioImma.local","ab.chatgpt.com","TCP","54","54679  >  443 [ACK] Seq=244996 Ack=738534 Win=2056 Len=0"
"4769","59.514828","ab.chatgpt.com","FioImma.local","TCP","1514","443  >  54679 [ACK] Seq=738534 Ack=244996 Win=64 Len=1460 [TCP PDU reassembled in 4770]"
"4770","59.514828","ab.chatgpt.com","FioImma.local","TLSv1.2","1238","Application Data"
"4771","59.514867","FioImma.local","ab.chatgpt.com","TCP","54","54679  >  443 [ACK] Seq=244996 Ack=741178 Win=2056 Len=0"
"4772","59.518456","ab.chatgpt.com","FioImma.local","TCP","1514","443  >  54679 [ACK] Seq=741178 Ack=244996 Win=64 Len=1460 [TCP PDU reassembled in 4773]"
"4773","59.518456","ab.chatgpt.com","FioImma.local","TLSv1.2","1270","Application Data"
"4774","59.518491","FioImma.local","ab.chatgpt.com","TCP","54","54679  >  443 [ACK] Seq=244996 Ack=743854 Win=2056 Len=0"
"4775","59.536607","ab.chatgpt.com","FioImma.local","TCP","4434","443  >  54679 [ACK] Seq=743854 Ack=244996 Win=64 Len=4380 [TCP PDU reassembled in 4776]"
"4776","59.536607","ab.chatgpt.com","FioImma.local","TLSv1.2","995","Application Data"
"4777","59.536700","FioImma.local","ab.chatgpt.com","TCP","54","54679  >  443 [ACK] Seq=244996 Ack=749175 Win=2056 Len=0"
"4778","59.538735","ab.chatgpt.com","FioImma.local","TCP","1514","443  >  54679 [ACK] Seq=749175 Ack=244996 Win=64 Len=1460 [TCP PDU reassembled in 4779]"
"4779","59.542472","ab.chatgpt.com","FioImma.local","TLSv1.2","1302","Application Data"
"4780","59.542511","FioImma.local","ab.chatgpt.com","TCP","54","54679  >  443 [ACK] Seq=244996 Ack=751883 Win=2056 Len=0"
"4781","59.558076","ab.chatgpt.com","FioImma.local","TCP","1514","443  >  54679 [ACK] Seq=751883 Ack=244996 Win=64 Len=1460 [TCP PDU reassembled in 4782]"
"4782","59.558076","ab.chatgpt.com","FioImma.local","TLSv1.2","1302","Application Data"
"4783","59.558137","FioImma.local","ab.chatgpt.com","TCP","54","54679  >  443 [ACK] Seq=244996 Ack=754591 Win=2056 Len=0"
"4784","59.565238","ab.chatgpt.com","FioImma.local","TCP","1514","443  >  54679 [ACK] Seq=754591 Ack=244996 Win=64 Len=1460 [TCP PDU reassembled in 4785]"
"4785","59.565238","ab.chatgpt.com","FioImma.local","TLSv1.2","1302","Application Data"
"4786","59.565307","FioImma.local","ab.chatgpt.com","TCP","54","54679  >  443 [ACK] Seq=244996 Ack=757299 Win=2056 Len=0"
"4787","59.575195","ab.chatgpt.com","FioImma.local","TCP","1514","443  >  54679 [ACK] Seq=757299 Ack=244996 Win=64 Len=1460 [TCP PDU reassembled in 4788]"
"4788","59.575195","ab.chatgpt.com","FioImma.local","TLSv1.2","1302","Application Data"
"4789","59.575254","FioImma.local","ab.chatgpt.com","TCP","54","54679  >  443 [ACK] Seq=244996 Ack=760007 Win=2056 Len=0"
"4790","59.580146","ab.chatgpt.com","FioImma.local","TCP","1514","443  >  54679 [ACK] Seq=760007 Ack=244996 Win=64 Len=1460 [TCP PDU reassembled in 4791]"
"4791","59.580146","ab.chatgpt.com","FioImma.local","TLSv1.2","1302","Application Data"
"4792","59.580210","FioImma.local","ab.chatgpt.com","TCP","54","54679  >  443 [ACK] Seq=244996 Ack=762715 Win=2056 Len=0"
"4793","59.597845","ab.chatgpt.com","FioImma.local","TCP","1514","443  >  54679 [ACK] Seq=762715 Ack=244996 Win=64 Len=1460 [TCP PDU reassembled in 4794]"
"4794","59.597845","ab.chatgpt.com","FioImma.local","TLSv1.2","1302","Application Data"
"4795","59.597934","FioImma.local","ab.chatgpt.com","TCP","54","54679  >  443 [ACK] Seq=244996 Ack=765423 Win=2056 Len=0"
"4796","59.610440","ab.chatgpt.com","FioImma.local","TCP","1514","443  >  54679 [ACK] Seq=765423 Ack=244996 Win=64 Len=1460 [TCP PDU reassembled in 4797]"
"4797","59.611791","ab.chatgpt.com","FioImma.local","TLSv1.2","1302","Application Data"
"4798","59.611845","FioImma.local","ab.chatgpt.com","TCP","54","54679  >  443 [ACK] Seq=244996 Ack=768131 Win=2056 Len=0"
"4799","59.626146","FioImma.local","fonts.gstatic.com","TCP","55","[TCP Keep-Alive] 54768  >  443 [ACK] Seq=1 Ack=1 Win=510 Len=1"
"4800","59.629036","ab.chatgpt.com","FioImma.local","TCP","1514","443  >  54679 [ACK] Seq=768131 Ack=244996 Win=64 Len=1460 [TCP PDU reassembled in 4801]"
"4801","59.629036","ab.chatgpt.com","FioImma.local","TLSv1.2","1302","Application Data"
"4802","59.629087","FioImma.local","ab.chatgpt.com","TCP","54","54679  >  443 [ACK] Seq=244996 Ack=770839 Win=2056 Len=0"
"4803","59.637895","fonts.gstatic.com","FioImma.local","TCP","66","[TCP Keep-Alive ACK] 443  >  54768 [ACK] Seq=1 Ack=2 Win=290 Len=0 SLE=1 SRE=2"
"4804","59.644224","ab.chatgpt.com","FioImma.local","TCP","1514","443  >  54679 [ACK] Seq=770839 Ack=244996 Win=64 Len=1460 [TCP PDU reassembled in 4805]"
"4805","59.644224","ab.chatgpt.com","FioImma.local","TLSv1.2","1334","Application Data"
"4806","59.644291","FioImma.local","ab.chatgpt.com","TCP","54","54679  >  443 [ACK] Seq=244996 Ack=773579 Win=2056 Len=0"
"4807","59.650698","ab.chatgpt.com","FioImma.local","TCP","1514","443  >  54679 [ACK] Seq=773579 Ack=244996 Win=64 Len=1460 [TCP PDU reassembled in 4808]"
"4808","59.650698","ab.chatgpt.com","FioImma.local","TLSv1.2","1334","Application Data"
"4809","59.650744","FioImma.local","ab.chatgpt.com","TCP","54","54679  >  443 [ACK] Seq=244996 Ack=776319 Win=2056 Len=0"
"4810","59.660965","ab.chatgpt.com","FioImma.local","TCP","1514","443  >  54679 [ACK] Seq=776319 Ack=244996 Win=64 Len=1460 [TCP PDU reassembled in 4811]"
"4811","59.660965","ab.chatgpt.com","FioImma.local","TLSv1.2","1334","Application Data"
"4812","59.661024","FioImma.local","ab.chatgpt.com","TCP","54","54679  >  443 [ACK] Seq=244996 Ack=779059 Win=2056 Len=0"
"4813","59.667011","ab.chatgpt.com","FioImma.local","TCP","1514","443  >  54679 [ACK] Seq=779059 Ack=244996 Win=64 Len=1460 [TCP PDU reassembled in 4814]"
"4814","59.667011","ab.chatgpt.com","FioImma.local","TLSv1.2","1334","Application Data"
"4815","59.667107","FioImma.local","ab.chatgpt.com","TCP","54","54679  >  443 [ACK] Seq=244996 Ack=781799 Win=2056 Len=0"
"4816","59.671819","ab.chatgpt.com","FioImma.local","TCP","1514","443  >  54679 [ACK] Seq=781799 Ack=244996 Win=64 Len=1460 [TCP PDU reassembled in 4817]"
"4817","59.673703","ab.chatgpt.com","FioImma.local","TLSv1.2","1366","Application Data"
"4818","59.673759","FioImma.local","ab.chatgpt.com","TCP","54","54679  >  443 [ACK] Seq=244996 Ack=784571 Win=2056 Len=0"
"4819","59.689443","ab.chatgpt.com","FioImma.local","TCP","1514","443  >  54679 [ACK] Seq=784571 Ack=244996 Win=64 Len=1460 [TCP PDU reassembled in 4820]"
"4820","59.689443","ab.chatgpt.com","FioImma.local","TLSv1.2","1366","Application Data"
"4821","59.689495","FioImma.local","ab.chatgpt.com","TCP","54","54679  >  443 [ACK] Seq=244996 Ack=787343 Win=2056 Len=0"
"4822","59.713168","ab.chatgpt.com","FioImma.local","TCP","1514","443  >  54679 [ACK] Seq=787343 Ack=244996 Win=64 Len=1460 [TCP PDU reassembled in 4823]"
"4823","59.713168","ab.chatgpt.com","FioImma.local","TLSv1.2","1366","Application Data"
"4824","59.713261","FioImma.local","ab.chatgpt.com","TCP","54","54679  >  443 [ACK] Seq=244996 Ack=790115 Win=2056 Len=0"
"4825","59.726611","ab.chatgpt.com","FioImma.local","TCP","1514","443  >  54679 [ACK] Seq=790115 Ack=244996 Win=64 Len=1460 [TCP PDU reassembled in 4826]"
"4826","59.726611","ab.chatgpt.com","FioImma.local","TLSv1.2","1398","Application Data"
"4827","59.726696","FioImma.local","ab.chatgpt.com","TCP","54","54679  >  443 [ACK] Seq=244996 Ack=792919 Win=2056 Len=0"
"4828","59.742206","ab.chatgpt.com","FioImma.local","TCP","1514","443  >  54679 [ACK] Seq=792919 Ack=244996 Win=64 Len=1460 [TCP PDU reassembled in 4829]"
"4829","59.742206","ab.chatgpt.com","FioImma.local","TLSv1.2","1398","Application Data"
"4830","59.742272","FioImma.local","ab.chatgpt.com","TCP","54","54679  >  443 [ACK] Seq=244996 Ack=795723 Win=2056 Len=0"
"4831","59.752893","ab.chatgpt.com","FioImma.local","TCP","1514","443  >  54679 [ACK] Seq=795723 Ack=244996 Win=64 Len=1460 [TCP PDU reassembled in 4832]"
"4832","59.752893","ab.chatgpt.com","FioImma.local","TLSv1.2","1398","Application Data"
"4833","59.752893","ab.chatgpt.com","FioImma.local","TCP","1514","443  >  54679 [ACK] Seq=798527 Ack=244996 Win=64 Len=1460 [TCP PDU reassembled in 4834]"
"4834","59.752893","ab.chatgpt.com","FioImma.local","TLSv1.2","1398","Application Data"
"4835","59.752997","FioImma.local","ab.chatgpt.com","TCP","54","54679  >  443 [ACK] Seq=244996 Ack=801331 Win=2056 Len=0"
"4836","59.760885","ab.chatgpt.com","FioImma.local","TCP","1514","443  >  54679 [ACK] Seq=801331 Ack=244996 Win=64 Len=1460 [TCP PDU reassembled in 4837]"
"4837","59.761829","ab.chatgpt.com","FioImma.local","TLSv1.2","1398","Application Data"
"4838","59.761882","FioImma.local","ab.chatgpt.com","TCP","54","54679  >  443 [ACK] Seq=244996 Ack=804135 Win=2056 Len=0"
"4839","59.769141","ab.chatgpt.com","FioImma.local","TCP","1514","443  >  54679 [ACK] Seq=804135 Ack=244996 Win=64 Len=1460 [TCP PDU reassembled in 4840]"
"4840","59.769141","ab.chatgpt.com","FioImma.local","TLSv1.2","1398","Application Data"
"4841","59.769205","FioImma.local","ab.chatgpt.com","TCP","54","54679  >  443 [ACK] Seq=244996 Ack=806939 Win=2056 Len=0"
"4842","59.772968","ab.chatgpt.com","FioImma.local","TCP","1514","443  >  54679 [ACK] Seq=806939 Ack=244996 Win=64 Len=1460 [TCP PDU reassembled in 4843]"
"4843","59.772968","ab.chatgpt.com","FioImma.local","TLSv1.2","1430","Application Data"
"4844","59.773045","FioImma.local","ab.chatgpt.com","TCP","54","54679  >  443 [ACK] Seq=244996 Ack=809775 Win=2056 Len=0"
"4845","59.782216","ab.chatgpt.com","FioImma.local","TCP","1514","443  >  54679 [ACK] Seq=809775 Ack=244996 Win=64 Len=1460 [TCP PDU reassembled in 4846]"
"4846","59.782216","ab.chatgpt.com","FioImma.local","TLSv1.2","1430","Application Data"
"4847","59.782279","FioImma.local","ab.chatgpt.com","TCP","54","54679  >  443 [ACK] Seq=244996 Ack=812611 Win=2056 Len=0"
"4848","59.788590","ab.chatgpt.com","FioImma.local","TCP","1514","443  >  54679 [ACK] Seq=812611 Ack=244996 Win=64 Len=1460 [TCP PDU reassembled in 4849]"
"4849","59.788590","ab.chatgpt.com","FioImma.local","TLSv1.2","1430","Application Data"
"4850","59.788658","FioImma.local","ab.chatgpt.com","TCP","54","54679  >  443 [ACK] Seq=244996 Ack=815447 Win=2056 Len=0"
"4851","59.794007","ab.chatgpt.com","FioImma.local","TCP","1514","443  >  54679 [ACK] Seq=815447 Ack=244996 Win=64 Len=1460 [TCP PDU reassembled in 4852]"
"4852","59.794007","ab.chatgpt.com","FioImma.local","TLSv1.2","1430","Application Data"
"4853","59.794068","FioImma.local","ab.chatgpt.com","TCP","54","54679  >  443 [ACK] Seq=244996 Ack=818283 Win=2056 Len=0"
"4854","59.799356","ab.chatgpt.com","FioImma.local","TCP","1514","443  >  54679 [ACK] Seq=818283 Ack=244996 Win=64 Len=1460 [TCP PDU reassembled in 4855]"
"4855","59.801260","ab.chatgpt.com","FioImma.local","TLSv1.2","1430","Application Data"
"4856","59.801318","FioImma.local","ab.chatgpt.com","TCP","54","54679  >  443 [ACK] Seq=244996 Ack=821119 Win=2056 Len=0"
"4857","59.812612","ab.chatgpt.com","FioImma.local","TCP","1514","443  >  54679 [ACK] Seq=821119 Ack=244996 Win=64 Len=1460 [TCP PDU reassembled in 4858]"
"4858","59.812612","ab.chatgpt.com","FioImma.local","TLSv1.2","1462","Application Data"
"4859","59.812701","FioImma.local","ab.chatgpt.com","TCP","54","54679  >  443 [ACK] Seq=244996 Ack=823987 Win=2056 Len=0"
"4860","59.813671","ab.chatgpt.com","FioImma.local","TCP","1514","443  >  54679 [ACK] Seq=823987 Ack=244996 Win=64 Len=1460 [TCP PDU reassembled in 4861]"
"4861","59.813671","ab.chatgpt.com","FioImma.local","TLSv1.2","1462","Application Data"
"4862","59.813721","FioImma.local","ab.chatgpt.com","TCP","54","54679  >  443 [ACK] Seq=244996 Ack=826855 Win=2056 Len=0"
"4863","59.828525","ab.chatgpt.com","FioImma.local","TCP","1514","443  >  54679 [ACK] Seq=826855 Ack=244996 Win=64 Len=1460 [TCP PDU reassembled in 4864]"
"4864","59.828525","ab.chatgpt.com","FioImma.local","TLSv1.2","1462","Application Data"
"4865","59.828609","FioImma.local","ab.chatgpt.com","TCP","54","54679  >  443 [ACK] Seq=244996 Ack=829723 Win=2056 Len=0"
"4866","59.835823","ab.chatgpt.com","FioImma.local","TCP","1514","443  >  54679 [ACK] Seq=829723 Ack=244996 Win=64 Len=1460 [TCP PDU reassembled in 4867]"
"4867","59.835823","ab.chatgpt.com","FioImma.local","TLSv1.2","1462","Application Data"
"4868","59.835881","FioImma.local","ab.chatgpt.com","TCP","54","54679  >  443 [ACK] Seq=244996 Ack=832591 Win=2056 Len=0"
"4869","59.839045","ab.chatgpt.com","FioImma.local","TCP","1514","443  >  54679 [ACK] Seq=832591 Ack=244996 Win=64 Len=1460 [TCP PDU reassembled in 4870]"
"4870","59.839045","ab.chatgpt.com","FioImma.local","TLSv1.2","1462","Application Data"
"4871","59.839109","FioImma.local","ab.chatgpt.com","TCP","54","54679  >  443 [ACK] Seq=244996 Ack=835459 Win=2056 Len=0"
"4872","59.840310","ab.chatgpt.com","FioImma.local","TCP","1514","443  >  54679 [ACK] Seq=835459 Ack=244996 Win=64 Len=1460 [TCP PDU reassembled in 4873]"
"4873","59.842434","ab.chatgpt.com","FioImma.local","TLSv1.2","1462","Application Data"
"4874","59.842470","FioImma.local","ab.chatgpt.com","TCP","54","54679  >  443 [ACK] Seq=244996 Ack=838327 Win=2056 Len=0"
"4875","59.847457","ab.chatgpt.com","FioImma.local","TCP","1514","443  >  54679 [ACK] Seq=838327 Ack=244996 Win=64 Len=1460 [TCP PDU reassembled in 4876]"
"4876","59.847457","ab.chatgpt.com","FioImma.local","TLSv1.2","1462","Application Data"
"4877","59.847513","FioImma.local","ab.chatgpt.com","TCP","54","54679  >  443 [ACK] Seq=244996 Ack=841195 Win=2056 Len=0"
"4878","59.854843","ab.chatgpt.com","FioImma.local","TCP","1514","443  >  54679 [ACK] Seq=841195 Ack=244996 Win=64 Len=1460 [TCP PDU reassembled in 4879]"
"4879","59.854843","ab.chatgpt.com","FioImma.local","TLSv1.2","1494","Application Data"
"4880","59.854875","FioImma.local","ab.chatgpt.com","TCP","54","54679  >  443 [ACK] Seq=244996 Ack=844095 Win=2056 Len=0"
"4881","59.859299","ab.chatgpt.com","FioImma.local","TCP","1514","443  >  54679 [ACK] Seq=844095 Ack=244996 Win=64 Len=1460 [TCP PDU reassembled in 4882]"
"4882","59.859299","ab.chatgpt.com","FioImma.local","TLSv1.2","1494","Application Data"
"4883","59.859352","FioImma.local","ab.chatgpt.com","TCP","54","54679  >  443 [ACK] Seq=244996 Ack=846995 Win=2056 Len=0"
"4884","59.868886","ab.chatgpt.com","FioImma.local","TCP","1514","443  >  54679 [ACK] Seq=846995 Ack=244996 Win=64 Len=1460 [TCP PDU reassembled in 4885]"
"4885","59.868886","ab.chatgpt.com","FioImma.local","TLSv1.2","1494","Application Data"
"4886","59.868972","FioImma.local","ab.chatgpt.com","TCP","54","54679  >  443 [ACK] Seq=244996 Ack=849895 Win=2056 Len=0"
"4887","59.873989","ab.chatgpt.com","FioImma.local","TCP","1514","443  >  54679 [ACK] Seq=849895 Ack=244996 Win=64 Len=1460 [TCP PDU reassembled in 4888]"
"4888","59.873989","ab.chatgpt.com","FioImma.local","TLSv1.2","1494","Application Data"
"4889","59.874073","FioImma.local","ab.chatgpt.com","TCP","54","54679  >  443 [ACK] Seq=244996 Ack=852795 Win=2056 Len=0"
"4890","59.877506","ab.chatgpt.com","FioImma.local","TCP","2974","443  >  54679 [ACK] Seq=852795 Ack=244996 Win=64 Len=2920 [TCP PDU reassembled in 4891]"
"4891","59.877506","ab.chatgpt.com","FioImma.local","TLSv1.2","66","Application Data"
"4892","59.877577","FioImma.local","ab.chatgpt.com","TCP","54","54679  >  443 [ACK] Seq=244996 Ack=855727 Win=2056 Len=0"
"4893","59.878528","ab.chatgpt.com","FioImma.local","TCP","2974","443  >  54679 [ACK] Seq=855727 Ack=244996 Win=64 Len=2920 [TCP PDU reassembled in 4894]"
"4894","59.878528","ab.chatgpt.com","FioImma.local","TLSv1.2","66","Application Data"
"4895","59.878601","FioImma.local","ab.chatgpt.com","TCP","54","54679  >  443 [ACK] Seq=244996 Ack=858659 Win=2056 Len=0"
"4896","59.886843","ab.chatgpt.com","FioImma.local","TCP","2974","443  >  54679 [ACK] Seq=858659 Ack=244996 Win=64 Len=2920 [TCP PDU reassembled in 4897]"
"4897","59.886843","ab.chatgpt.com","FioImma.local","TLSv1.2","66","Application Data"
"4898","59.886906","FioImma.local","ab.chatgpt.com","TCP","54","54679  >  443 [ACK] Seq=244996 Ack=861591 Win=2056 Len=0"
"4899","59.900172","ab.chatgpt.com","FioImma.local","TCP","1514","443  >  54679 [ACK] Seq=861591 Ack=244996 Win=64 Len=1460 [TCP PDU reassembled in 4901]"
"4900","59.900172","ab.chatgpt.com","FioImma.local","TCP","1514","443  >  54679 [ACK] Seq=863051 Ack=244996 Win=64 Len=1460 [TCP PDU reassembled in 4901]"
"4901","59.900172","ab.chatgpt.com","FioImma.local","TLSv1.2","66","Application Data"
"4902","59.900244","FioImma.local","ab.chatgpt.com","TCP","54","54679  >  443 [ACK] Seq=244996 Ack=864523 Win=2056 Len=0"
"4903","59.907863","ab.chatgpt.com","FioImma.local","TCP","1514","443  >  54679 [ACK] Seq=864523 Ack=244996 Win=64 Len=1460 [TCP PDU reassembled in 4905]"
"4904","59.912635","ab.chatgpt.com","FioImma.local","TCP","1514","443  >  54679 [ACK] Seq=865983 Ack=244996 Win=64 Len=1460 [TCP PDU reassembled in 4905]"
"4905","59.912635","ab.chatgpt.com","FioImma.local","TLSv1.2","66","Application Data"
"4906","59.912712","FioImma.local","ab.chatgpt.com","TCP","54","54679  >  443 [ACK] Seq=244996 Ack=867455 Win=2056 Len=0"
"4907","59.939026","ab.chatgpt.com","FioImma.local","TCP","2974","443  >  54679 [ACK] Seq=867455 Ack=244996 Win=64 Len=2920 [TCP PDU reassembled in 4908]"
"4908","59.939026","ab.chatgpt.com","FioImma.local","TLSv1.2","98","Application Data"
"4909","59.939106","FioImma.local","ab.chatgpt.com","TCP","54","54679  >  443 [ACK] Seq=244996 Ack=870419 Win=2056 Len=0"
"4910","59.941489","ab.chatgpt.com","FioImma.local","TCP","2974","443  >  54679 [ACK] Seq=870419 Ack=244996 Win=64 Len=2920 [TCP PDU reassembled in 4911]"
"4911","59.941489","ab.chatgpt.com","FioImma.local","TLSv1.2","98","Application Data"
"4912","59.941554","FioImma.local","ab.chatgpt.com","TCP","54","54679  >  443 [ACK] Seq=244996 Ack=873383 Win=2056 Len=0"
"4913","59.946751","ab.chatgpt.com","FioImma.local","TCP","2974","443  >  54679 [ACK] Seq=873383 Ack=244996 Win=64 Len=2920 [TCP PDU reassembled in 4914]"
"4914","59.946751","ab.chatgpt.com","FioImma.local","TLSv1.2","98","Application Data"
"4915","59.946822","FioImma.local","ab.chatgpt.com","TCP","54","54679  >  443 [ACK] Seq=244996 Ack=876347 Win=2056 Len=0"
"4916","59.955400","ab.chatgpt.com","FioImma.local","TCP","1514","443  >  54679 [ACK] Seq=876347 Ack=244996 Win=64 Len=1460 [TCP PDU reassembled in 4918]"
"4917","59.957221","ab.chatgpt.com","FioImma.local","TCP","1514","443  >  54679 [ACK] Seq=877807 Ack=244996 Win=64 Len=1460 [TCP PDU reassembled in 4918]"
"4918","59.957221","ab.chatgpt.com","FioImma.local","TLSv1.2","98","Application Data"
"4919","59.957290","FioImma.local","ab.chatgpt.com","TCP","54","54679  >  443 [ACK] Seq=244996 Ack=879311 Win=2056 Len=0"
"4920","59.964624","ab.chatgpt.com","FioImma.local","TCP","2974","443  >  54679 [ACK] Seq=879311 Ack=244996 Win=64 Len=2920 [TCP PDU reassembled in 4921]"
"4921","59.964624","ab.chatgpt.com","FioImma.local","TLSv1.2","130","Application Data"
"4922","59.964678","FioImma.local","ab.chatgpt.com","TCP","54","54679  >  443 [ACK] Seq=244996 Ack=882307 Win=2056 Len=0"
"4923","59.973017","ab.chatgpt.com","FioImma.local","TCP","2974","443  >  54679 [ACK] Seq=882307 Ack=244996 Win=64 Len=2920 [TCP PDU reassembled in 4924]"
"4924","59.973017","ab.chatgpt.com","FioImma.local","TLSv1.2","130","Application Data"
"4925","59.973099","FioImma.local","ab.chatgpt.com","TCP","54","54679  >  443 [ACK] Seq=244996 Ack=885303 Win=2056 Len=0"
"4926","59.994977","ab.chatgpt.com","FioImma.local","TCP","2974","443  >  54679 [ACK] Seq=885303 Ack=244996 Win=64 Len=2920 [TCP PDU reassembled in 4927]"
"4927","59.994977","ab.chatgpt.com","FioImma.local","TLSv1.2","130","Application Data"
"4928","59.995148","FioImma.local","ab.chatgpt.com","TCP","54","54679  >  443 [ACK] Seq=244996 Ack=888299 Win=2056 Len=0"
"4929","60.003653","ab.chatgpt.com","FioImma.local","TCP","1514","443  >  54679 [ACK] Seq=888299 Ack=244996 Win=64 Len=1460 [TCP PDU reassembled in 4931]"
"4930","60.005323","ab.chatgpt.com","FioImma.local","TCP","1514","443  >  54679 [ACK] Seq=889759 Ack=244996 Win=64 Len=1460 [TCP PDU reassembled in 4931]"
"4931","60.005323","ab.chatgpt.com","FioImma.local","TLSv1.2","130","Application Data"
"4932","60.005388","FioImma.local","ab.chatgpt.com","TCP","54","54679  >  443 [ACK] Seq=244996 Ack=891295 Win=2056 Len=0"
"4933","60.007530","ab.chatgpt.com","FioImma.local","TCP","2974","443  >  54679 [ACK] Seq=891295 Ack=244996 Win=64 Len=2920 [TCP PDU reassembled in 4934]"
"4934","60.007530","ab.chatgpt.com","FioImma.local","TLSv1.2","130","Application Data"
"4935","60.007610","FioImma.local","ab.chatgpt.com","TCP","54","54679  >  443 [ACK] Seq=244996 Ack=894291 Win=2056 Len=0"
"4936","60.012060","ab.chatgpt.com","FioImma.local","TCP","2974","443  >  54679 [ACK] Seq=894291 Ack=244996 Win=64 Len=2920 [TCP PDU reassembled in 4937]"
"4937","60.012060","ab.chatgpt.com","FioImma.local","TLSv1.2","130","Application Data"
"4938","60.012140","FioImma.local","ab.chatgpt.com","TCP","54","54679  >  443 [ACK] Seq=244996 Ack=897287 Win=2056 Len=0"
"4939","60.019906","ab.chatgpt.com","FioImma.local","TCP","2974","443  >  54679 [ACK] Seq=897287 Ack=244996 Win=64 Len=2920 [TCP PDU reassembled in 4940]"
"4940","60.019906","ab.chatgpt.com","FioImma.local","TLSv1.2","119","Application Data"
"4941","60.020036","FioImma.local","ab.chatgpt.com","TCP","54","54679  >  443 [ACK] Seq=244996 Ack=900272 Win=2056 Len=0"
"4942","60.021759","ab.chatgpt.com","FioImma.local","TCP","1514","443  >  54679 [ACK] Seq=900272 Ack=244996 Win=64 Len=1460 [TCP PDU reassembled in 4944]"
"4943","60.023716","ab.chatgpt.com","FioImma.local","TCP","1514","443  >  54679 [ACK] Seq=901732 Ack=244996 Win=64 Len=1460 [TCP PDU reassembled in 4944]"
"4944","60.023716","ab.chatgpt.com","FioImma.local","TLSv1.2","162","Application Data"
"4945","60.023777","FioImma.local","ab.chatgpt.com","TCP","54","54679  >  443 [ACK] Seq=244996 Ack=903300 Win=2056 Len=0"
"4946","60.039628","ab.chatgpt.com","FioImma.local","TCP","2974","443  >  54679 [ACK] Seq=903300 Ack=244996 Win=64 Len=2920 [TCP PDU reassembled in 4947]"
"4947","60.039628","ab.chatgpt.com","FioImma.local","TLSv1.2","162","Application Data"
"4948","60.039703","FioImma.local","ab.chatgpt.com","TCP","54","54679  >  443 [ACK] Seq=244996 Ack=906328 Win=2056 Len=0"
"4949","60.070076","ab.chatgpt.com","FioImma.local","TCP","2974","443  >  54679 [ACK] Seq=906328 Ack=244996 Win=64 Len=2920 [TCP PDU reassembled in 4950]"
"4950","60.070076","ab.chatgpt.com","FioImma.local","TLSv1.2","162","Application Data"
"4951","60.070179","FioImma.local","ab.chatgpt.com","TCP","54","54679  >  443 [ACK] Seq=244996 Ack=909356 Win=2056 Len=0"
"4952","60.083016","ab.chatgpt.com","FioImma.local","TCP","2974","443  >  54679 [ACK] Seq=909356 Ack=244996 Win=64 Len=2920 [TCP PDU reassembled in 4953]"
"4953","60.083016","ab.chatgpt.com","FioImma.local","TLSv1.2","194","Application Data"
"4954","60.083102","FioImma.local","ab.chatgpt.com","TCP","54","54679  >  443 [ACK] Seq=244996 Ack=912416 Win=2056 Len=0"
"4955","60.089457","ab.chatgpt.com","FioImma.local","TCP","1514","443  >  54679 [ACK] Seq=912416 Ack=244996 Win=64 Len=1460 [TCP PDU reassembled in 4957]"
"4956","60.091820","ab.chatgpt.com","FioImma.local","TCP","1514","443  >  54679 [ACK] Seq=913876 Ack=244996 Win=64 Len=1460 [TCP PDU reassembled in 4957]"
"4957","60.091820","ab.chatgpt.com","FioImma.local","TLSv1.2","194","Application Data"
"4958","60.091903","FioImma.local","ab.chatgpt.com","TCP","54","54679  >  443 [ACK] Seq=244996 Ack=915476 Win=2056 Len=0"
"4959","60.098349","ab.chatgpt.com","FioImma.local","TCP","2974","443  >  54679 [ACK] Seq=915476 Ack=244996 Win=64 Len=2920 [TCP PDU reassembled in 4960]"
"4960","60.098349","ab.chatgpt.com","FioImma.local","TLSv1.2","194","Application Data"
"4961","60.098435","FioImma.local","ab.chatgpt.com","TCP","54","54679  >  443 [ACK] Seq=244996 Ack=918536 Win=2056 Len=0"
"4962","60.112697","ab.chatgpt.com","FioImma.local","TCP","2974","443  >  54679 [ACK] Seq=918536 Ack=244996 Win=64 Len=2920 [TCP PDU reassembled in 4963]"
"4963","60.112697","ab.chatgpt.com","FioImma.local","TLSv1.2","194","Application Data"
"4964","60.112779","FioImma.local","ab.chatgpt.com","TCP","54","54679  >  443 [ACK] Seq=244996 Ack=921596 Win=2056 Len=0"
"4965","60.152537","ab.chatgpt.com","FioImma.local","TCP","2974","443  >  54679 [ACK] Seq=921596 Ack=244996 Win=64 Len=2920 [TCP PDU reassembled in 4966]"
"4966","60.152537","ab.chatgpt.com","FioImma.local","TLSv1.2","194","Application Data"
"4967","60.152628","FioImma.local","ab.chatgpt.com","TCP","54","54679  >  443 [ACK] Seq=244996 Ack=924656 Win=2056 Len=0"
"4968","60.154990","ab.chatgpt.com","FioImma.local","TCP","1514","443  >  54679 [ACK] Seq=924656 Ack=244996 Win=64 Len=1460 [TCP PDU reassembled in 4970]"
"4969","60.157137","ab.chatgpt.com","FioImma.local","TCP","1514","443  >  54679 [ACK] Seq=926116 Ack=244996 Win=64 Len=1460 [TCP PDU reassembled in 4970]"
"4970","60.157137","ab.chatgpt.com","FioImma.local","TLSv1.2","226","Application Data"
"4971","60.157177","FioImma.local","ab.chatgpt.com","TCP","54","54679  >  443 [ACK] Seq=244996 Ack=927748 Win=2056 Len=0"
"4972","60.192568","ab.chatgpt.com","FioImma.local","TCP","2974","443  >  54679 [ACK] Seq=927748 Ack=244996 Win=64 Len=2920 [TCP PDU reassembled in 4973]"
"4973","60.192568","ab.chatgpt.com","FioImma.local","TLSv1.2","226","Application Data"
"4974","60.192677","FioImma.local","ab.chatgpt.com","TCP","54","54679  >  443 [ACK] Seq=244996 Ack=930840 Win=2056 Len=0"
"4975","60.236924","ab.chatgpt.com","FioImma.local","TCP","2974","443  >  54679 [ACK] Seq=930840 Ack=244996 Win=64 Len=2920 [TCP PDU reassembled in 4976]"
"4976","60.236924","ab.chatgpt.com","FioImma.local","TLSv1.2","226","Application Data"
"4977","60.237010","FioImma.local","ab.chatgpt.com","TCP","54","54679  >  443 [ACK] Seq=244996 Ack=933932 Win=2056 Len=0"
"4978","60.244213","ab.chatgpt.com","FioImma.local","TCP","1514","443  >  54679 [ACK] Seq=933932 Ack=244996 Win=64 Len=1460 [TCP PDU reassembled in 4981]"
"4979","60.244255","FioImma.local","ab.chatgpt.com","TCP","54","54679  >  443 [ACK] Seq=244996 Ack=935392 Win=2056 Len=0"
"4980","60.244971","ab.chatgpt.com","FioImma.local","TCP","1514","443  >  54679 [ACK] Seq=935392 Ack=244996 Win=64 Len=1460 [TCP PDU reassembled in 4981]"
"4981","60.244971","ab.chatgpt.com","FioImma.local","TLSv1.2","226","Application Data"
"4982","60.245055","FioImma.local","ab.chatgpt.com","TCP","54","54679  >  443 [ACK] Seq=244996 Ack=937024 Win=2056 Len=0"
"4983","60.253541","ab.chatgpt.com","FioImma.local","TCP","1514","443  >  54679 [ACK] Seq=937024 Ack=244996 Win=64 Len=1460 [TCP PDU reassembled in 4985]"
"4984","60.254623","ab.chatgpt.com","FioImma.local","TCP","1514","443  >  54679 [ACK] Seq=938484 Ack=244996 Win=64 Len=1460 [TCP PDU reassembled in 4985]"
"4985","60.254623","ab.chatgpt.com","FioImma.local","TLSv1.2","226","Application Data"
"4986","60.254665","FioImma.local","ab.chatgpt.com","TCP","54","54679  >  443 [ACK] Seq=244996 Ack=940116 Win=2056 Len=0"
"4987","60.275431","ab.chatgpt.com","FioImma.local","TCP","2974","443  >  54679 [ACK] Seq=940116 Ack=244996 Win=64 Len=2920 [TCP PDU reassembled in 4988]"
"4988","60.275431","ab.chatgpt.com","FioImma.local","TLSv1.2","226","Application Data"
"4989","60.275494","FioImma.local","ab.chatgpt.com","TCP","54","54679  >  443 [ACK] Seq=244996 Ack=943208 Win=2056 Len=0"
"4990","60.288027","ab.chatgpt.com","FioImma.local","TCP","2974","443  >  54679 [ACK] Seq=943208 Ack=244996 Win=64 Len=2920 [TCP PDU reassembled in 4991]"
"4991","60.288027","ab.chatgpt.com","FioImma.local","TLSv1.2","215","Application Data"
"4992","60.288103","FioImma.local","ab.chatgpt.com","TCP","54","54679  >  443 [ACK] Seq=244996 Ack=946289 Win=2056 Len=0"
"4993","60.295908","ab.chatgpt.com","FioImma.local","TCP","2974","443  >  54679 [ACK] Seq=946289 Ack=244996 Win=64 Len=2920 [TCP PDU reassembled in 4994]"
"4994","60.295908","ab.chatgpt.com","FioImma.local","TLSv1.2","258","Application Data"
"4995","60.295986","FioImma.local","ab.chatgpt.com","TCP","54","54679  >  443 [ACK] Seq=244996 Ack=949413 Win=2056 Len=0"
"4996","60.302621","ab.chatgpt.com","FioImma.local","TCP","1514","443  >  54679 [ACK] Seq=949413 Ack=244996 Win=64 Len=1460 [TCP PDU reassembled in 4998]"
"4997","60.304353","ab.chatgpt.com","FioImma.local","TCP","1514","443  >  54679 [ACK] Seq=950873 Ack=244996 Win=64 Len=1460 [TCP PDU reassembled in 4998]"
"4998","60.304353","ab.chatgpt.com","FioImma.local","TLSv1.2","258","Application Data"
"4999","60.304403","FioImma.local","ab.chatgpt.com","TCP","54","54679  >  443 [ACK] Seq=244996 Ack=952537 Win=2056 Len=0"
"5000","60.306712","ab.chatgpt.com","FioImma.local","TCP","2974","443  >  54679 [ACK] Seq=952537 Ack=244996 Win=64 Len=2920 [TCP PDU reassembled in 5001]"
"5001","60.306712","ab.chatgpt.com","FioImma.local","TLSv1.2","258","Application Data"
"5002","60.306777","FioImma.local","ab.chatgpt.com","TCP","54","54679  >  443 [ACK] Seq=244996 Ack=955661 Win=2056 Len=0"
"5003","60.321701","ab.chatgpt.com","FioImma.local","TCP","2974","443  >  54679 [ACK] Seq=955661 Ack=244996 Win=64 Len=2920 [TCP PDU reassembled in 5004]"
"5004","60.321701","ab.chatgpt.com","FioImma.local","TLSv1.2","290","Application Data"
"5005","60.321793","FioImma.local","ab.chatgpt.com","TCP","54","54679  >  443 [ACK] Seq=244996 Ack=958817 Win=2056 Len=0"
"5006","60.327223","ab.chatgpt.com","FioImma.local","TCP","2974","443  >  54679 [ACK] Seq=958817 Ack=244996 Win=64 Len=2920 [TCP PDU reassembled in 5007]"
"5007","60.327223","ab.chatgpt.com","FioImma.local","TLSv1.2","290","Application Data"
"5008","60.327296","FioImma.local","ab.chatgpt.com","TCP","54","54679  >  443 [ACK] Seq=244996 Ack=961973 Win=2056 Len=0"
"5009","60.337302","ab.chatgpt.com","FioImma.local","TCP","1514","443  >  54679 [ACK] Seq=961973 Ack=244996 Win=64 Len=1460 [TCP PDU reassembled in 5011]"
"5010","60.339543","ab.chatgpt.com","FioImma.local","TCP","1514","443  >  54679 [ACK] Seq=963433 Ack=244996 Win=64 Len=1460 [TCP PDU reassembled in 5011]"
"5011","60.339543","ab.chatgpt.com","FioImma.local","TLSv1.2","290","Application Data"
"5012","60.339626","FioImma.local","ab.chatgpt.com","TCP","54","54679  >  443 [ACK] Seq=244996 Ack=965129 Win=2056 Len=0"
"5013","60.356251","ab.chatgpt.com","FioImma.local","TCP","2974","443  >  54679 [ACK] Seq=965129 Ack=244996 Win=64 Len=2920 [TCP PDU reassembled in 5014]"
"5014","60.356251","ab.chatgpt.com","FioImma.local","TLSv1.2","290","Application Data"
"5015","60.356321","FioImma.local","ab.chatgpt.com","TCP","54","54679  >  443 [ACK] Seq=244996 Ack=968285 Win=2056 Len=0"
"5016","60.366824","ab.chatgpt.com","FioImma.local","TCP","2974","443  >  54679 [ACK] Seq=968285 Ack=244996 Win=64 Len=2920 [TCP PDU reassembled in 5017]"
"5017","60.366824","ab.chatgpt.com","FioImma.local","TLSv1.2","290","Application Data"
"5018","60.366888","FioImma.local","ab.chatgpt.com","TCP","54","54679  >  443 [ACK] Seq=244996 Ack=971441 Win=2056 Len=0"
"5019","60.380916","ab.chatgpt.com","FioImma.local","TCP","1514","443  >  54679 [ACK] Seq=971441 Ack=244996 Win=64 Len=1460 [TCP PDU reassembled in 5021]"
"5020","60.380916","ab.chatgpt.com","FioImma.local","TCP","1514","443  >  54679 [ACK] Seq=972901 Ack=244996 Win=64 Len=1460 [TCP PDU reassembled in 5021]"
"5021","60.380916","ab.chatgpt.com","FioImma.local","TLSv1.2","322","Application Data"
"5022","60.380967","FioImma.local","ab.chatgpt.com","TCP","54","54679  >  443 [ACK] Seq=244996 Ack=974629 Win=2056 Len=0"
"5023","60.382235","ab.chatgpt.com","FioImma.local","TCP","2974","443  >  54679 [ACK] Seq=974629 Ack=244996 Win=64 Len=2920 [TCP PDU reassembled in 5024]"
"5024","60.382235","ab.chatgpt.com","FioImma.local","TLSv1.2","322","Application Data"
"5025","60.382290","FioImma.local","ab.chatgpt.com","TCP","54","54679  >  443 [ACK] Seq=244996 Ack=977817 Win=2056 Len=0"
"5026","60.385660","ab.chatgpt.com","FioImma.local","TCP","2974","443  >  54679 [ACK] Seq=977817 Ack=244996 Win=64 Len=2920 [TCP PDU reassembled in 5027]"
"5027","60.385660","ab.chatgpt.com","FioImma.local","TLSv1.2","322","Application Data"
"5028","60.385728","FioImma.local","ab.chatgpt.com","TCP","54","54679  >  443 [ACK] Seq=244996 Ack=981005 Win=2056 Len=0"
"5029","60.393138","ab.chatgpt.com","FioImma.local","TCP","2974","443  >  54679 [ACK] Seq=981005 Ack=244996 Win=64 Len=2920 [TCP PDU reassembled in 5030]"
"5030","60.393138","ab.chatgpt.com","FioImma.local","TLSv1.2","322","Application Data"
"5031","60.393206","FioImma.local","ab.chatgpt.com","TCP","54","54679  >  443 [ACK] Seq=244996 Ack=984193 Win=2056 Len=0"
"5032","60.400343","ab.chatgpt.com","FioImma.local","TCP","5894","443  >  54679 [ACK] Seq=984193 Ack=244996 Win=64 Len=5840 [TCP PDU reassembled in 5033]"
"5033","60.400343","ab.chatgpt.com","FioImma.local","TLSv1.2","591","Application Data"
"5034","60.400343","ab.chatgpt.com","FioImma.local","TCP","1514","443  >  54679 [ACK] Seq=990570 Ack=244996 Win=64 Len=1460 [TCP PDU reassembled in 5038]"
"5035","60.400460","FioImma.local","ab.chatgpt.com","TCP","54","54679  >  443 [ACK] Seq=244996 Ack=992030 Win=2056 Len=0"
"5036","60.400512","ab.chatgpt.com","FioImma.local","TCP","1514","443  >  54679 [ACK] Seq=992030 Ack=244996 Win=64 Len=1460 [TCP PDU reassembled in 5038]"
"5037","60.400531","FioImma.local","ab.chatgpt.com","TCP","54","54679  >  443 [ACK] Seq=244996 Ack=993490 Win=2056 Len=0"
"5038","60.400555","ab.chatgpt.com","FioImma.local","TLSv1.2","354","Application Data"
"5039","60.410656","ab.chatgpt.com","FioImma.local","TCP","2974","443  >  54679 [ACK] Seq=993790 Ack=244996 Win=64 Len=2920 [TCP PDU reassembled in 5040]"
"5040","60.410656","ab.chatgpt.com","FioImma.local","TLSv1.2","354","Application Data"
"5041","60.410751","FioImma.local","ab.chatgpt.com","TCP","54","54679  >  443 [ACK] Seq=244996 Ack=997010 Win=2056 Len=0"
"5042","60.418331","ab.chatgpt.com","FioImma.local","TCP","2974","443  >  54679 [ACK] Seq=997010 Ack=244996 Win=64 Len=2920 [TCP PDU reassembled in 5043]"
"5043","60.418331","ab.chatgpt.com","FioImma.local","TLSv1.2","354","Application Data"
"5044","60.418404","FioImma.local","ab.chatgpt.com","TCP","54","54679  >  443 [ACK] Seq=244996 Ack=1000230 Win=2056 Len=0"
"5045","60.430952","ab.chatgpt.com","FioImma.local","TCP","2974","443  >  54679 [ACK] Seq=1000230 Ack=244996 Win=64 Len=2920 [TCP PDU reassembled in 5046]"
"5046","60.430952","ab.chatgpt.com","FioImma.local","TLSv1.2","386","Application Data"
"5047","60.431007","FioImma.local","ab.chatgpt.com","TCP","54","54679  >  443 [ACK] Seq=244996 Ack=1003482 Win=2056 Len=0"
"5048","60.445474","ab.chatgpt.com","FioImma.local","TCP","2974","443  >  54679 [ACK] Seq=1003482 Ack=244996 Win=64 Len=2920 [TCP PDU reassembled in 5049]"
"5049","60.445474","ab.chatgpt.com","FioImma.local","TLSv1.2","386","Application Data"
"5050","60.445540","FioImma.local","ab.chatgpt.com","TCP","54","54679  >  443 [ACK] Seq=244996 Ack=1006734 Win=2056 Len=0"
"5051","60.466139","ab.chatgpt.com","FioImma.local","TCP","1514","443  >  54679 [ACK] Seq=1006734 Ack=244996 Win=64 Len=1460 [TCP PDU reassembled in 5054]"
"5052","60.466210","FioImma.local","ab.chatgpt.com","TCP","54","54679  >  443 [ACK] Seq=244996 Ack=1008194 Win=2056 Len=0"
"5053","60.467315","ab.chatgpt.com","FioImma.local","TCP","1514","443  >  54679 [ACK] Seq=1008194 Ack=244996 Win=64 Len=1460 [TCP PDU reassembled in 5054]"
"5054","60.467315","ab.chatgpt.com","FioImma.local","TLSv1.2","386","Application Data"
"5055","60.467348","FioImma.local","ab.chatgpt.com","TCP","54","54679  >  443 [ACK] Seq=244996 Ack=1009986 Win=2056 Len=0"
"5056","60.495086","ab.chatgpt.com","FioImma.local","TCP","2974","443  >  54679 [ACK] Seq=1009986 Ack=244996 Win=64 Len=2920 [TCP PDU reassembled in 5057]"
"5057","60.495086","ab.chatgpt.com","FioImma.local","TLSv1.2","386","Application Data"
"5058","60.495173","FioImma.local","ab.chatgpt.com","TCP","54","54679  >  443 [ACK] Seq=244996 Ack=1013238 Win=2056 Len=0"
"5059","60.509784","ab.chatgpt.com","FioImma.local","TCP","2974","443  >  54679 [ACK] Seq=1013238 Ack=244996 Win=64 Len=2920 [TCP PDU reassembled in 5060]"
"5060","60.509784","ab.chatgpt.com","FioImma.local","TLSv1.2","386","Application Data"
"5061","60.509877","FioImma.local","ab.chatgpt.com","TCP","54","54679  >  443 [ACK] Seq=244996 Ack=1016490 Win=2056 Len=0"
"5062","60.534171","ab.chatgpt.com","FioImma.local","TCP","2974","443  >  54679 [ACK] Seq=1016490 Ack=244996 Win=64 Len=2920 [TCP PDU reassembled in 5063]"
"5063","60.534171","ab.chatgpt.com","FioImma.local","TLSv1.2","386","Application Data"
"5064","60.534264","FioImma.local","ab.chatgpt.com","TCP","54","54679  >  443 [ACK] Seq=244996 Ack=1019742 Win=2056 Len=0"
"5065","60.549189","ab.chatgpt.com","FioImma.local","TCP","1514","443  >  54679 [ACK] Seq=1019742 Ack=244996 Win=64 Len=1460 [TCP PDU reassembled in 5068]"
"5066","60.549269","FioImma.local","ab.chatgpt.com","TCP","54","54679  >  443 [ACK] Seq=244996 Ack=1021202 Win=2056 Len=0"
"5067","60.550420","ab.chatgpt.com","FioImma.local","TCP","1514","443  >  54679 [ACK] Seq=1021202 Ack=244996 Win=64 Len=1460 [TCP PDU reassembled in 5068]"
"5068","60.550420","ab.chatgpt.com","FioImma.local","TLSv1.2","386","Application Data"
"5069","60.550449","FioImma.local","ab.chatgpt.com","TCP","54","54679  >  443 [ACK] Seq=244996 Ack=1022994 Win=2056 Len=0"
"5070","60.556008","ab.chatgpt.com","FioImma.local","TCP","2974","443  >  54679 [ACK] Seq=1022994 Ack=244996 Win=64 Len=2920 [TCP PDU reassembled in 5071]"
"5071","60.556008","ab.chatgpt.com","FioImma.local","TLSv1.2","386","Application Data"
"5072","60.556113","FioImma.local","ab.chatgpt.com","TCP","54","54679  >  443 [ACK] Seq=244996 Ack=1026246 Win=2056 Len=0"
"5073","60.576942","ab.chatgpt.com","FioImma.local","TCP","2974","443  >  54679 [ACK] Seq=1026246 Ack=244996 Win=64 Len=2920 [TCP PDU reassembled in 5074]"
"5074","60.576942","ab.chatgpt.com","FioImma.local","TLSv1.2","386","Application Data"
"5075","60.576942","ab.chatgpt.com","FioImma.local","TCP","2974","443  >  54679 [ACK] Seq=1029498 Ack=244996 Win=64 Len=2920 [TCP PDU reassembled in 5077]"
"5076","60.577027","FioImma.local","ab.chatgpt.com","TCP","54","54679  >  443 [ACK] Seq=244996 Ack=1032418 Win=2056 Len=0"
"5077","60.577280","ab.chatgpt.com","FioImma.local","TLSv1.2","418","Application Data"
"5078","60.591125","ab.chatgpt.com","FioImma.local","TCP","1514","443  >  54679 [ACK] Seq=1032782 Ack=244996 Win=64 Len=1460 [TCP PDU reassembled in 5081]"
"5079","60.591200","FioImma.local","ab.chatgpt.com","TCP","54","54679  >  443 [ACK] Seq=244996 Ack=1034242 Win=2056 Len=0"
"5080","60.593144","ab.chatgpt.com","FioImma.local","TCP","1514","443  >  54679 [ACK] Seq=1034242 Ack=244996 Win=64 Len=1460 [TCP PDU reassembled in 5081]"
"5081","60.593144","ab.chatgpt.com","FioImma.local","TLSv1.2","418","Application Data"
"5082","60.593212","FioImma.local","ab.chatgpt.com","TCP","54","54679  >  443 [ACK] Seq=244996 Ack=1036066 Win=2056 Len=0"
"5083","60.604711","ab.chatgpt.com","FioImma.local","TCP","2974","443  >  54679 [ACK] Seq=1036066 Ack=244996 Win=64 Len=2920 [TCP PDU reassembled in 5084]"
"5084","60.604711","ab.chatgpt.com","FioImma.local","TLSv1.2","418","Application Data"
"5085","60.604799","FioImma.local","ab.chatgpt.com","TCP","54","54679  >  443 [ACK] Seq=244996 Ack=1039350 Win=2056 Len=0"
"5086","60.613821","ab.chatgpt.com","FioImma.local","TCP","2974","443  >  54679 [ACK] Seq=1039350 Ack=244996 Win=64 Len=2920 [TCP PDU reassembled in 5087]"
"5087","60.613821","ab.chatgpt.com","FioImma.local","TLSv1.2","450","Application Data"
"5088","60.613876","FioImma.local","ab.chatgpt.com","TCP","54","54679  >  443 [ACK] Seq=244996 Ack=1042666 Win=2056 Len=0"
"5089","60.619062","ab.chatgpt.com","FioImma.local","TCP","2974","443  >  54679 [ACK] Seq=1042666 Ack=244996 Win=64 Len=2920 [TCP PDU reassembled in 5090]"
"5090","60.619062","ab.chatgpt.com","FioImma.local","TLSv1.2","450","Application Data"
"5091","60.619123","FioImma.local","ab.chatgpt.com","TCP","54","54679  >  443 [ACK] Seq=244996 Ack=1045982 Win=2056 Len=0"
"5092","60.627376","ab.chatgpt.com","FioImma.local","TCP","1514","443  >  54679 [ACK] Seq=1045982 Ack=244996 Win=64 Len=1460 [TCP PDU reassembled in 5095]"
"5093","60.627431","FioImma.local","ab.chatgpt.com","TCP","54","54679  >  443 [ACK] Seq=244996 Ack=1047442 Win=2056 Len=0"
"5094","60.628467","ab.chatgpt.com","FioImma.local","TCP","1514","443  >  54679 [ACK] Seq=1047442 Ack=244996 Win=64 Len=1460 [TCP PDU reassembled in 5095]"
"5095","60.628467","ab.chatgpt.com","FioImma.local","TLSv1.2","450","Application Data"
"5096","60.628495","FioImma.local","ab.chatgpt.com","TCP","54","54679  >  443 [ACK] Seq=244996 Ack=1049298 Win=2056 Len=0"
"5097","60.639445","ab.chatgpt.com","FioImma.local","TCP","1514","443  >  54679 [ACK] Seq=1049298 Ack=244996 Win=64 Len=1460 [TCP PDU reassembled in 5099]"
"5098","60.639445","ab.chatgpt.com","FioImma.local","TCP","1514","443  >  54679 [ACK] Seq=1050758 Ack=244996 Win=64 Len=1460 [TCP PDU reassembled in 5099]"
"5099","60.639445","ab.chatgpt.com","FioImma.local","TLSv1.2","450","Application Data"
"5100","60.639495","FioImma.local","ab.chatgpt.com","TCP","54","54679  >  443 [ACK] Seq=244996 Ack=1052614 Win=2056 Len=0"
"5101","60.653902","ab.chatgpt.com","FioImma.local","TCP","1514","443  >  54679 [ACK] Seq=1052614 Ack=244996 Win=64 Len=1460 [TCP PDU reassembled in 5103]"
"5102","60.653902","ab.chatgpt.com","FioImma.local","TCP","1514","443  >  54679 [ACK] Seq=1054074 Ack=244996 Win=64 Len=1460 [TCP PDU reassembled in 5103]"
"5103","60.653902","ab.chatgpt.com","FioImma.local","TLSv1.2","439","Application Data"
"5104","60.653952","FioImma.local","ab.chatgpt.com","TCP","54","54679  >  443 [ACK] Seq=244996 Ack=1055919 Win=2056 Len=0"
"5105","60.663571","ab.chatgpt.com","FioImma.local","TCP","1514","443  >  54679 [ACK] Seq=1055919 Ack=244996 Win=64 Len=1460 [TCP PDU reassembled in 5107]"
"5106","60.663571","ab.chatgpt.com","FioImma.local","TCP","1514","443  >  54679 [ACK] Seq=1057379 Ack=244996 Win=64 Len=1460 [TCP PDU reassembled in 5107]"
"5107","60.663571","ab.chatgpt.com","FioImma.local","TLSv1.2","482","Application Data"
"5108","60.663639","FioImma.local","ab.chatgpt.com","TCP","54","54679  >  443 [ACK] Seq=244996 Ack=1059267 Win=2056 Len=0"
"5109","60.673885","ab.chatgpt.com","FioImma.local","TCP","1514","443  >  54679 [ACK] Seq=1059267 Ack=244996 Win=64 Len=1460 [TCP PDU reassembled in 5114]"
"5110","60.673946","FioImma.local","ab.chatgpt.com","TCP","54","54679  >  443 [ACK] Seq=244996 Ack=1060727 Win=2056 Len=0"
"5111","60.675836","ab.chatgpt.com","FioImma.local","TCP","1514","443  >  54679 [ACK] Seq=1060727 Ack=244996 Win=64 Len=1460 [TCP PDU reassembled in 5114]"
"5112","60.675836","ab.chatgpt.com","FioImma.local","TCP","1514","443  >  54679 [ACK] Seq=1062187 Ack=244996 Win=64 Len=1460 [TCP PDU reassembled in 5114]"
"5113","60.675836","ab.chatgpt.com","FioImma.local","TCP","1514","443  >  54679 [ACK] Seq=1063647 Ack=244996 Win=64 Len=1460 [TCP PDU reassembled in 5114]"
"5114","60.675836","ab.chatgpt.com","FioImma.local","TLSv1.2","879","Application Data"
"5115","60.675836","ab.chatgpt.com","FioImma.local","TCP","1514","443  >  54679 [ACK] Seq=1065932 Ack=244996 Win=64 Len=1460 [TCP PDU reassembled in 5118]"
"5116","60.675895","FioImma.local","ab.chatgpt.com","TCP","54","54679  >  443 [ACK] Seq=244996 Ack=1067392 Win=2056 Len=0"
"5117","60.676485","ab.chatgpt.com","FioImma.local","TCP","1514","443  >  54679 [ACK] Seq=1067392 Ack=244996 Win=64 Len=1460 [TCP PDU reassembled in 5118]"
"5118","60.676485","ab.chatgpt.com","FioImma.local","TLSv1.2","482","Application Data"
"5119","60.676508","FioImma.local","ab.chatgpt.com","TCP","54","54679  >  443 [ACK] Seq=244996 Ack=1069280 Win=2056 Len=0"
"5120","60.707008","FioImma.local","maa05s24-in-f2.1e100.net","TCP","55","[TCP Keep-Alive] 54764  >  443 [ACK] Seq=1 Ack=1 Win=512 Len=1"
"5121","60.709247","ab.chatgpt.com","FioImma.local","TCP","2974","443  >  54679 [ACK] Seq=1069280 Ack=244996 Win=64 Len=2920 [TCP PDU reassembled in 5122]"
"5122","60.709247","ab.chatgpt.com","FioImma.local","TLSv1.2","482","Application Data"
"5123","60.709328","FioImma.local","ab.chatgpt.com","TCP","54","54679  >  443 [ACK] Seq=244996 Ack=1072628 Win=2056 Len=0"
"5124","60.714835","maa05s24-in-f2.1e100.net","FioImma.local","TCP","66","[TCP Keep-Alive ACK] 443  >  54764 [ACK] Seq=1 Ack=2 Win=290 Len=0 SLE=1 SRE=2"
"5125","60.742143","ab.chatgpt.com","FioImma.local","TCP","2974","443  >  54679 [ACK] Seq=1072628 Ack=244996 Win=64 Len=2920 [TCP PDU reassembled in 5126]"
"5126","60.742143","ab.chatgpt.com","FioImma.local","TLSv1.2","514","Application Data"
"5127","60.742233","FioImma.local","ab.chatgpt.com","TCP","54","54679  >  443 [ACK] Seq=244996 Ack=1076008 Win=2056 Len=0"
"5128","60.762244","ab.chatgpt.com","FioImma.local","TCP","2974","443  >  54679 [ACK] Seq=1076008 Ack=244996 Win=64 Len=2920 [TCP PDU reassembled in 5129]"
"5129","60.762244","ab.chatgpt.com","FioImma.local","TLSv1.2","514","Application Data"
"5130","60.762345","FioImma.local","ab.chatgpt.com","TCP","54","54679  >  443 [ACK] Seq=244996 Ack=1079388 Win=2056 Len=0"
"5131","60.771975","FioImma.local","igmp.mcast.net","IGMPv3","54","Membership Report / Join group 224.0.0.251 for any sources"
"5132","60.785801","ab.chatgpt.com","FioImma.local","TCP","2974","443  >  54679 [ACK] Seq=1079388 Ack=244996 Win=64 Len=2920 [TCP PDU reassembled in 5133]"
"5133","60.785801","ab.chatgpt.com","FioImma.local","TLSv1.2","514","Application Data"
"5134","60.785875","FioImma.local","ab.chatgpt.com","TCP","54","54679  >  443 [ACK] Seq=244996 Ack=1082768 Win=2056 Len=0"
"5135","60.791455","ab.chatgpt.com","FioImma.local","TCP","2974","443  >  54679 [ACK] Seq=1082768 Ack=244996 Win=64 Len=2920 [TCP PDU reassembled in 5136]"
"5136","60.791455","ab.chatgpt.com","FioImma.local","TLSv1.2","514","Application Data"
"5137","60.791524","FioImma.local","ab.chatgpt.com","TCP","54","54679  >  443 [ACK] Seq=244996 Ack=1086148 Win=2056 Len=0"
"5138","60.794103","ab.chatgpt.com","FioImma.local","TCP","2974","443  >  54679 [ACK] Seq=1086148 Ack=244996 Win=64 Len=2920 [TCP PDU reassembled in 5139]"
"5139","60.794103","ab.chatgpt.com","FioImma.local","TLSv1.2","546","Application Data"
"5140","60.794167","FioImma.local","ab.chatgpt.com","TCP","54","54679  >  443 [ACK] Seq=244996 Ack=1089560 Win=2056 Len=0"
"5141","60.798843","ab.chatgpt.com","FioImma.local","TCP","1514","443  >  54679 [ACK] Seq=1089560 Ack=244996 Win=64 Len=1460 [TCP PDU reassembled in 5143]"
"5142","60.798843","ab.chatgpt.com","FioImma.local","TCP","1514","443  >  54679 [ACK] Seq=1091020 Ack=244996 Win=64 Len=1460 [TCP PDU reassembled in 5143]"
"5143","60.798843","ab.chatgpt.com","FioImma.local","TLSv1.2","546","Application Data"
"5144","60.798909","FioImma.local","ab.chatgpt.com","TCP","54","54679  >  443 [ACK] Seq=244996 Ack=1092972 Win=2056 Len=0"
"5145","60.810891","ab.chatgpt.com","FioImma.local","TCP","2974","443  >  54679 [ACK] Seq=1092972 Ack=244996 Win=64 Len=2920 [TCP PDU reassembled in 5146]"
"5146","60.810891","ab.chatgpt.com","FioImma.local","TLSv1.2","546","Application Data"
"5147","60.810975","FioImma.local","ab.chatgpt.com","TCP","54","54679  >  443 [ACK] Seq=244996 Ack=1096384 Win=2056 Len=0"
"5148","60.811829","ab.chatgpt.com","FioImma.local","TCP","2974","443  >  54679 [ACK] Seq=1096384 Ack=244996 Win=64 Len=2920 [TCP PDU reassembled in 5149]"
"5149","60.811829","ab.chatgpt.com","FioImma.local","TLSv1.2","546","Application Data"
"5150","60.811932","FioImma.local","ab.chatgpt.com","TCP","54","54679  >  443 [ACK] Seq=244996 Ack=1099796 Win=2056 Len=0"
"5151","60.812878","FioImma.local","maa03s47-in-f14.1e100.net","TCP","55","[TCP Keep-Alive] 54773  >  443 [ACK] Seq=1 Ack=1 Win=509 Len=1"
"5152","60.817515","ab.chatgpt.com","FioImma.local","TCP","1514","443  >  54679 [ACK] Seq=1099796 Ack=244996 Win=64 Len=1460 [TCP PDU reassembled in 5154]"
"5153","60.818205","ab.chatgpt.com","FioImma.local","TCP","1514","443  >  54679 [ACK] Seq=1101256 Ack=244996 Win=64 Len=1460 [TCP PDU reassembled in 5154]"
"5154","60.818205","ab.chatgpt.com","FioImma.local","TLSv1.2","546","Application Data"
"5155","60.818244","FioImma.local","ab.chatgpt.com","TCP","54","54679  >  443 [ACK] Seq=244996 Ack=1103208 Win=2056 Len=0"
"5156","60.821665","ab.chatgpt.com","FioImma.local","TCP","2974","443  >  54679 [ACK] Seq=1103208 Ack=244996 Win=64 Len=2920 [TCP PDU reassembled in 5157]"
"5157","60.821665","ab.chatgpt.com","FioImma.local","TLSv1.2","535","Application Data"
"5158","60.821713","FioImma.local","ab.chatgpt.com","TCP","54","54679  >  443 [ACK] Seq=244996 Ack=1106609 Win=2056 Len=0"
"5159","60.822459","maa03s47-in-f14.1e100.net","FioImma.local","TCP","66","[TCP Keep-Alive ACK] 443  >  54773 [ACK] Seq=1 Ack=2 Win=301 Len=0 SLE=1 SRE=2"
"5160","60.827446","ab.chatgpt.com","FioImma.local","TCP","2974","443  >  54679 [ACK] Seq=1106609 Ack=244996 Win=64 Len=2920 [TCP PDU reassembled in 5161]"
"5161","60.827446","ab.chatgpt.com","FioImma.local","TLSv1.2","578","Application Data"
"5162","60.827509","FioImma.local","ab.chatgpt.com","TCP","54","54679  >  443 [ACK] Seq=244996 Ack=1110053 Win=2056 Len=0"
"5163","60.830519","ab.chatgpt.com","FioImma.local","TCP","2974","443  >  54679 [ACK] Seq=1110053 Ack=244996 Win=64 Len=2920 [TCP PDU reassembled in 5164]"
"5164","60.830519","ab.chatgpt.com","FioImma.local","TLSv1.2","578","Application Data"
"5165","60.830554","FioImma.local","ab.chatgpt.com","TCP","54","54679  >  443 [ACK] Seq=244996 Ack=1113497 Win=2056 Len=0"
"5166","60.834978","ab.chatgpt.com","FioImma.local","TCP","2974","443  >  54679 [ACK] Seq=1113497 Ack=244996 Win=64 Len=2920 [TCP PDU reassembled in 5167]"
"5167","60.834978","ab.chatgpt.com","FioImma.local","TLSv1.2","578","Application Data"
"5168","60.835013","FioImma.local","ab.chatgpt.com","TCP","54","54679  >  443 [ACK] Seq=244996 Ack=1116941 Win=2056 Len=0"
"5169","60.840522","ab.chatgpt.com","FioImma.local","TCP","2974","443  >  54679 [ACK] Seq=1116941 Ack=244996 Win=64 Len=2920 [TCP PDU reassembled in 5170]"
"5170","60.840522","ab.chatgpt.com","FioImma.local","TLSv1.2","610","Application Data"
"5171","60.840594","FioImma.local","ab.chatgpt.com","TCP","54","54679  >  443 [ACK] Seq=244996 Ack=1120417 Win=2056 Len=0"
"5172","60.846844","ab.chatgpt.com","FioImma.local","TCP","5894","443  >  54679 [ACK] Seq=1120417 Ack=244996 Win=64 Len=5840 [TCP PDU reassembled in 5173]"
"5173","60.846844","ab.chatgpt.com","FioImma.local","TLSv1.2","1135","Application Data"
"5174","60.846945","FioImma.local","ab.chatgpt.com","TCP","54","54679  >  443 [ACK] Seq=244996 Ack=1127338 Win=2056 Len=0"
"5175","60.852551","ab.chatgpt.com","FioImma.local","TCP","2974","443  >  54679 [ACK] Seq=1127338 Ack=244996 Win=64 Len=2920 [TCP PDU reassembled in 5176]"
"5176","60.852551","ab.chatgpt.com","FioImma.local","TLSv1.2","610","Application Data"
"5177","60.852551","ab.chatgpt.com","FioImma.local","TCP","2974","443  >  54679 [ACK] Seq=1130814 Ack=244996 Win=64 Len=2920 [TCP PDU reassembled in 5178]"
"5178","60.852551","ab.chatgpt.com","FioImma.local","TLSv1.2","610","Application Data"
"5179","60.852551","ab.chatgpt.com","FioImma.local","TCP","2974","443  >  54679 [ACK] Seq=1134290 Ack=244996 Win=64 Len=2920 [TCP PDU reassembled in 5180]"
"5180","60.852551","ab.chatgpt.com","FioImma.local","TLSv1.2","610","Application Data"
"5181","60.852687","FioImma.local","ab.chatgpt.com","TCP","54","54679  >  443 [ACK] Seq=244996 Ack=1137766 Win=2056 Len=0"
"5182","60.856595","ab.chatgpt.com","FioImma.local","TCP","2974","443  >  54679 [ACK] Seq=1137766 Ack=244996 Win=64 Len=2920 [TCP PDU reassembled in 5183]"
"5183","60.856595","ab.chatgpt.com","FioImma.local","TLSv1.2","642","Application Data"
"5184","60.856659","FioImma.local","ab.chatgpt.com","TCP","54","54679  >  443 [ACK] Seq=244996 Ack=1141274 Win=2056 Len=0"
"5185","60.859511","ab.chatgpt.com","FioImma.local","TCP","1514","443  >  54679 [ACK] Seq=1141274 Ack=244996 Win=64 Len=1460 [TCP PDU reassembled in 5188]"
"5186","60.859565","FioImma.local","ab.chatgpt.com","TCP","54","54679  >  443 [ACK] Seq=244996 Ack=1142734 Win=2056 Len=0"
"5187","60.862448","ab.chatgpt.com","FioImma.local","TCP","1514","443  >  54679 [ACK] Seq=1142734 Ack=244996 Win=64 Len=1460 [TCP PDU reassembled in 5188]"
"5188","60.862448","ab.chatgpt.com","FioImma.local","TLSv1.2","642","Application Data"
"5189","60.862519","FioImma.local","ab.chatgpt.com","TCP","54","54679  >  443 [ACK] Seq=244996 Ack=1144782 Win=2056 Len=0"
"5190","60.869097","ab.chatgpt.com","FioImma.local","TCP","1514","443  >  54679 [ACK] Seq=1144782 Ack=244996 Win=64 Len=1460 [TCP PDU reassembled in 5192]"
"5191","60.869097","ab.chatgpt.com","FioImma.local","TCP","1514","443  >  54679 [ACK] Seq=1146242 Ack=244996 Win=64 Len=1460 [TCP PDU reassembled in 5192]"
"5192","60.869097","ab.chatgpt.com","FioImma.local","TLSv1.2","642","Application Data"
"5193","60.869097","ab.chatgpt.com","FioImma.local","TCP","1514","443  >  54679 [ACK] Seq=1148290 Ack=244996 Win=64 Len=1460 [TCP PDU reassembled in 5195]"
"5194","60.869097","ab.chatgpt.com","FioImma.local","TCP","1514","443  >  54679 [ACK] Seq=1149750 Ack=244996 Win=64 Len=1460 [TCP PDU reassembled in 5195]"
"5195","60.869097","ab.chatgpt.com","FioImma.local","TLSv1.2","642","Application Data"
"5196","60.869181","FioImma.local","ab.chatgpt.com","TCP","54","54679  >  443 [ACK] Seq=244996 Ack=1151798 Win=2056 Len=0"
"5197","60.869555","ab.chatgpt.com","FioImma.local","TCP","2974","443  >  54679 [ACK] Seq=1151798 Ack=244996 Win=64 Len=2920 [TCP PDU reassembled in 5198]"
"5198","60.869555","ab.chatgpt.com","FioImma.local","TLSv1.2","642","Application Data"
"5199","60.869616","FioImma.local","ab.chatgpt.com","TCP","54","54679  >  443 [ACK] Seq=244996 Ack=1155306 Win=2056 Len=0"
"5200","60.872338","ab.chatgpt.com","FioImma.local","TCP","1514","443  >  54679 [ACK] Seq=1155306 Ack=244996 Win=64 Len=1460 [TCP PDU reassembled in 5203]"
"5201","60.872388","FioImma.local","ab.chatgpt.com","TCP","54","54679  >  443 [ACK] Seq=244996 Ack=1156766 Win=2056 Len=0"
"5202","60.873946","ab.chatgpt.com","FioImma.local","TCP","1514","443  >  54679 [ACK] Seq=1156766 Ack=244996 Win=64 Len=1460 [TCP PDU reassembled in 5203]"
"5203","60.873946","ab.chatgpt.com","FioImma.local","TLSv1.2","674","Application Data"
"5204","60.874012","FioImma.local","ab.chatgpt.com","TCP","54","54679  >  443 [ACK] Seq=244996 Ack=1158846 Win=2056 Len=0"
"5205","60.876871","ab.chatgpt.com","FioImma.local","TCP","1514","443  >  54679 [ACK] Seq=1158846 Ack=244996 Win=64 Len=1460 [TCP PDU reassembled in 5207]"
"5206","60.876871","ab.chatgpt.com","FioImma.local","TCP","1514","443  >  54679 [ACK] Seq=1160306 Ack=244996 Win=64 Len=1460 [TCP PDU reassembled in 5207]"
"5207","60.876871","ab.chatgpt.com","FioImma.local","TLSv1.2","674","Application Data"
"5208","60.876938","FioImma.local","ab.chatgpt.com","TCP","54","54679  >  443 [ACK] Seq=244996 Ack=1162386 Win=2056 Len=0"
"5209","60.880486","ab.chatgpt.com","FioImma.local","TCP","2974","443  >  54679 [ACK] Seq=1162386 Ack=244996 Win=64 Len=2920 [TCP PDU reassembled in 5210]"
"5210","60.880486","ab.chatgpt.com","FioImma.local","TLSv1.2","674","Application Data"
"5211","60.880527","FioImma.local","ab.chatgpt.com","TCP","54","54679  >  443 [ACK] Seq=244996 Ack=1165926 Win=2056 Len=0"
"5212","60.886821","ab.chatgpt.com","FioImma.local","TCP","5894","443  >  54679 [ACK] Seq=1165926 Ack=244996 Win=64 Len=5840 [TCP PDU reassembled in 5213]"
"5213","60.886821","ab.chatgpt.com","FioImma.local","TLSv1.2","1295","Application Data"
"5214","60.886884","FioImma.local","ab.chatgpt.com","TCP","54","54679  >  443 [ACK] Seq=244996 Ack=1173007 Win=2056 Len=0"
"5215","60.891596","ab.chatgpt.com","FioImma.local","TCP","1514","443  >  54679 [ACK] Seq=1173007 Ack=244996 Win=64 Len=1460 [TCP PDU reassembled in 5218]"
"5216","60.891616","FioImma.local","ab.chatgpt.com","TCP","54","54679  >  443 [ACK] Seq=244996 Ack=1174467 Win=2056 Len=0"
"5217","60.892619","ab.chatgpt.com","FioImma.local","TCP","1514","443  >  54679 [ACK] Seq=1174467 Ack=244996 Win=64 Len=1460 [TCP PDU reassembled in 5218]"
"5218","60.892619","ab.chatgpt.com","FioImma.local","TLSv1.2","706","Application Data"
"5219","60.892640","FioImma.local","ab.chatgpt.com","TCP","54","54679  >  443 [ACK] Seq=244996 Ack=1176579 Win=2056 Len=0"
"5220","60.900201","ab.chatgpt.com","FioImma.local","TCP","2974","443  >  54679 [ACK] Seq=1176579 Ack=244996 Win=64 Len=2920 [TCP PDU reassembled in 5221]"
"5221","60.900201","ab.chatgpt.com","FioImma.local","TLSv1.2","706","Application Data"
"5222","60.900262","FioImma.local","ab.chatgpt.com","TCP","54","54679  >  443 [ACK] Seq=244996 Ack=1180151 Win=2056 Len=0"
"5223","60.903496","ab.chatgpt.com","FioImma.local","TCP","2974","443  >  54679 [ACK] Seq=1180151 Ack=244996 Win=64 Len=2920 [TCP PDU reassembled in 5224]"
"5224","60.903496","ab.chatgpt.com","FioImma.local","TLSv1.2","695","Application Data"
"5225","60.903559","FioImma.local","ab.chatgpt.com","TCP","54","54679  >  443 [ACK] Seq=244996 Ack=1183712 Win=2056 Len=0"
"5226","60.905668","p1.parsely.com","FioImma.local","TLSv1.2","85","Encrypted Alert"
"5227","60.907985","ab.chatgpt.com","FioImma.local","TCP","2974","443  >  54679 [ACK] Seq=1183712 Ack=244996 Win=64 Len=2920 [TCP PDU reassembled in 5228]"
"5228","60.907985","ab.chatgpt.com","FioImma.local","TLSv1.2","738","Application Data"
"5229","60.908062","FioImma.local","ab.chatgpt.com","TCP","54","54679  >  443 [ACK] Seq=244996 Ack=1187316 Win=2056 Len=0"
"5230","60.910663","ab.chatgpt.com","FioImma.local","TCP","2974","443  >  54679 [ACK] Seq=1187316 Ack=244996 Win=64 Len=2920 [TCP PDU reassembled in 5231]"
"5231","60.910663","ab.chatgpt.com","FioImma.local","TLSv1.2","738","Application Data"
"5232","60.910729","FioImma.local","ab.chatgpt.com","TCP","54","54679  >  443 [ACK] Seq=244996 Ack=1190920 Win=2056 Len=0"
"5233","60.914120","ab.chatgpt.com","FioImma.local","TCP","2974","443  >  54679 [ACK] Seq=1190920 Ack=244996 Win=64 Len=2920 [TCP PDU reassembled in 5234]"
"5234","60.914120","ab.chatgpt.com","FioImma.local","TLSv1.2","738","Application Data"
"5235","60.914259","FioImma.local","ab.chatgpt.com","TCP","54","54679  >  443 [ACK] Seq=244996 Ack=1194524 Win=2056 Len=0"
"5236","60.916148","ab.chatgpt.com","FioImma.local","TCP","2974","443  >  54679 [ACK] Seq=1194524 Ack=244996 Win=64 Len=2920 [TCP PDU reassembled in 5237]"
"5237","60.916148","ab.chatgpt.com","FioImma.local","TLSv1.2","738","Application Data"
"5238","60.916240","FioImma.local","ab.chatgpt.com","TCP","54","54679  >  443 [ACK] Seq=244996 Ack=1198128 Win=2056 Len=0"
"5239","60.919707","ab.chatgpt.com","FioImma.local","TCP","2974","443  >  54679 [ACK] Seq=1198128 Ack=244996 Win=64 Len=2920 [TCP PDU reassembled in 5240]"
"5240","60.919707","ab.chatgpt.com","FioImma.local","TLSv1.2","727","Application Data"
"5241","60.919823","FioImma.local","ab.chatgpt.com","TCP","54","54679  >  443 [ACK] Seq=244996 Ack=1201721 Win=2056 Len=0"
"5242","60.922070","ab.chatgpt.com","FioImma.local","TCP","1514","443  >  54679 [ACK] Seq=1201721 Ack=244996 Win=64 Len=1460 [TCP PDU reassembled in 5245]"
"5243","60.922117","FioImma.local","ab.chatgpt.com","TCP","54","54679  >  443 [ACK] Seq=244996 Ack=1203181 Win=2056 Len=0"
"5244","60.923230","ab.chatgpt.com","FioImma.local","TCP","1514","443  >  54679 [ACK] Seq=1203181 Ack=244996 Win=64 Len=1460 [TCP PDU reassembled in 5245]"
"5245","60.923230","ab.chatgpt.com","FioImma.local","TLSv1.2","770","Application Data"
"5246","60.923293","FioImma.local","ab.chatgpt.com","TCP","54","54679  >  443 [ACK] Seq=244996 Ack=1205357 Win=2056 Len=0"
"5247","60.924709","ab.chatgpt.com","FioImma.local","TCP","2974","443  >  54679 [ACK] Seq=1205357 Ack=244996 Win=64 Len=2920 [TCP PDU reassembled in 5248]"
"5248","60.924709","ab.chatgpt.com","FioImma.local","TLSv1.2","770","Application Data"
"5249","60.924788","FioImma.local","ab.chatgpt.com","TCP","54","54679  >  443 [ACK] Seq=244996 Ack=1208993 Win=2056 Len=0"
"5250","60.928356","ab.chatgpt.com","FioImma.local","TCP","2974","443  >  54679 [ACK] Seq=1208993 Ack=244996 Win=64 Len=2920 [TCP PDU reassembled in 5251]"
"5251","60.928356","ab.chatgpt.com","FioImma.local","TLSv1.2","770","Application Data"
"5252","60.928418","FioImma.local","ab.chatgpt.com","TCP","54","54679  >  443 [ACK] Seq=244996 Ack=1212629 Win=2056 Len=0"
"5253","60.934573","ab.chatgpt.com","FioImma.local","TCP","1514","443  >  54679 [ACK] Seq=1212629 Ack=244996 Win=64 Len=1460 [TCP PDU reassembled in 5255]"
"5254","60.934573","ab.chatgpt.com","FioImma.local","TCP","1514","443  >  54679 [ACK] Seq=1214089 Ack=244996 Win=64 Len=1460 [TCP PDU reassembled in 5255]"
"5255","60.934573","ab.chatgpt.com","FioImma.local","TLSv1.2","770","Application Data"
"5256","60.934629","FioImma.local","ab.chatgpt.com","TCP","54","54679  >  443 [ACK] Seq=244996 Ack=1216265 Win=2056 Len=0"
"5257","60.936632","ab.chatgpt.com","FioImma.local","TCP","1514","443  >  54679 [ACK] Seq=1216265 Ack=244996 Win=64 Len=1460 [TCP PDU reassembled in 5260]"
"5258","60.936668","FioImma.local","ab.chatgpt.com","TCP","54","54679  >  443 [ACK] Seq=244996 Ack=1217725 Win=2056 Len=0"
"5259","60.937038","ab.chatgpt.com","FioImma.local","TCP","1514","443  >  54679 [ACK] Seq=1217725 Ack=244996 Win=64 Len=1460 [TCP PDU reassembled in 5260]"
"5260","60.937086","ab.chatgpt.com","FioImma.local","TLSv1.2","802","Application Data"
"5261","60.937105","FioImma.local","ab.chatgpt.com","TCP","54","54679  >  443 [ACK] Seq=244996 Ack=1219933 Win=2056 Len=0"
"5262","60.941493","ab.chatgpt.com","FioImma.local","TCP","2974","443  >  54679 [ACK] Seq=1219933 Ack=244996 Win=64 Len=2920 [TCP PDU reassembled in 5263]"
"5263","60.941493","ab.chatgpt.com","FioImma.local","TLSv1.2","802","Application Data"
"5264","60.941540","FioImma.local","ab.chatgpt.com","TCP","54","54679  >  443 [ACK] Seq=244996 Ack=1223601 Win=2056 Len=0"
"5265","60.943812","ab.chatgpt.com","FioImma.local","TCP","2974","443  >  54679 [ACK] Seq=1223601 Ack=244996 Win=64 Len=2920 [TCP PDU reassembled in 5266]"
"5266","60.943812","ab.chatgpt.com","FioImma.local","TLSv1.2","802","Application Data"
"5267","60.943879","FioImma.local","ab.chatgpt.com","TCP","54","54679  >  443 [ACK] Seq=244996 Ack=1227269 Win=2056 Len=0"
"5268","60.945834","ab.chatgpt.com","FioImma.local","TCP","1514","443  >  54679 [ACK] Seq=1227269 Ack=244996 Win=64 Len=1460 [TCP PDU reassembled in 5270]"
"5269","60.945834","ab.chatgpt.com","FioImma.local","TCP","1514","443  >  54679 [ACK] Seq=1228729 Ack=244996 Win=64 Len=1460 [TCP PDU reassembled in 5270]"
"5270","60.945834","ab.chatgpt.com","FioImma.local","TLSv1.2","802","Application Data"
"5271","60.945882","FioImma.local","ab.chatgpt.com","TCP","54","54679  >  443 [ACK] Seq=244996 Ack=1230937 Win=2056 Len=0"
"5272","60.948022","ab.chatgpt.com","FioImma.local","TCP","2974","443  >  54679 [ACK] Seq=1230937 Ack=244996 Win=64 Len=2920 [TCP PDU reassembled in 5273]"
"5273","60.948022","ab.chatgpt.com","FioImma.local","TLSv1.2","834","Application Data"
"5274","60.948077","FioImma.local","ab.chatgpt.com","TCP","54","54679  >  443 [ACK] Seq=244996 Ack=1234637 Win=2056 Len=0"
"5275","60.951781","ab.chatgpt.com","FioImma.local","TCP","2974","443  >  54679 [ACK] Seq=1234637 Ack=244996 Win=64 Len=2920 [TCP PDU reassembled in 5276]"
"5276","60.951781","ab.chatgpt.com","FioImma.local","TLSv1.2","834","Application Data"
"5277","60.951830","FioImma.local","ab.chatgpt.com","TCP","54","54679  >  443 [ACK] Seq=244996 Ack=1238337 Win=2056 Len=0"
"5278","60.952204","FioImma.local","p1.parsely.com","TCP","54","54855  >  443 [ACK] Seq=2942 Ack=3481 Win=131072 Len=0"
"5279","60.953993","ab.chatgpt.com","FioImma.local","TCP","2974","443  >  54679 [ACK] Seq=1238337 Ack=244996 Win=64 Len=2920 [TCP PDU reassembled in 5280]"
"5280","60.953993","ab.chatgpt.com","FioImma.local","TLSv1.2","834","Application Data"
"5281","60.954037","FioImma.local","ab.chatgpt.com","TCP","54","54679  >  443 [ACK] Seq=244996 Ack=1242037 Win=2056 Len=0"
"5282","60.967568","ab.chatgpt.com","FioImma.local","TCP","2974","443  >  54679 [ACK] Seq=1242037 Ack=244996 Win=64 Len=2920 [TCP PDU reassembled in 5283]"
"5283","60.967568","ab.chatgpt.com","FioImma.local","TLSv1.2","834","Application Data"
"5284","60.967672","FioImma.local","ab.chatgpt.com","TCP","54","54679  >  443 [ACK] Seq=244996 Ack=1245737 Win=2056 Len=0"
"5285","60.985261","ab.chatgpt.com","FioImma.local","TCP","1514","443  >  54679 [ACK] Seq=1245737 Ack=244996 Win=64 Len=1460 [TCP PDU reassembled in 5288]"
"5286","60.985380","FioImma.local","ab.chatgpt.com","TCP","54","54679  >  443 [ACK] Seq=244996 Ack=1247197 Win=2056 Len=0"
"5287","60.987360","ab.chatgpt.com","FioImma.local","TCP","1514","443  >  54679 [ACK] Seq=1247197 Ack=244996 Win=64 Len=1460 [TCP PDU reassembled in 5288]"
"5288","60.987360","ab.chatgpt.com","FioImma.local","TLSv1.2","823","Application Data"
"5289","60.987414","FioImma.local","ab.chatgpt.com","TCP","54","54679  >  443 [ACK] Seq=244996 Ack=1249426 Win=2056 Len=0"
"5290","61.005013","ab.chatgpt.com","FioImma.local","TCP","1514","443  >  54679 [ACK] Seq=1249426 Ack=244996 Win=64 Len=1460 [TCP PDU reassembled in 5292]"
"5291","61.005013","ab.chatgpt.com","FioImma.local","TCP","1514","443  >  54679 [ACK] Seq=1250886 Ack=244996 Win=64 Len=1460 [TCP PDU reassembled in 5292]"
"5292","61.005013","ab.chatgpt.com","FioImma.local","TLSv1.2","866","Application Data"
"5293","61.005081","FioImma.local","ab.chatgpt.com","TCP","54","54679  >  443 [ACK] Seq=244996 Ack=1253158 Win=2056 Len=0"
"5294","61.043978","ab.chatgpt.com","FioImma.local","TCP","2974","443  >  54679 [ACK] Seq=1253158 Ack=244996 Win=64 Len=2920 [TCP PDU reassembled in 5295]"
"5295","61.043978","ab.chatgpt.com","FioImma.local","TLSv1.2","866","Application Data"
"5296","61.044049","FioImma.local","ab.chatgpt.com","TCP","54","54679  >  443 [ACK] Seq=244996 Ack=1256890 Win=2056 Len=0"
"5297","61.049642","ab.chatgpt.com","FioImma.local","TCP","2974","443  >  54679 [ACK] Seq=1256890 Ack=244996 Win=64 Len=2920 [TCP PDU reassembled in 5298]"
"5298","61.049642","ab.chatgpt.com","FioImma.local","TLSv1.2","866","Application Data"
"5299","61.049697","FioImma.local","ab.chatgpt.com","TCP","54","54679  >  443 [ACK] Seq=244996 Ack=1260622 Win=2056 Len=0"
"5300","61.070582","ab.chatgpt.com","FioImma.local","TCP","1514","443  >  54679 [ACK] Seq=1260622 Ack=244996 Win=64 Len=1460 [TCP PDU reassembled in 5302]"
"5301","61.070582","ab.chatgpt.com","FioImma.local","TCP","1514","443  >  54679 [ACK] Seq=1262082 Ack=244996 Win=64 Len=1460 [TCP PDU reassembled in 5302]"
"5302","61.070582","ab.chatgpt.com","FioImma.local","TLSv1.2","866","Application Data"
"5303","61.070675","FioImma.local","ab.chatgpt.com","TCP","54","54679  >  443 [ACK] Seq=244996 Ack=1264354 Win=2056 Len=0"
"5304","61.077898","ab.chatgpt.com","FioImma.local","TCP","1514","443  >  54679 [ACK] Seq=1264354 Ack=244996 Win=64 Len=1460 [TCP PDU reassembled in 5307]"
"5305","61.078509","ab.chatgpt.com","FioImma.local","TCP","1514","443  >  54679 [ACK] Seq=1265814 Ack=244996 Win=64 Len=1460 [TCP PDU reassembled in 5307]"
"5306","61.078547","FioImma.local","ab.chatgpt.com","TCP","54","54679  >  443 [ACK] Seq=244996 Ack=1267274 Win=2056 Len=0"
"5307","61.078591","ab.chatgpt.com","FioImma.local","TLSv1.2","866","Application Data"
"5308","61.082187","ab.chatgpt.com","FioImma.local","TCP","2974","443  >  54679 [ACK] Seq=1268086 Ack=244996 Win=64 Len=2920 [TCP PDU reassembled in 5309]"
"5309","61.082187","ab.chatgpt.com","FioImma.local","TLSv1.2","898","Application Data"
"5310","61.082229","FioImma.local","ab.chatgpt.com","TCP","54","54679  >  443 [ACK] Seq=244996 Ack=1271850 Win=2056 Len=0"
"5311","61.087559","ab.chatgpt.com","FioImma.local","TCP","2974","443  >  54679 [ACK] Seq=1271850 Ack=244996 Win=64 Len=2920 [TCP PDU reassembled in 5312]"
"5312","61.087559","ab.chatgpt.com","FioImma.local","TLSv1.2","898","Application Data"
"5313","61.087640","FioImma.local","ab.chatgpt.com","TCP","54","54679  >  443 [ACK] Seq=244996 Ack=1275614 Win=2056 Len=0"
"5314","61.094683","ab.chatgpt.com","FioImma.local","TCP","1514","443  >  54679 [ACK] Seq=1275614 Ack=244996 Win=64 Len=1460 [TCP PDU reassembled in 5317]"
"5315","61.094755","FioImma.local","ab.chatgpt.com","TCP","54","54679  >  443 [ACK] Seq=244996 Ack=1277074 Win=2056 Len=0"
"5316","61.095775","ab.chatgpt.com","FioImma.local","TCP","1514","443  >  54679 [ACK] Seq=1277074 Ack=244996 Win=64 Len=1460 [TCP PDU reassembled in 5317]"
"5317","61.095775","ab.chatgpt.com","FioImma.local","TLSv1.2","898","Application Data"
"5318","61.095848","FioImma.local","ab.chatgpt.com","TCP","54","54679  >  443 [ACK] Seq=244996 Ack=1279378 Win=2056 Len=0"
"5319","61.104094","ab.chatgpt.com","FioImma.local","TCP","2974","443  >  54679 [ACK] Seq=1279378 Ack=244996 Win=64 Len=2920 [TCP PDU reassembled in 5320]"
"5320","61.104094","ab.chatgpt.com","FioImma.local","TLSv1.2","898","Application Data"
"5321","61.104185","FioImma.local","ab.chatgpt.com","TCP","54","54679  >  443 [ACK] Seq=244996 Ack=1283142 Win=2056 Len=0"
"5322","61.118000","ab.chatgpt.com","FioImma.local","TCP","2974","443  >  54679 [ACK] Seq=1283142 Ack=244996 Win=64 Len=2920 [TCP PDU reassembled in 5323]"
"5323","61.118000","ab.chatgpt.com","FioImma.local","TLSv1.2","898","Application Data"
"5324","61.118084","FioImma.local","ab.chatgpt.com","TCP","54","54679  >  443 [ACK] Seq=244996 Ack=1286906 Win=2056 Len=0"
"5325","61.134806","ab.chatgpt.com","FioImma.local","TCP","2974","443  >  54679 [ACK] Seq=1286906 Ack=244996 Win=64 Len=2920 [TCP PDU reassembled in 5326]"
"5326","61.134806","ab.chatgpt.com","FioImma.local","TLSv1.2","930","Application Data"
"5327","61.134868","FioImma.local","ab.chatgpt.com","TCP","54","54679  >  443 [ACK] Seq=244996 Ack=1290702 Win=2056 Len=0"
"5328","61.145215","ab.chatgpt.com","FioImma.local","TCP","1514","443  >  54679 [ACK] Seq=1290702 Ack=244996 Win=64 Len=1460 [TCP PDU reassembled in 5331]"
"5329","61.145273","FioImma.local","ab.chatgpt.com","TCP","54","54679  >  443 [ACK] Seq=244996 Ack=1292162 Win=2056 Len=0"
"5330","61.147298","ab.chatgpt.com","FioImma.local","TCP","1514","443  >  54679 [ACK] Seq=1292162 Ack=244996 Win=64 Len=1460 [TCP PDU reassembled in 5331]"
"5331","61.147298","ab.chatgpt.com","FioImma.local","TLSv1.2","930","Application Data"
"5332","61.147354","FioImma.local","ab.chatgpt.com","TCP","54","54679  >  443 [ACK] Seq=244996 Ack=1294498 Win=2056 Len=0"
"5333","61.150598","ab.chatgpt.com","FioImma.local","TCP","2974","443  >  54679 [ACK] Seq=1294498 Ack=244996 Win=64 Len=2920 [TCP PDU reassembled in 5334]"
"5334","61.150598","ab.chatgpt.com","FioImma.local","TLSv1.2","930","Application Data"
"5335","61.150771","FioImma.local","ab.chatgpt.com","TCP","54","54679  >  443 [ACK] Seq=244996 Ack=1298294 Win=2056 Len=0"
"5336","61.161316","ab.chatgpt.com","FioImma.local","TCP","2974","443  >  54679 [ACK] Seq=1298294 Ack=244996 Win=64 Len=2920 [TCP PDU reassembled in 5337]"
"5337","61.161316","ab.chatgpt.com","FioImma.local","TLSv1.2","930","Application Data"
"5338","61.161416","FioImma.local","ab.chatgpt.com","TCP","54","54679  >  443 [ACK] Seq=244996 Ack=1302090 Win=2056 Len=0"
"5339","61.166565","ab.chatgpt.com","FioImma.local","TCP","2974","443  >  54679 [ACK] Seq=1302090 Ack=244996 Win=64 Len=2920 [TCP PDU reassembled in 5340]"
"5340","61.166565","ab.chatgpt.com","FioImma.local","TLSv1.2","930","Application Data"
"5341","61.166644","FioImma.local","ab.chatgpt.com","TCP","54","54679  >  443 [ACK] Seq=244996 Ack=1305886 Win=2056 Len=0"
"5342","61.182033","ab.chatgpt.com","FioImma.local","TCP","1514","443  >  54679 [ACK] Seq=1305886 Ack=244996 Win=64 Len=1460 [TCP PDU reassembled in 5345]"
"5343","61.182083","FioImma.local","ab.chatgpt.com","TCP","54","54679  >  443 [ACK] Seq=244996 Ack=1307346 Win=2056 Len=0"
"5344","61.185632","ab.chatgpt.com","FioImma.local","TCP","1514","443  >  54679 [ACK] Seq=1307346 Ack=244996 Win=64 Len=1460 [TCP PDU reassembled in 5345]"
"5345","61.185632","ab.chatgpt.com","FioImma.local","TLSv1.2","962","Application Data"
"5346","61.185695","FioImma.local","ab.chatgpt.com","TCP","54","54679  >  443 [ACK] Seq=244996 Ack=1309714 Win=2056 Len=0"
"5347","61.202547","ab.chatgpt.com","FioImma.local","TCP","2974","443  >  54679 [ACK] Seq=1309714 Ack=244996 Win=64 Len=2920 [TCP PDU reassembled in 5348]"
"5348","61.202547","ab.chatgpt.com","FioImma.local","TLSv1.2","962","Application Data"
"5349","61.202659","FioImma.local","ab.chatgpt.com","TCP","54","54679  >  443 [ACK] Seq=244996 Ack=1313542 Win=2056 Len=0"
"5350","61.218098","ab.chatgpt.com","FioImma.local","TCP","2974","443  >  54679 [ACK] Seq=1313542 Ack=244996 Win=64 Len=2920 [TCP PDU reassembled in 5351]"
"5351","61.218098","ab.chatgpt.com","FioImma.local","TLSv1.2","962","Application Data"
"5352","61.218173","FioImma.local","ab.chatgpt.com","TCP","54","54679  >  443 [ACK] Seq=244996 Ack=1317370 Win=2056 Len=0"
"5353","61.225452","ab.chatgpt.com","FioImma.local","TCP","2974","443  >  54679 [ACK] Seq=1317370 Ack=244996 Win=64 Len=2920 [TCP PDU reassembled in 5354]"
"5354","61.225452","ab.chatgpt.com","FioImma.local","TLSv1.2","962","Application Data"
"5355","61.225509","FioImma.local","ab.chatgpt.com","TCP","54","54679  >  443 [ACK] Seq=244996 Ack=1321198 Win=2056 Len=0"
"5356","61.270692","ab.chatgpt.com","FioImma.local","TCP","1514","443  >  54679 [ACK] Seq=1321198 Ack=244996 Win=64 Len=1460 [TCP PDU reassembled in 5359]"
"5357","61.270751","FioImma.local","ab.chatgpt.com","TCP","54","54679  >  443 [ACK] Seq=244996 Ack=1322658 Win=2056 Len=0"
"5358","61.271556","ab.chatgpt.com","FioImma.local","TCP","1514","443  >  54679 [ACK] Seq=1322658 Ack=244996 Win=64 Len=1460 [TCP PDU reassembled in 5359]"
"5359","61.271556","ab.chatgpt.com","FioImma.local","TLSv1.2","962","Application Data"
"5360","61.271556","ab.chatgpt.com","FioImma.local","TCP","7354","443  >  54679 [ACK] Seq=1325026 Ack=244996 Win=64 Len=7300 [TCP PDU reassembled in 5361]"
"5361","61.271556","ab.chatgpt.com","FioImma.local","TLSv1.2","443","Application Data"
"5362","61.271626","FioImma.local","ab.chatgpt.com","TCP","54","54679  >  443 [ACK] Seq=244996 Ack=1332715 Win=2056 Len=0"
"5363","61.277265","ab.chatgpt.com","FioImma.local","TCP","14654","443  >  54679 [PSH, ACK] Seq=1332715 Ack=244996 Win=64 Len=14600 [TCP PDU reassembled in 5364]"
"5364","61.277265","ab.chatgpt.com","FioImma.local","TLSv1.2","842","Application Data"
"5365","61.277323","FioImma.local","ab.chatgpt.com","TCP","54","54679  >  443 [ACK] Seq=244996 Ack=1348103 Win=2056 Len=0"
"5366","61.280353","ab.chatgpt.com","FioImma.local","TCP","1514","443  >  54679 [ACK] Seq=1348103 Ack=244996 Win=64 Len=1460 [TCP PDU reassembled in 5368]"
"5367","61.280353","ab.chatgpt.com","FioImma.local","TCP","1514","443  >  54679 [ACK] Seq=1349563 Ack=244996 Win=64 Len=1460 [TCP PDU reassembled in 5368]"
"5368","61.280353","ab.chatgpt.com","FioImma.local","TLSv1.2","1026","Application Data"
"5369","61.280390","FioImma.local","ab.chatgpt.com","TCP","54","54679  >  443 [ACK] Seq=244996 Ack=1351995 Win=2056 Len=0"
"5370","61.282783","ab.chatgpt.com","FioImma.local","TCP","2974","443  >  54679 [ACK] Seq=1351995 Ack=244996 Win=64 Len=2920 [TCP PDU reassembled in 5371]"
"5371","61.282783","ab.chatgpt.com","FioImma.local","TLSv1.2","1026","Application Data"
"5372","61.282830","FioImma.local","ab.chatgpt.com","TCP","54","54679  >  443 [ACK] Seq=244996 Ack=1355887 Win=2056 Len=0"
"5373","61.293308","ab.chatgpt.com","FioImma.local","TCP","2974","443  >  54679 [ACK] Seq=1355887 Ack=244996 Win=64 Len=2920 [TCP PDU reassembled in 5374]"
"5374","61.293308","ab.chatgpt.com","FioImma.local","TLSv1.2","1026","Application Data"
"5375","61.293383","FioImma.local","ab.chatgpt.com","TCP","54","54679  >  443 [ACK] Seq=244996 Ack=1359779 Win=2056 Len=0"
"5376","61.305771","ab.chatgpt.com","FioImma.local","TCP","7354","443  >  54679 [ACK] Seq=1359779 Ack=244996 Win=64 Len=7300 [TCP PDU reassembled in 5377]"
"5377","61.305771","ab.chatgpt.com","FioImma.local","TLSv1.2","507","Application Data"
"5378","61.305843","FioImma.local","ab.chatgpt.com","TCP","54","54679  >  443 [ACK] Seq=244996 Ack=1367532 Win=2056 Len=0"
"5379","61.310990","ab.chatgpt.com","FioImma.local","TCP","1514","443  >  54679 [ACK] Seq=1367532 Ack=244996 Win=64 Len=1460 [TCP PDU reassembled in 5381]"
"5380","61.312992","ab.chatgpt.com","FioImma.local","TCP","1514","443  >  54679 [ACK] Seq=1368992 Ack=244996 Win=64 Len=1460 [TCP PDU reassembled in 5381]"
"5381","61.312992","ab.chatgpt.com","FioImma.local","TLSv1.2","1058","Application Data"
"5382","61.313044","FioImma.local","ab.chatgpt.com","TCP","54","54679  >  443 [ACK] Seq=244996 Ack=1371456 Win=2056 Len=0"
"5383","61.318900","ab.chatgpt.com","FioImma.local","TCP","2974","443  >  54679 [ACK] Seq=1371456 Ack=244996 Win=64 Len=2920 [TCP PDU reassembled in 5384]"
"5384","61.318900","ab.chatgpt.com","FioImma.local","TLSv1.2","1058","Application Data"
"5385","61.318900","ab.chatgpt.com","FioImma.local","TCP","2974","443  >  54679 [ACK] Seq=1375380 Ack=244996 Win=64 Len=2920 [TCP PDU reassembled in 5386]"
"5386","61.318900","ab.chatgpt.com","FioImma.local","TLSv1.2","1058","Application Data"
"5387","61.318971","FioImma.local","ab.chatgpt.com","TCP","54","54679  >  443 [ACK] Seq=244996 Ack=1379304 Win=2056 Len=0"
"5388","61.322081","ab.chatgpt.com","FioImma.local","TCP","2974","443  >  54679 [ACK] Seq=1379304 Ack=244996 Win=64 Len=2920 [TCP PDU reassembled in 5389]"
"5389","61.322081","ab.chatgpt.com","FioImma.local","TLSv1.2","1058","Application Data"
"5390","61.322178","FioImma.local","ab.chatgpt.com","TCP","54","54679  >  443 [ACK] Seq=244996 Ack=1383228 Win=2056 Len=0"
"5391","61.325429","ab.chatgpt.com","FioImma.local","TCP","1514","443  >  54679 [ACK] Seq=1383228 Ack=244996 Win=64 Len=1460 [TCP PDU reassembled in 5393]"
"5392","61.327483","ab.chatgpt.com","FioImma.local","TCP","1514","443  >  54679 [ACK] Seq=1384688 Ack=244996 Win=64 Len=1460 [TCP PDU reassembled in 5393]"
"5393","61.327483","ab.chatgpt.com","FioImma.local","TLSv1.2","1090","Application Data"
"5394","61.327518","FioImma.local","ab.chatgpt.com","TCP","54","54679  >  443 [ACK] Seq=244996 Ack=1387184 Win=2056 Len=0"
"5395","61.330738","ab.chatgpt.com","FioImma.local","TCP","2974","443  >  54679 [ACK] Seq=1387184 Ack=244996 Win=64 Len=2920 [TCP PDU reassembled in 5396]"
"5396","61.330738","ab.chatgpt.com","FioImma.local","TLSv1.2","1090","Application Data"
"5397","61.330803","FioImma.local","ab.chatgpt.com","TCP","54","54679  >  443 [ACK] Seq=244996 Ack=1391140 Win=2056 Len=0"
"5398","61.353717","ab.chatgpt.com","FioImma.local","TCP","2974","443  >  54679 [ACK] Seq=1391140 Ack=244996 Win=64 Len=2920 [TCP PDU reassembled in 5399]"
"5399","61.353717","ab.chatgpt.com","FioImma.local","TLSv1.2","1090","Application Data"
"5400","61.353859","FioImma.local","ab.chatgpt.com","TCP","54","54679  >  443 [ACK] Seq=244996 Ack=1395096 Win=2056 Len=0"
"5401","61.356153","ab.chatgpt.com","FioImma.local","TCP","2974","443  >  54679 [ACK] Seq=1395096 Ack=244996 Win=64 Len=2920 [TCP PDU reassembled in 5402]"
"5402","61.356153","ab.chatgpt.com","FioImma.local","TLSv1.2","1090","Application Data"
"5403","61.356228","FioImma.local","ab.chatgpt.com","TCP","54","54679  >  443 [ACK] Seq=244996 Ack=1399052 Win=2056 Len=0"
"5404","61.357534","ab.chatgpt.com","FioImma.local","TCP","1514","443  >  54679 [ACK] Seq=1399052 Ack=244996 Win=64 Len=1460 [TCP PDU reassembled in 5406]"
"5405","61.359081","ab.chatgpt.com","FioImma.local","TCP","1514","443  >  54679 [ACK] Seq=1400512 Ack=244996 Win=64 Len=1460 [TCP PDU reassembled in 5406]"
"5406","61.359081","ab.chatgpt.com","FioImma.local","TLSv1.2","1090","Application Data"
"5407","61.359107","FioImma.local","ab.chatgpt.com","TCP","54","54679  >  443 [ACK] Seq=244996 Ack=1403008 Win=2056 Len=0"
"5408","61.369730","ab.chatgpt.com","FioImma.local","TCP","2974","443  >  54679 [ACK] Seq=1403008 Ack=244996 Win=64 Len=2920 [TCP PDU reassembled in 5409]"
"5409","61.369730","ab.chatgpt.com","FioImma.local","TLSv1.2","1122","Application Data"
"5410","61.369820","FioImma.local","ab.chatgpt.com","TCP","54","54679  >  443 [ACK] Seq=244996 Ack=1406996 Win=2056 Len=0"
"5411","61.373827","ab.chatgpt.com","FioImma.local","TCP","2974","443  >  54679 [ACK] Seq=1406996 Ack=244996 Win=64 Len=2920 [TCP PDU reassembled in 5412]"
"5412","61.373827","ab.chatgpt.com","FioImma.local","TLSv1.2","1122","Application Data"
"5413","61.373863","FioImma.local","ab.chatgpt.com","TCP","54","54679  >  443 [ACK] Seq=244996 Ack=1410984 Win=2056 Len=0"
"5414","61.383300","ab.chatgpt.com","FioImma.local","TCP","2974","443  >  54679 [ACK] Seq=1410984 Ack=244996 Win=64 Len=2920 [TCP PDU reassembled in 5415]"
"5415","61.383300","ab.chatgpt.com","FioImma.local","TLSv1.2","1122","Application Data"
"5416","61.383377","FioImma.local","ab.chatgpt.com","TCP","54","54679  >  443 [ACK] Seq=244996 Ack=1414972 Win=2056 Len=0"
"5417","61.394450","ab.chatgpt.com","FioImma.local","TCP","1514","443  >  54679 [ACK] Seq=1414972 Ack=244996 Win=64 Len=1460 [TCP PDU reassembled in 5419]"
"5418","61.395798","ab.chatgpt.com","FioImma.local","TCP","1514","443  >  54679 [ACK] Seq=1416432 Ack=244996 Win=64 Len=1460 [TCP PDU reassembled in 5419]"
"5419","61.395798","ab.chatgpt.com","FioImma.local","TLSv1.2","1122","Application Data"
"5420","61.395848","FioImma.local","ab.chatgpt.com","TCP","54","54679  >  443 [ACK] Seq=244996 Ack=1418960 Win=2056 Len=0"
"5421","61.415973","ab.chatgpt.com","FioImma.local","TCP","7354","443  >  54679 [ACK] Seq=1418960 Ack=244996 Win=64 Len=7300 [TCP PDU reassembled in 5422]"
"5422","61.415973","ab.chatgpt.com","FioImma.local","TLSv1.2","699","Application Data"
"5423","61.416060","FioImma.local","ab.chatgpt.com","TCP","54","54679  >  443 [ACK] Seq=244996 Ack=1426905 Win=2056 Len=0"
"5424","61.433233","ab.chatgpt.com","FioImma.local","TCP","2974","443  >  54679 [ACK] Seq=1426905 Ack=244996 Win=64 Len=2920 [TCP PDU reassembled in 5425]"
"5425","61.433233","ab.chatgpt.com","FioImma.local","TLSv1.2","1122","Application Data"
"5426","61.433325","FioImma.local","ab.chatgpt.com","TCP","54","54679  >  443 [ACK] Seq=244996 Ack=1430893 Win=2056 Len=0"
"5427","61.450135","ab.chatgpt.com","FioImma.local","TCP","1514","443  >  54679 [ACK] Seq=1430893 Ack=244996 Win=64 Len=1460 [TCP PDU reassembled in 5429]"
"5428","61.452053","ab.chatgpt.com","FioImma.local","TCP","1514","443  >  54679 [ACK] Seq=1432353 Ack=244996 Win=64 Len=1460 [TCP PDU reassembled in 5429]"
"5429","61.452053","ab.chatgpt.com","FioImma.local","TLSv1.2","1122","Application Data"
"5430","61.452162","FioImma.local","ab.chatgpt.com","TCP","54","54679  >  443 [ACK] Seq=244996 Ack=1434881 Win=2056 Len=0"
"5431","61.467540","ab.chatgpt.com","FioImma.local","TCP","2974","443  >  54679 [ACK] Seq=1434881 Ack=244996 Win=64 Len=2920 [TCP PDU reassembled in 5432]"
"5432","61.467540","ab.chatgpt.com","FioImma.local","TLSv1.2","1154","Application Data"
"5433","61.467620","FioImma.local","ab.chatgpt.com","TCP","54","54679  >  443 [ACK] Seq=244996 Ack=1438901 Win=2056 Len=0"
"5434","61.476079","ab.chatgpt.com","FioImma.local","TCP","2974","443  >  54679 [ACK] Seq=1438901 Ack=244996 Win=64 Len=2920 [TCP PDU reassembled in 5435]"
"5435","61.476079","ab.chatgpt.com","FioImma.local","TLSv1.2","1154","Application Data"
"5436","61.476158","FioImma.local","ab.chatgpt.com","TCP","54","54679  >  443 [ACK] Seq=244996 Ack=1442921 Win=2056 Len=0"
"5437","61.499868","ab.chatgpt.com","FioImma.local","TLSv1.2","16114","Application Data"
"5438","61.499945","FioImma.local","ab.chatgpt.com","TCP","54","54679  >  443 [ACK] Seq=244996 Ack=1458981 Win=2056 Len=0"
"5439","61.502627","ab.chatgpt.com","FioImma.local","TCP","1514","443  >  54679 [ACK] Seq=1458981 Ack=244996 Win=64 Len=1460 [TCP PDU reassembled in 5441]"
"5440","61.505536","ab.chatgpt.com","FioImma.local","TCP","1514","443  >  54679 [ACK] Seq=1460441 Ack=244996 Win=64 Len=1460 [TCP PDU reassembled in 5441]"
"5441","61.505536","ab.chatgpt.com","FioImma.local","TLSv1.2","1186","Application Data"
"5442","61.505620","FioImma.local","ab.chatgpt.com","TCP","54","54679  >  443 [ACK] Seq=244996 Ack=1463033 Win=2056 Len=0"
"5443","61.521343","ab.chatgpt.com","FioImma.local","TCP","2974","443  >  54679 [ACK] Seq=1463033 Ack=244996 Win=64 Len=2920 [TCP PDU reassembled in 5444]"
"5444","61.521343","ab.chatgpt.com","FioImma.local","TLSv1.2","1186","Application Data"
"5445","61.521343","ab.chatgpt.com","FioImma.local","TCP","2974","443  >  54679 [ACK] Seq=1467085 Ack=244996 Win=64 Len=2920 [TCP PDU reassembled in 5446]"
"5446","61.521343","ab.chatgpt.com","FioImma.local","TLSv1.2","1186","Application Data"
"5447","61.521456","FioImma.local","ab.chatgpt.com","TCP","54","54679  >  443 [ACK] Seq=244996 Ack=1471137 Win=2056 Len=0"
"5448","61.554279","ab.chatgpt.com","FioImma.local","TCP","2974","443  >  54679 [ACK] Seq=1471137 Ack=244996 Win=64 Len=2920 [TCP PDU reassembled in 5449]"
"5449","61.554279","ab.chatgpt.com","FioImma.local","TLSv1.2","1186","Application Data"
"5450","61.554279","ab.chatgpt.com","FioImma.local","TCP","2974","443  >  54679 [ACK] Seq=1475189 Ack=244996 Win=64 Len=2920 [TCP PDU reassembled in 5451]"
"5451","61.554279","ab.chatgpt.com","FioImma.local","TLSv1.2","1218","Application Data"
"5452","61.554279","ab.chatgpt.com","FioImma.local","TCP","2974","443  >  54679 [ACK] Seq=1479273 Ack=244996 Win=64 Len=2920 [TCP PDU reassembled in 5453]"
"5453","61.554279","ab.chatgpt.com","FioImma.local","TLSv1.2","1218","Application Data"
"5454","61.554279","ab.chatgpt.com","FioImma.local","TCP","1514","443  >  54679 [ACK] Seq=1483357 Ack=244996 Win=64 Len=1460 [TCP PDU reassembled in 5456]"
"5455","61.554279","ab.chatgpt.com","FioImma.local","TCP","1514","443  >  54679 [ACK] Seq=1484817 Ack=244996 Win=64 Len=1460 [TCP PDU reassembled in 5456]"
"5456","61.554279","ab.chatgpt.com","FioImma.local","TLSv1.2","1218","Application Data"
"5457","61.554279","ab.chatgpt.com","FioImma.local","TCP","1514","443  >  54679 [ACK] Seq=1487441 Ack=244996 Win=64 Len=1460 [TCP PDU reassembled in 5460]"
"5458","61.554507","FioImma.local","ab.chatgpt.com","TCP","54","54679  >  443 [ACK] Seq=244996 Ack=1488901 Win=2056 Len=0"
"5459","61.570501","ab.chatgpt.com","FioImma.local","TCP","1514","443  >  54679 [ACK] Seq=1488901 Ack=244996 Win=64 Len=1460 [TCP PDU reassembled in 5460]"
"5460","61.570501","ab.chatgpt.com","FioImma.local","TLSv1.2","1218","Application Data"
"5461","61.570501","ab.chatgpt.com","FioImma.local","TCP","2974","443  >  54679 [ACK] Seq=1491525 Ack=244996 Win=64 Len=2920 [TCP PDU reassembled in 5462]"
"5462","61.570501","ab.chatgpt.com","FioImma.local","TLSv1.2","1250","Application Data"
"5463","61.570501","ab.chatgpt.com","FioImma.local","TCP","2974","443  >  54679 [ACK] Seq=1495641 Ack=244996 Win=64 Len=2920 [TCP PDU reassembled in 5464]"
"5464","61.570501","ab.chatgpt.com","FioImma.local","TLSv1.2","1250","Application Data"
"5465","61.570598","FioImma.local","ab.chatgpt.com","TCP","54","54679  >  443 [ACK] Seq=244996 Ack=1499757 Win=2056 Len=0"
"5466","61.592299","ab.chatgpt.com","FioImma.local","TCP","2974","443  >  54679 [ACK] Seq=1499757 Ack=244996 Win=64 Len=2920 [TCP PDU reassembled in 5467]"
"5467","61.592299","ab.chatgpt.com","FioImma.local","TLSv1.2","1250","Application Data"
"5468","61.592299","ab.chatgpt.com","FioImma.local","TCP","2974","443  >  54679 [ACK] Seq=1503873 Ack=244996 Win=64 Len=2920 [TCP PDU reassembled in 5469]"
"5469","61.592299","ab.chatgpt.com","FioImma.local","TLSv1.2","1250","Application Data"
"5470","61.592299","ab.chatgpt.com","FioImma.local","TCP","2974","443  >  54679 [ACK] Seq=1507989 Ack=244996 Win=64 Len=2920 [TCP PDU reassembled in 5471]"
"5471","61.592299","ab.chatgpt.com","FioImma.local","TLSv1.2","1250","Application Data"
"5472","61.592299","ab.chatgpt.com","FioImma.local","TCP","2974","443  >  54679 [ACK] Seq=1512105 Ack=244996 Win=64 Len=2920 [TCP PDU reassembled in 5473]"
"5473","61.592299","ab.chatgpt.com","FioImma.local","TLSv1.2","1282","Application Data"
"5474","61.592433","FioImma.local","ab.chatgpt.com","TCP","54","54679  >  443 [ACK] Seq=244996 Ack=1516253 Win=2056 Len=0"
"5475","61.594748","ab.chatgpt.com","FioImma.local","TCP","1514","443  >  54679 [ACK] Seq=1516253 Ack=244996 Win=64 Len=1460 [TCP PDU reassembled in 5478]"
"5476","61.594791","FioImma.local","ab.chatgpt.com","TCP","54","54679  >  443 [ACK] Seq=244996 Ack=1517713 Win=2056 Len=0"
"5477","61.617414","ab.chatgpt.com","FioImma.local","TCP","1514","443  >  54679 [ACK] Seq=1517713 Ack=244996 Win=64 Len=1460 [TCP PDU reassembled in 5478]"
"5478","61.617414","ab.chatgpt.com","FioImma.local","TLSv1.2","1282","Application Data"
"5479","61.617414","ab.chatgpt.com","FioImma.local","TCP","1514","443  >  54679 [ACK] Seq=1520401 Ack=244996 Win=64 Len=1460 [TCP PDU reassembled in 5481]"
"5480","61.617414","ab.chatgpt.com","FioImma.local","TCP","1514","443  >  54679 [ACK] Seq=1521861 Ack=244996 Win=64 Len=1460 [TCP PDU reassembled in 5481]"
"5481","61.617414","ab.chatgpt.com","FioImma.local","TLSv1.2","1282","Application Data"
"5482","61.617414","ab.chatgpt.com","FioImma.local","TCP","1514","443  >  54679 [ACK] Seq=1524549 Ack=244996 Win=64 Len=1460 [TCP PDU reassembled in 5484]"
"5483","61.617414","ab.chatgpt.com","FioImma.local","TCP","1514","443  >  54679 [ACK] Seq=1526009 Ack=244996 Win=64 Len=1460 [TCP PDU reassembled in 5484]"
"5484","61.617414","ab.chatgpt.com","FioImma.local","TLSv1.2","1282","Application Data"
"5485","61.617414","ab.chatgpt.com","FioImma.local","TCP","1514","443  >  54679 [ACK] Seq=1528697 Ack=244996 Win=64 Len=1460 [TCP PDU reassembled in 5490]"
"5486","61.617414","ab.chatgpt.com","FioImma.local","TCP","1514","443  >  54679 [ACK] Seq=1530157 Ack=244996 Win=64 Len=1460 [TCP PDU reassembled in 5490]"
"5487","61.617414","ab.chatgpt.com","FioImma.local","TCP","1514","443  >  54679 [ACK] Seq=1531617 Ack=244996 Win=64 Len=1460 [TCP PDU reassembled in 5490]"
"5488","61.617414","ab.chatgpt.com","FioImma.local","TCP","1514","443  >  54679 [ACK] Seq=1533077 Ack=244996 Win=64 Len=1460 [TCP PDU reassembled in 5490]"
"5489","61.617414","ab.chatgpt.com","FioImma.local","TCP","1514","443  >  54679 [ACK] Seq=1534537 Ack=244996 Win=64 Len=1460 [TCP PDU reassembled in 5490]"
"5490","61.617414","ab.chatgpt.com","FioImma.local","TLSv1.2","1092","Application Data"
"5491","61.617554","FioImma.local","ab.chatgpt.com","TCP","54","54679  >  443 [ACK] Seq=244996 Ack=1537035 Win=2056 Len=0"
"5492","61.619242","ab.chatgpt.com","FioImma.local","TCP","1514","443  >  54679 [ACK] Seq=1537035 Ack=244996 Win=64 Len=1460 [TCP PDU reassembled in 5494]"
"5493","61.639819","ab.chatgpt.com","FioImma.local","TCP","1514","443  >  54679 [ACK] Seq=1538495 Ack=244996 Win=64 Len=1460 [TCP PDU reassembled in 5494]"
"5494","61.639819","ab.chatgpt.com","FioImma.local","TLSv1.2","1314","Application Data"
"5495","61.639819","ab.chatgpt.com","FioImma.local","TCP","2974","443  >  54679 [ACK] Seq=1541215 Ack=244996 Win=64 Len=2920 [TCP PDU reassembled in 5496]"
"5496","61.639819","ab.chatgpt.com","FioImma.local","TLSv1.2","1314","Application Data"
"5497","61.639910","FioImma.local","ab.chatgpt.com","TCP","54","54679  >  443 [ACK] Seq=244996 Ack=1545395 Win=2056 Len=0"
"5498","61.670633","ab.chatgpt.com","FioImma.local","TCP","2974","443  >  54679 [ACK] Seq=1545395 Ack=244996 Win=64 Len=2920 [TCP PDU reassembled in 5499]"
"5499","61.670633","ab.chatgpt.com","FioImma.local","TLSv1.2","1314","Application Data"
"5500","61.670633","ab.chatgpt.com","FioImma.local","TCP","2974","443  >  54679 [ACK] Seq=1549575 Ack=244996 Win=64 Len=2920 [TCP PDU reassembled in 5501]"
"5501","61.670633","ab.chatgpt.com","FioImma.local","TLSv1.2","1346","Application Data"
"5502","61.670744","FioImma.local","ab.chatgpt.com","TCP","54","54679  >  443 [ACK] Seq=244996 Ack=1553787 Win=2056 Len=0"
"5503","61.689790","ab.chatgpt.com","FioImma.local","TCP","1514","443  >  54679 [ACK] Seq=1553787 Ack=244996 Win=64 Len=1460 [TCP PDU reassembled in 5505]"
"5504","61.711465","ab.chatgpt.com","FioImma.local","TCP","1514","443  >  54679 [ACK] Seq=1555247 Ack=244996 Win=64 Len=1460 [TCP PDU reassembled in 5505]"
"5505","61.711465","ab.chatgpt.com","FioImma.local","TLSv1.2","1346","Application Data"
"5506","61.711553","FioImma.local","ab.chatgpt.com","TCP","54","54679  >  443 [ACK] Seq=244996 Ack=1557999 Win=2056 Len=0"
"5507","61.739604","ab.chatgpt.com","FioImma.local","TCP","2974","443  >  54679 [ACK] Seq=1557999 Ack=244996 Win=64 Len=2920 [TCP PDU reassembled in 5508]"
"5508","61.739604","ab.chatgpt.com","FioImma.local","TLSv1.2","1346","Application Data"
"5509","61.739700","FioImma.local","ab.chatgpt.com","TCP","54","54679  >  443 [ACK] Seq=244996 Ack=1562211 Win=2056 Len=0"
"5510","61.760750","ab.chatgpt.com","FioImma.local","TCP","2974","443  >  54679 [ACK] Seq=1562211 Ack=244996 Win=64 Len=2920 [TCP PDU reassembled in 5511]"
"5511","61.760750","ab.chatgpt.com","FioImma.local","TLSv1.2","1346","Application Data"
"5512","61.760750","ab.chatgpt.com","FioImma.local","TCP","2974","443  >  54679 [ACK] Seq=1566423 Ack=244996 Win=64 Len=2920 [TCP PDU reassembled in 5514]"
"5513","61.760880","FioImma.local","ab.chatgpt.com","TCP","54","54679  >  443 [ACK] Seq=244996 Ack=1569343 Win=2056 Len=0"
"5514","61.761246","ab.chatgpt.com","FioImma.local","TLSv1.2","1335","Application Data"
"5515","61.779678","ab.chatgpt.com","FioImma.local","TCP","1514","443  >  54679 [ACK] Seq=1570624 Ack=244996 Win=64 Len=1460 [TCP PDU reassembled in 5518]"
"5516","61.779752","FioImma.local","ab.chatgpt.com","TCP","54","54679  >  443 [ACK] Seq=244996 Ack=1572084 Win=2056 Len=0"
"5517","61.799381","ab.chatgpt.com","FioImma.local","TCP","1514","443  >  54679 [ACK] Seq=1572084 Ack=244996 Win=64 Len=1460 [TCP PDU reassembled in 5518]"
"5518","61.799381","ab.chatgpt.com","FioImma.local","TLSv1.2","1378","Application Data"
"5519","61.799381","ab.chatgpt.com","FioImma.local","TCP","1514","443  >  54679 [ACK] Seq=1574868 Ack=244996 Win=64 Len=1460 [TCP PDU reassembled in 5521]"
"5520","61.799381","ab.chatgpt.com","FioImma.local","TCP","1514","443  >  54679 [ACK] Seq=1576328 Ack=244996 Win=64 Len=1460 [TCP PDU reassembled in 5521]"
"5521","61.799381","ab.chatgpt.com","FioImma.local","TLSv1.2","1378","Application Data"
"5522","61.799466","FioImma.local","ab.chatgpt.com","TCP","54","54679  >  443 [ACK] Seq=244996 Ack=1579112 Win=2056 Len=0"
"5523","61.829723","ab.chatgpt.com","FioImma.local","TCP","2974","443  >  54679 [ACK] Seq=1579112 Ack=244996 Win=64 Len=2920 [TCP PDU reassembled in 5524]"
"5524","61.829723","ab.chatgpt.com","FioImma.local","TLSv1.2","1378","Application Data"
"5525","61.829818","FioImma.local","ab.chatgpt.com","TCP","54","54679  >  443 [ACK] Seq=244996 Ack=1583356 Win=2056 Len=0"
"5526","61.850699","ab.chatgpt.com","FioImma.local","TCP","2974","443  >  54679 [ACK] Seq=1583356 Ack=244996 Win=64 Len=2920 [TCP PDU reassembled in 5527]"
"5527","61.850699","ab.chatgpt.com","FioImma.local","TLSv1.2","1378","Application Data"
"5528","61.850699","ab.chatgpt.com","FioImma.local","TCP","2974","443  >  54679 [ACK] Seq=1587600 Ack=244996 Win=64 Len=2920 [TCP PDU reassembled in 5529]"
"5529","61.850699","ab.chatgpt.com","FioImma.local","TLSv1.2","1367","Application Data"
"5530","61.850814","FioImma.local","ab.chatgpt.com","TCP","54","54679  >  443 [ACK] Seq=244996 Ack=1591833 Win=2056 Len=0"
"5531","61.871518","ab.chatgpt.com","FioImma.local","TCP","2974","443  >  54679 [ACK] Seq=1591833 Ack=244996 Win=64 Len=2920 [TCP PDU reassembled in 5532]"
"5532","61.871518","ab.chatgpt.com","FioImma.local","TLSv1.2","1410","Application Data"
"5533","61.871518","ab.chatgpt.com","FioImma.local","TCP","2974","443  >  54679 [ACK] Seq=1596109 Ack=244996 Win=64 Len=2920 [TCP PDU reassembled in 5534]"
"5534","61.871518","ab.chatgpt.com","FioImma.local","TLSv1.2","1410","Application Data"
"5535","61.871518","ab.chatgpt.com","FioImma.local","TCP","2974","443  >  54679 [ACK] Seq=1600385 Ack=244996 Win=64 Len=2920 [TCP PDU reassembled in 5536]"
"5536","61.871518","ab.chatgpt.com","FioImma.local","TLSv1.2","1410","Application Data"
"5537","61.871518","ab.chatgpt.com","FioImma.local","TCP","2974","443  >  54679 [ACK] Seq=1604661 Ack=244996 Win=64 Len=2920 [TCP PDU reassembled in 5538]"
"5538","61.871518","ab.chatgpt.com","FioImma.local","TLSv1.2","1442","Application Data"
"5539","61.871518","ab.chatgpt.com","FioImma.local","TCP","1514","443  >  54679 [ACK] Seq=1608969 Ack=244996 Win=64 Len=1460 [TCP PDU reassembled in 5542]"
"5540","61.871637","FioImma.local","ab.chatgpt.com","TCP","54","54679  >  443 [ACK] Seq=244996 Ack=1610429 Win=2056 Len=0"
"5541","61.871914","ab.chatgpt.com","FioImma.local","TCP","1514","443  >  54679 [ACK] Seq=1610429 Ack=244996 Win=64 Len=1460 [TCP PDU reassembled in 5542]"
"5542","61.871914","ab.chatgpt.com","FioImma.local","TLSv1.2","1442","Application Data"
"5543","61.871914","ab.chatgpt.com","FioImma.local","TCP","1514","443  >  54679 [ACK] Seq=1613277 Ack=244996 Win=64 Len=1460 [TCP PDU reassembled in 5546]"
"5544","61.871957","FioImma.local","ab.chatgpt.com","TCP","54","54679  >  443 [ACK] Seq=244996 Ack=1614737 Win=2056 Len=0"
"5545","61.891283","ab.chatgpt.com","FioImma.local","TCP","1514","443  >  54679 [ACK] Seq=1614737 Ack=244996 Win=64 Len=1460 [TCP PDU reassembled in 5546]"
"5546","61.891371","ab.chatgpt.com","FioImma.local","TLSv1.2","1442","Application Data"
"5547","61.891389","FioImma.local","ab.chatgpt.com","TCP","54","54679  >  443 [ACK] Seq=244996 Ack=1617585 Win=2056 Len=0"
"5548","61.891446","ab.chatgpt.com","FioImma.local","TCP","1514","443  >  54679 [ACK] Seq=1617585 Ack=244996 Win=64 Len=1460 [TCP PDU reassembled in 5551]"
"5549","61.891463","ab.chatgpt.com","FioImma.local","TCP","1514","443  >  54679 [ACK] Seq=1619045 Ack=244996 Win=64 Len=1460 [TCP PDU reassembled in 5551]"
"5550","61.891472","FioImma.local","ab.chatgpt.com","TCP","54","54679  >  443 [ACK] Seq=244996 Ack=1620505 Win=2056 Len=0"
"5551","61.891496","ab.chatgpt.com","FioImma.local","TLSv1.2","1442","Application Data"
"5552","61.891510","ab.chatgpt.com","FioImma.local","TCP","1514","443  >  54679 [ACK] Seq=1621893 Ack=244996 Win=64 Len=1460 [TCP PDU reassembled in 5555]"
"5553","61.891519","FioImma.local","ab.chatgpt.com","TCP","54","54679  >  443 [ACK] Seq=244996 Ack=1623353 Win=2056 Len=0"
"5554","61.891536","ab.chatgpt.com","FioImma.local","TCP","1514","443  >  54679 [ACK] Seq=1623353 Ack=244996 Win=64 Len=1460 [TCP PDU reassembled in 5555]"
"5555","61.891551","ab.chatgpt.com","FioImma.local","TLSv1.2","1442","Application Data"
"5556","61.891569","FioImma.local","ab.chatgpt.com","TCP","54","54679  >  443 [ACK] Seq=244996 Ack=1626201 Win=2056 Len=0"
"5557","61.922414","ab.chatgpt.com","FioImma.local","TCP","2974","443  >  54679 [ACK] Seq=1626201 Ack=244996 Win=64 Len=2920 [TCP PDU reassembled in 5558]"
"5558","61.922414","ab.chatgpt.com","FioImma.local","TLSv1.2","1442","Application Data"
"5559","61.922414","ab.chatgpt.com","FioImma.local","TCP","2974","443  >  54679 [ACK] Seq=1630509 Ack=244996 Win=64 Len=2920 [TCP PDU reassembled in 5560]"
"5560","61.922414","ab.chatgpt.com","FioImma.local","TLSv1.2","1474","Application Data"
"5561","61.922414","ab.chatgpt.com","FioImma.local","TCP","2974","443  >  54679 [ACK] Seq=1634849 Ack=244996 Win=64 Len=2920 [TCP PDU reassembled in 5562]"
"5562","61.922414","ab.chatgpt.com","FioImma.local","TLSv1.2","1474","Application Data"
"5563","61.922523","FioImma.local","ab.chatgpt.com","TCP","54","54679  >  443 [ACK] Seq=244996 Ack=1639189 Win=2056 Len=0"
"5564","61.928515","ab.chatgpt.com","FioImma.local","TCP","1514","443  >  54679 [ACK] Seq=1639189 Ack=244996 Win=64 Len=1460 [TCP PDU reassembled in 5567]"
"5565","61.928562","FioImma.local","ab.chatgpt.com","TCP","54","54679  >  443 [ACK] Seq=244996 Ack=1640649 Win=2056 Len=0"
"5566","61.948267","ab.chatgpt.com","FioImma.local","TCP","1514","443  >  54679 [ACK] Seq=1640649 Ack=244996 Win=64 Len=1460 [TCP PDU reassembled in 5567]"
"5567","61.948267","ab.chatgpt.com","FioImma.local","TLSv1.2","1474","Application Data"
"5568","61.948267","ab.chatgpt.com","FioImma.local","TCP","2974","443  >  54679 [ACK] Seq=1643529 Ack=244996 Win=64 Len=2920 [TCP PDU reassembled in 5569]"
"5569","61.948267","ab.chatgpt.com","FioImma.local","TLSv1.2","1474","Application Data"
"5570","61.948267","ab.chatgpt.com","FioImma.local","TCP","2974","443  >  54679 [ACK] Seq=1647869 Ack=244996 Win=64 Len=2920 [TCP PDU reassembled in 5571]"
"5571","61.948267","ab.chatgpt.com","FioImma.local","TLSv1.2","1474","Application Data"
"5572","61.948370","FioImma.local","ab.chatgpt.com","TCP","54","54679  >  443 [ACK] Seq=244996 Ack=1652209 Win=2056 Len=0"
"5573","61.976558","ab.chatgpt.com","FioImma.local","TCP","2974","443  >  54679 [ACK] Seq=1652209 Ack=244996 Win=64 Len=2920 [TCP PDU reassembled in 5574]"
"5574","61.976558","ab.chatgpt.com","FioImma.local","TLSv1.2","1506","Application Data"
"5575","61.976558","ab.chatgpt.com","FioImma.local","TCP","2974","443  >  54679 [ACK] Seq=1656581 Ack=244996 Win=64 Len=2920 [TCP PDU reassembled in 5576]"
"5576","61.976558","ab.chatgpt.com","FioImma.local","TLSv1.2","1506","Application Data"
"5577","61.976669","FioImma.local","ab.chatgpt.com","TCP","54","54679  >  443 [ACK] Seq=244996 Ack=1660953 Win=2056 Len=0"
"5578","61.997381","ab.chatgpt.com","FioImma.local","TCP","2974","443  >  54679 [ACK] Seq=1660953 Ack=244996 Win=64 Len=2920 [TCP PDU reassembled in 5579]"
"5579","61.997381","ab.chatgpt.com","FioImma.local","TLSv1.2","1506","Application Data"
"5580","61.997381","ab.chatgpt.com","FioImma.local","TCP","2974","443  >  54679 [ACK] Seq=1665325 Ack=244996 Win=64 Len=2920 [TCP PDU reassembled in 5581]"
"5581","61.997381","ab.chatgpt.com","FioImma.local","TLSv1.2","1506","Application Data"
"5582","61.997485","FioImma.local","ab.chatgpt.com","TCP","54","54679  >  443 [ACK] Seq=244996 Ack=1669697 Win=2056 Len=0"
"5583","62.031575","ab.chatgpt.com","FioImma.local","TCP","4434","443  >  54679 [ACK] Seq=1669697 Ack=244996 Win=64 Len=4380 [TCP PDU reassembled in 5584]"
"5584","62.031575","ab.chatgpt.com","FioImma.local","TLSv1.2","78","Application Data"
"5585","62.031645","FioImma.local","ab.chatgpt.com","TCP","54","54679  >  443 [ACK] Seq=244996 Ack=1674101 Win=2056 Len=0"
"5586","62.063084","ab.chatgpt.com","FioImma.local","TCP","8814","443  >  54679 [ACK] Seq=1674101 Ack=244996 Win=64 Len=8760 [TCP PDU reassembled in 5587]"
"5587","62.063084","ab.chatgpt.com","FioImma.local","TLSv1.2","80","Application Data"
"5588","62.063084","ab.chatgpt.com","FioImma.local","TCP","4434","443  >  54679 [ACK] Seq=1682887 Ack=244996 Win=64 Len=4380 [TCP PDU reassembled in 5589]"
"5589","62.063084","ab.chatgpt.com","FioImma.local","TLSv1.2","78","Application Data"
"5590","62.063084","ab.chatgpt.com","FioImma.local","TCP","4434","443  >  54679 [ACK] Seq=1687291 Ack=244996 Win=64 Len=4380 [TCP PDU reassembled in 5591]"
"5591","62.063084","ab.chatgpt.com","FioImma.local","TLSv1.2","110","Application Data"
"5592","62.063084","ab.chatgpt.com","FioImma.local","TCP","1514","443  >  54679 [ACK] Seq=1691727 Ack=244996 Win=64 Len=1460 [TCP PDU reassembled in 5595]"
"5593","62.063232","FioImma.local","ab.chatgpt.com","TCP","54","54679  >  443 [ACK] Seq=244996 Ack=1693187 Win=2056 Len=0"
"5594","62.074659","ab.chatgpt.com","FioImma.local","TCP","2974","443  >  54679 [ACK] Seq=1693187 Ack=244996 Win=64 Len=2920 [TCP PDU reassembled in 5595]"
"5595","62.074659","ab.chatgpt.com","FioImma.local","TLSv1.2","110","Application Data"
"5596","62.074659","ab.chatgpt.com","FioImma.local","TCP","4434","443  >  54679 [ACK] Seq=1696163 Ack=244996 Win=64 Len=4380 [TCP PDU reassembled in 5597]"
"5597","62.074659","ab.chatgpt.com","FioImma.local","TLSv1.2","110","Application Data"
"5598","62.074659","ab.chatgpt.com","FioImma.local","TCP","4434","443  >  54679 [ACK] Seq=1700599 Ack=244996 Win=64 Len=4380 [TCP PDU reassembled in 5599]"
"5599","62.074659","ab.chatgpt.com","FioImma.local","TLSv1.2","110","Application Data"
"5600","62.074747","FioImma.local","ab.chatgpt.com","TCP","54","54679  >  443 [ACK] Seq=244996 Ack=1705035 Win=2056 Len=0"
"5601","62.094193","ab.chatgpt.com","FioImma.local","TCP","1514","443  >  54679 [ACK] Seq=1705035 Ack=244996 Win=64 Len=1460 [TCP PDU reassembled in 5604]"
"5602","62.094257","FioImma.local","ab.chatgpt.com","TCP","54","54679  >  443 [ACK] Seq=244996 Ack=1706495 Win=2056 Len=0"
"5603","62.103778","ab.chatgpt.com","FioImma.local","TCP","2974","443  >  54679 [ACK] Seq=1706495 Ack=244996 Win=64 Len=2920 [TCP PDU reassembled in 5604]"
"5604","62.103778","ab.chatgpt.com","FioImma.local","TLSv1.2","110","Application Data"
"5605","62.103778","ab.chatgpt.com","FioImma.local","TCP","8814","443  >  54679 [ACK] Seq=1709471 Ack=244996 Win=64 Len=8760 [TCP PDU reassembled in 5606]"
"5606","62.103778","ab.chatgpt.com","FioImma.local","TLSv1.2","208","Application Data"
"5607","62.103778","ab.chatgpt.com","FioImma.local","TCP","4434","443  >  54679 [ACK] Seq=1718385 Ack=244996 Win=64 Len=4380 [TCP PDU reassembled in 5608]"
"5608","62.103778","ab.chatgpt.com","FioImma.local","TLSv1.2","142","Application Data"
"5609","62.103778","ab.chatgpt.com","FioImma.local","TCP","2974","443  >  54679 [ACK] Seq=1722853 Ack=244996 Win=64 Len=2920 [TCP PDU reassembled in 5612]"
"5610","62.103889","FioImma.local","ab.chatgpt.com","TCP","54","54679  >  443 [ACK] Seq=244996 Ack=1725773 Win=2056 Len=0"
"5611","62.124024","ab.chatgpt.com","FioImma.local","TCP","1514","443  >  54679 [ACK] Seq=1725773 Ack=244996 Win=64 Len=1460 [TCP PDU reassembled in 5612]"
"5612","62.124024","ab.chatgpt.com","FioImma.local","TLSv1.2","142","Application Data"
"5613","62.124024","ab.chatgpt.com","FioImma.local","TCP","4434","443  >  54679 [ACK] Seq=1727321 Ack=244996 Win=64 Len=4380 [TCP PDU reassembled in 5614]"
"5614","62.124024","ab.chatgpt.com","FioImma.local","TLSv1.2","174","Application Data"
"5615","62.124024","ab.chatgpt.com","FioImma.local","TCP","4434","443  >  54679 [ACK] Seq=1731821 Ack=244996 Win=64 Len=4380 [TCP PDU reassembled in 5616]"
"5616","62.124024","ab.chatgpt.com","FioImma.local","TLSv1.2","174","Application Data"
"5617","62.124097","FioImma.local","ab.chatgpt.com","TCP","54","54679  >  443 [ACK] Seq=244996 Ack=1736321 Win=2056 Len=0"
"5618","62.132063","FioImma.local","ab.chatgpt.com","TLSv1.2","89","Application Data"
"5619","62.150544","ab.chatgpt.com","FioImma.local","TCP","4434","443  >  54679 [ACK] Seq=1736321 Ack=244996 Win=64 Len=4380 [TCP PDU reassembled in 5620]"
"5620","62.150544","ab.chatgpt.com","FioImma.local","TLSv1.2","174","Application Data"
"5621","62.150544","ab.chatgpt.com","FioImma.local","TCP","4434","443  >  54679 [ACK] Seq=1740821 Ack=244996 Win=64 Len=4380 [TCP PDU reassembled in 5622]"
"5622","62.150544","ab.chatgpt.com","FioImma.local","TLSv1.2","174","Application Data"
"5623","62.150544","ab.chatgpt.com","FioImma.local","TCP","4434","443  >  54679 [ACK] Seq=1745321 Ack=244996 Win=64 Len=4380 [TCP PDU reassembled in 5624]"
"5624","62.150544","ab.chatgpt.com","FioImma.local","TLSv1.2","206","Application Data"
"5625","62.150653","FioImma.local","ab.chatgpt.com","TCP","54","54679  >  443 [ACK] Seq=245031 Ack=1749853 Win=2056 Len=0"
"5626","62.177445","ab.chatgpt.com","FioImma.local","TCP","1514","443  >  54679 [ACK] Seq=1749853 Ack=245031 Win=64 Len=1460 [TCP PDU reassembled in 5628]"
"5627","62.177996","ab.chatgpt.com","FioImma.local","TCP","7354","443  >  54679 [ACK] Seq=1751313 Ack=245031 Win=64 Len=7300 [TCP PDU reassembled in 5628]"
"5628","62.177996","ab.chatgpt.com","FioImma.local","TLSv1.2","336","Application Data"
"5629","62.177996","ab.chatgpt.com","FioImma.local","TCP","8814","443  >  54679 [ACK] Seq=1758895 Ack=245031 Win=64 Len=8760 [TCP PDU reassembled in 5630]"
"5630","62.177996","ab.chatgpt.com","FioImma.local","TLSv1.2","336","Application Data"
"5631","62.177996","ab.chatgpt.com","FioImma.local","TCP","1514","443  >  54679 [ACK] Seq=1767937 Ack=245031 Win=64 Len=1460 [TCP PDU reassembled in 5635]"
"5632","62.178112","FioImma.local","ab.chatgpt.com","TCP","54","54679  >  443 [ACK] Seq=245031 Ack=1769397 Win=2056 Len=0"
"5633","62.178286","ab.chatgpt.com","FioImma.local","TCP","2974","443  >  54679 [ACK] Seq=1769397 Ack=245031 Win=64 Len=2920 [TCP PDU reassembled in 5635]"
"5634","62.178314","FioImma.local","ab.chatgpt.com","TCP","54","54679  >  443 [ACK] Seq=245031 Ack=1772317 Win=2056 Len=0"
"5635","62.197902","ab.chatgpt.com","FioImma.local","TLSv1.2","206","Application Data"
"5636","62.197902","ab.chatgpt.com","FioImma.local","TCP","4434","443  >  54679 [ACK] Seq=1772469 Ack=245031 Win=64 Len=4380 [TCP PDU reassembled in 5637]"
"5637","62.197902","ab.chatgpt.com","FioImma.local","TLSv1.2","206","Application Data"
"5638","62.197979","FioImma.local","ab.chatgpt.com","TCP","54","54679  >  443 [ACK] Seq=245031 Ack=1777001 Win=2056 Len=0"
"5639","62.218839","ab.chatgpt.com","FioImma.local","TCP","4434","443  >  54679 [ACK] Seq=1777001 Ack=245031 Win=64 Len=4380 [TCP PDU reassembled in 5640]"
"5640","62.218839","ab.chatgpt.com","FioImma.local","TLSv1.2","206","Application Data"
"5641","62.218933","FioImma.local","ab.chatgpt.com","TCP","54","54679  >  443 [ACK] Seq=245031 Ack=1781533 Win=2056 Len=0"
"5642","62.242755","ab.chatgpt.com","FioImma.local","TCP","4434","443  >  54679 [ACK] Seq=1781533 Ack=245031 Win=64 Len=4380 [TCP PDU reassembled in 5643]"
"5643","62.242755","ab.chatgpt.com","FioImma.local","TLSv1.2","238","Application Data"
"5644","62.242755","ab.chatgpt.com","FioImma.local","TCP","4434","443  >  54679 [ACK] Seq=1786097 Ack=245031 Win=64 Len=4380 [TCP PDU reassembled in 5645]"
"5645","62.242755","ab.chatgpt.com","FioImma.local","TLSv1.2","238","Application Data"
"5646","62.242876","FioImma.local","ab.chatgpt.com","TCP","54","54679  >  443 [ACK] Seq=245031 Ack=1790661 Win=2056 Len=0"
"5647","62.252165","ab.chatgpt.com","FioImma.local","TCP","1514","443  >  54679 [ACK] Seq=1790661 Ack=245031 Win=64 Len=1460 [TCP PDU reassembled in 5651]"
"5648","62.271895","ab.chatgpt.com","FioImma.local","TCP","1514","443  >  54679 [ACK] Seq=1792121 Ack=245031 Win=64 Len=1460 [TCP PDU reassembled in 5651]"
"5649","62.271977","FioImma.local","ab.chatgpt.com","TCP","54","54679  >  443 [ACK] Seq=245031 Ack=1793581 Win=2056 Len=0"
"5650","62.272692","ab.chatgpt.com","FioImma.local","TCP","1514","443  >  54679 [ACK] Seq=1793581 Ack=245031 Win=64 Len=1460 [TCP PDU reassembled in 5651]"
"5651","62.272692","ab.chatgpt.com","FioImma.local","TLSv1.2","238","Application Data"
"5652","62.272752","FioImma.local","ab.chatgpt.com","TCP","54","54679  >  443 [ACK] Seq=245031 Ack=1795225 Win=2056 Len=0"
"5653","62.297640","ab.chatgpt.com","FioImma.local","TCP","4434","443  >  54679 [ACK] Seq=1795225 Ack=245031 Win=64 Len=4380 [TCP PDU reassembled in 5654]"
"5654","62.297640","ab.chatgpt.com","FioImma.local","TLSv1.2","238","Application Data"
"5655","62.297640","ab.chatgpt.com","FioImma.local","TCP","4434","443  >  54679 [ACK] Seq=1799789 Ack=245031 Win=64 Len=4380 [TCP PDU reassembled in 5656]"
"5656","62.297640","ab.chatgpt.com","FioImma.local","TLSv1.2","238","Application Data"
"5657","62.297737","FioImma.local","ab.chatgpt.com","TCP","54","54679  >  443 [ACK] Seq=245031 Ack=1804353 Win=2056 Len=0"
"5658","62.300551","ab.chatgpt.com","FioImma.local","TCP","1514","443  >  54679 [ACK] Seq=1804353 Ack=245031 Win=64 Len=1460 [TCP PDU reassembled in 5660]"
"5659","62.320655","ab.chatgpt.com","FioImma.local","TCP","2974","443  >  54679 [ACK] Seq=1805813 Ack=245031 Win=64 Len=2920 [TCP PDU reassembled in 5660]"
"5660","62.320655","ab.chatgpt.com","FioImma.local","TLSv1.2","238","Application Data"
"5661","62.320655","ab.chatgpt.com","FioImma.local","TCP","4434","443  >  54679 [ACK] Seq=1808917 Ack=245031 Win=64 Len=4380 [TCP PDU reassembled in 5662]"
"5662","62.320655","ab.chatgpt.com","FioImma.local","TLSv1.2","238","Application Data"
"5663","62.320801","FioImma.local","ab.chatgpt.com","TCP","54","54679  >  443 [ACK] Seq=245031 Ack=1813481 Win=2056 Len=0"
"5664","62.352712","ab.chatgpt.com","FioImma.local","TCP","4434","443  >  54679 [ACK] Seq=1813481 Ack=245031 Win=64 Len=4380 [TCP PDU reassembled in 5665]"
"5665","62.352712","ab.chatgpt.com","FioImma.local","TLSv1.2","270","Application Data"
"5666","62.352712","ab.chatgpt.com","FioImma.local","TCP","4434","443  >  54679 [ACK] Seq=1818077 Ack=245031 Win=64 Len=4380 [TCP PDU reassembled in 5667]"
"5667","62.352712","ab.chatgpt.com","FioImma.local","TLSv1.2","270","Application Data"
"5668","62.352834","FioImma.local","ab.chatgpt.com","TCP","54","54679  >  443 [ACK] Seq=245031 Ack=1822673 Win=2056 Len=0"
"5669","62.369521","ab.chatgpt.com","FioImma.local","TCP","4434","443  >  54679 [ACK] Seq=1822673 Ack=245031 Win=64 Len=4380 [TCP PDU reassembled in 5670]"
"5670","62.369521","ab.chatgpt.com","FioImma.local","TLSv1.2","270","Application Data"
"5671","62.369521","ab.chatgpt.com","FioImma.local","TCP","2974","443  >  54679 [ACK] Seq=1827269 Ack=245031 Win=64 Len=2920 [TCP PDU reassembled in 5674]"
"5672","62.369643","FioImma.local","ab.chatgpt.com","TCP","54","54679  >  443 [ACK] Seq=245031 Ack=1830189 Win=2056 Len=0"
"5673","62.370682","ab.chatgpt.com","FioImma.local","TCP","1514","443  >  54679 [ACK] Seq=1830189 Ack=245031 Win=64 Len=1460 [TCP PDU reassembled in 5674]"
"5674","62.370682","ab.chatgpt.com","FioImma.local","TLSv1.2","270","Application Data"
"5675","62.370682","ab.chatgpt.com","FioImma.local","TCP","1514","443  >  54679 [ACK] Seq=1831865 Ack=245031 Win=64 Len=1460 [TCP PDU reassembled in 5678]"
"5676","62.370682","ab.chatgpt.com","FioImma.local","TCP","1514","443  >  54679 [ACK] Seq=1833325 Ack=245031 Win=64 Len=1460 [TCP PDU reassembled in 5678]"
"5677","62.370682","ab.chatgpt.com","FioImma.local","TCP","1514","443  >  54679 [ACK] Seq=1834785 Ack=245031 Win=64 Len=1460 [TCP PDU reassembled in 5678]"
"5678","62.370682","ab.chatgpt.com","FioImma.local","TLSv1.2","270","Application Data"
"5679","62.370682","ab.chatgpt.com","FioImma.local","TCP","1514","443  >  54679 [ACK] Seq=1836461 Ack=245031 Win=64 Len=1460 [TCP PDU reassembled in 5684]"
"5680","62.370778","FioImma.local","ab.chatgpt.com","TCP","54","54679  >  443 [ACK] Seq=245031 Ack=1837921 Win=2056 Len=0"
"5681","62.370867","ab.chatgpt.com","FioImma.local","TCP","1514","443  >  54679 [ACK] Seq=1837921 Ack=245031 Win=64 Len=1460 [TCP PDU reassembled in 5684]"
"5682","62.370889","FioImma.local","ab.chatgpt.com","TCP","54","54679  >  443 [ACK] Seq=245031 Ack=1839381 Win=2056 Len=0"
"5683","62.370925","ab.chatgpt.com","FioImma.local","TCP","1514","443  >  54679 [ACK] Seq=1839381 Ack=245031 Win=64 Len=1460 [TCP PDU reassembled in 5684]"
"5684","62.370950","ab.chatgpt.com","FioImma.local","TLSv1.2","302","Application Data"
"5685","62.370965","FioImma.local","ab.chatgpt.com","TCP","54","54679  >  443 [ACK] Seq=245031 Ack=1841089 Win=2056 Len=0"
"5686","62.379712","ab.chatgpt.com","FioImma.local","TCP","1514","443  >  54679 [ACK] Seq=1841089 Ack=245031 Win=64 Len=1460 [TCP PDU reassembled in 5688]"
"5687","62.399694","ab.chatgpt.com","FioImma.local","TCP","2974","443  >  54679 [ACK] Seq=1842549 Ack=245031 Win=64 Len=2920 [TCP PDU reassembled in 5688]"
"5688","62.399694","ab.chatgpt.com","FioImma.local","TLSv1.2","302","Application Data"
"5689","62.399694","ab.chatgpt.com","FioImma.local","TCP","4434","443  >  54679 [ACK] Seq=1845717 Ack=245031 Win=64 Len=4380 [TCP PDU reassembled in 5690]"
"5690","62.399694","ab.chatgpt.com","FioImma.local","TLSv1.2","302","Application Data"
"5691","62.399694","ab.chatgpt.com","FioImma.local","TCP","4434","443  >  54679 [ACK] Seq=1850345 Ack=245031 Win=64 Len=4380 [TCP PDU reassembled in 5692]"
"5692","62.399694","ab.chatgpt.com","FioImma.local","TLSv1.2","302","Application Data"
"5693","62.399778","FioImma.local","ab.chatgpt.com","TCP","54","54679  >  443 [ACK] Seq=245031 Ack=1854973 Win=2056 Len=0"
"5694","62.445720","ab.chatgpt.com","FioImma.local","TCP","1514","443  >  54679 [ACK] Seq=1854973 Ack=245031 Win=64 Len=1460 [TCP PDU reassembled in 5696]"
"5695","62.465896","ab.chatgpt.com","FioImma.local","TCP","2974","443  >  54679 [ACK] Seq=1856433 Ack=245031 Win=64 Len=2920 [TCP PDU reassembled in 5696]"
"5696","62.465896","ab.chatgpt.com","FioImma.local","TLSv1.2","302","Application Data"
"5697","62.465896","ab.chatgpt.com","FioImma.local","TCP","4434","443  >  54679 [ACK] Seq=1859601 Ack=245031 Win=64 Len=4380 [TCP PDU reassembled in 5698]"
"5698","62.465896","ab.chatgpt.com","FioImma.local","TLSv1.2","302","Application Data"
"5699","62.465999","FioImma.local","ab.chatgpt.com","TCP","54","54679  >  443 [ACK] Seq=245031 Ack=1864229 Win=2056 Len=0"
"5700","62.512716","ab.chatgpt.com","FioImma.local","TCP","4434","443  >  54679 [ACK] Seq=1864229 Ack=245031 Win=64 Len=4380 [TCP PDU reassembled in 5701]"
"5701","62.512716","ab.chatgpt.com","FioImma.local","TLSv1.2","302","Application Data"
"5702","62.512799","FioImma.local","ab.chatgpt.com","TCP","54","54679  >  443 [ACK] Seq=245031 Ack=1868857 Win=2056 Len=0"
"5703","62.521926","ab.chatgpt.com","FioImma.local","TCP","1514","443  >  54679 [ACK] Seq=1868857 Ack=245031 Win=64 Len=1460 [TCP PDU reassembled in 5705]"
"5704","62.539935","ab.chatgpt.com","FioImma.local","TCP","2974","443  >  54679 [ACK] Seq=1870317 Ack=245031 Win=64 Len=2920 [TCP PDU reassembled in 5705]"
"5705","62.539935","ab.chatgpt.com","FioImma.local","TLSv1.2","302","Application Data"
"5706","62.540036","FioImma.local","ab.chatgpt.com","TCP","54","54679  >  443 [ACK] Seq=245031 Ack=1873485 Win=2056 Len=0"
"5707","62.581445","ab.chatgpt.com","FioImma.local","TCP","4434","443  >  54679 [ACK] Seq=1873485 Ack=245031 Win=64 Len=4380 [TCP PDU reassembled in 5708]"
"5708","62.581445","ab.chatgpt.com","FioImma.local","TLSv1.2","334","Application Data"
"5709","62.581533","FioImma.local","ab.chatgpt.com","TCP","54","54679  >  443 [ACK] Seq=245031 Ack=1878145 Win=2056 Len=0"
"5710","62.603502","ab.chatgpt.com","FioImma.local","TCP","4434","443  >  54679 [ACK] Seq=1878145 Ack=245031 Win=64 Len=4380 [TCP PDU reassembled in 5711]"
"5711","62.603502","ab.chatgpt.com","FioImma.local","TLSv1.2","334","Application Data"
"5712","62.603502","ab.chatgpt.com","FioImma.local","TCP","4434","443  >  54679 [ACK] Seq=1882805 Ack=245031 Win=64 Len=4380 [TCP PDU reassembled in 5713]"
"5713","62.603502","ab.chatgpt.com","FioImma.local","TLSv1.2","334","Application Data"
"5714","62.603583","FioImma.local","ab.chatgpt.com","TCP","54","54679  >  443 [ACK] Seq=245031 Ack=1887465 Win=2056 Len=0"
"5715","62.625685","ab.chatgpt.com","FioImma.local","TCP","1514","443  >  54679 [ACK] Seq=1887465 Ack=245031 Win=64 Len=1460 [TCP PDU reassembled in 5717]"
"5716","62.645920","ab.chatgpt.com","FioImma.local","TCP","2974","443  >  54679 [ACK] Seq=1888925 Ack=245031 Win=64 Len=2920 [TCP PDU reassembled in 5717]"
"5717","62.645920","ab.chatgpt.com","FioImma.local","TLSv1.2","334","Application Data"
"5718","62.645920","ab.chatgpt.com","FioImma.local","TCP","4434","443  >  54679 [ACK] Seq=1892125 Ack=245031 Win=64 Len=4380 [TCP PDU reassembled in 5719]"
"5719","62.645920","ab.chatgpt.com","FioImma.local","TLSv1.2","334","Application Data"
"5720","62.646029","FioImma.local","ab.chatgpt.com","TCP","54","54679  >  443 [ACK] Seq=245031 Ack=1896785 Win=2056 Len=0"
"5721","62.677389","ab.chatgpt.com","FioImma.local","TCP","4434","443  >  54679 [ACK] Seq=1896785 Ack=245031 Win=64 Len=4380 [TCP PDU reassembled in 5722]"
"5722","62.677389","ab.chatgpt.com","FioImma.local","TLSv1.2","334","Application Data"
"5723","62.677389","ab.chatgpt.com","FioImma.local","TCP","4434","443  >  54679 [ACK] Seq=1901445 Ack=245031 Win=64 Len=4380 [TCP PDU reassembled in 5724]"
"5724","62.677389","ab.chatgpt.com","FioImma.local","TLSv1.2","334","Application Data"
"5725","62.677508","FioImma.local","ab.chatgpt.com","TCP","54","54679  >  443 [ACK] Seq=245031 Ack=1906105 Win=2056 Len=0"
"5726","62.685897","ab.chatgpt.com","FioImma.local","TCP","1514","443  >  54679 [ACK] Seq=1906105 Ack=245031 Win=64 Len=1460 [TCP PDU reassembled in 5728]"
"5727","62.704338","ab.chatgpt.com","FioImma.local","TCP","2974","443  >  54679 [ACK] Seq=1907565 Ack=245031 Win=64 Len=2920 [TCP PDU reassembled in 5728]"
"5728","62.704338","ab.chatgpt.com","FioImma.local","TLSv1.2","366","Application Data"
"5729","62.704338","ab.chatgpt.com","FioImma.local","TCP","4434","443  >  54679 [ACK] Seq=1910797 Ack=245031 Win=64 Len=4380 [TCP PDU reassembled in 5730]"
"5730","62.704338","ab.chatgpt.com","FioImma.local","TLSv1.2","366","Application Data"
"5731","62.704338","ab.chatgpt.com","FioImma.local","TCP","4434","443  >  54679 [ACK] Seq=1915489 Ack=245031 Win=64 Len=4380 [TCP PDU reassembled in 5732]"
"5732","62.704338","ab.chatgpt.com","FioImma.local","TLSv1.2","366","Application Data"
"5733","62.704338","ab.chatgpt.com","FioImma.local","TCP","2974","443  >  54679 [ACK] Seq=1920181 Ack=245031 Win=64 Len=2920 [TCP PDU reassembled in 5736]"
"5734","62.704464","FioImma.local","ab.chatgpt.com","TCP","54","54679  >  443 [ACK] Seq=245031 Ack=1923101 Win=2056 Len=0"
"5735","62.704572","ab.chatgpt.com","FioImma.local","TCP","1514","443  >  54679 [ACK] Seq=1923101 Ack=245031 Win=64 Len=1460 [TCP PDU reassembled in 5736]"
"5736","62.704572","ab.chatgpt.com","FioImma.local","TLSv1.2","366","Application Data"
"5737","62.704572","ab.chatgpt.com","FioImma.local","TCP","1514","443  >  54679 [ACK] Seq=1924873 Ack=245031 Win=64 Len=1460 [TCP PDU reassembled in 5740]"
"5738","62.704601","FioImma.local","ab.chatgpt.com","TCP","54","54679  >  443 [ACK] Seq=245031 Ack=1926333 Win=2056 Len=0"
"5739","62.724135","ab.chatgpt.com","FioImma.local","TCP","2974","443  >  54679 [ACK] Seq=1926333 Ack=245031 Win=64 Len=2920 [TCP PDU reassembled in 5740]"
"5740","62.724135","ab.chatgpt.com","FioImma.local","TLSv1.2","366","Application Data"
"5741","62.724135","ab.chatgpt.com","FioImma.local","TCP","4434","443  >  54679 [ACK] Seq=1929565 Ack=245031 Win=64 Len=4380 [TCP PDU reassembled in 5742]"
"5742","62.724135","ab.chatgpt.com","FioImma.local","TLSv1.2","398","Application Data"
"5743","62.724135","ab.chatgpt.com","FioImma.local","TCP","4434","443  >  54679 [ACK] Seq=1934289 Ack=245031 Win=64 Len=4380 [TCP PDU reassembled in 5744]"
"5744","62.724135","ab.chatgpt.com","FioImma.local","TLSv1.2","398","Application Data"
"5745","62.724135","ab.chatgpt.com","FioImma.local","TCP","4434","443  >  54679 [ACK] Seq=1939013 Ack=245031 Win=64 Len=4380 [TCP PDU reassembled in 5747]"
"5746","62.724243","FioImma.local","ab.chatgpt.com","TCP","54","54679  >  443 [ACK] Seq=245031 Ack=1943393 Win=2056 Len=0"
"5747","62.724513","ab.chatgpt.com","FioImma.local","TLSv1.2","398","Application Data"
"5748","62.724569","FioImma.local","ab.chatgpt.com","TCP","54","54679  >  443 [ACK] Seq=245031 Ack=1943737 Win=2054 Len=0"
"5749","62.738942","ab.chatgpt.com","FioImma.local","TCP","1514","443  >  54679 [ACK] Seq=1943737 Ack=245031 Win=64 Len=1460 [TCP PDU reassembled in 5751]"
"5750","62.759839","ab.chatgpt.com","FioImma.local","TCP","2974","443  >  54679 [ACK] Seq=1945197 Ack=245031 Win=64 Len=2920 [TCP PDU reassembled in 5751]"
"5751","62.759839","ab.chatgpt.com","FioImma.local","TLSv1.2","398","Application Data"
"5752","62.759839","ab.chatgpt.com","FioImma.local","TCP","13194","443  >  54679 [PSH, ACK] Seq=1948461 Ack=245031 Win=64 Len=13140 [TCP PDU reassembled in 5753]"
"5753","62.759839","ab.chatgpt.com","FioImma.local","TLSv1.2","1033","Application Data"
"5754","62.759933","FioImma.local","ab.chatgpt.com","TCP","54","54679  >  443 [ACK] Seq=245031 Ack=1962580 Win=2056 Len=0"
"5755","62.763731","ab.chatgpt.com","FioImma.local","TCP","1514","443  >  54679 [ACK] Seq=1962580 Ack=245031 Win=64 Len=1460 [TCP PDU reassembled in 5757]"
"5756","62.783199","ab.chatgpt.com","FioImma.local","TCP","2974","443  >  54679 [ACK] Seq=1964040 Ack=245031 Win=64 Len=2920 [TCP PDU reassembled in 5757]"
"5757","62.783199","ab.chatgpt.com","FioImma.local","TLSv1.2","430","Application Data"
"5758","62.783199","ab.chatgpt.com","FioImma.local","TCP","4434","443  >  54679 [ACK] Seq=1967336 Ack=245031 Win=64 Len=4380 [TCP PDU reassembled in 5759]"
"5759","62.783199","ab.chatgpt.com","FioImma.local","TLSv1.2","430","Application Data"
"5760","62.783302","FioImma.local","ab.chatgpt.com","TCP","54","54679  >  443 [ACK] Seq=245031 Ack=1972092 Win=2056 Len=0"
"5761","62.804166","ab.chatgpt.com","FioImma.local","TCP","4434","443  >  54679 [ACK] Seq=1972092 Ack=245031 Win=64 Len=4380 [TCP PDU reassembled in 5762]"
"5762","62.804166","ab.chatgpt.com","FioImma.local","TLSv1.2","430","Application Data"
"5763","62.804166","ab.chatgpt.com","FioImma.local","TCP","8814","443  >  54679 [ACK] Seq=1976848 Ack=245031 Win=64 Len=8760 [TCP PDU reassembled in 5764]"
"5764","62.804166","ab.chatgpt.com","FioImma.local","TLSv1.2","784","Application Data"
"5765","62.804166","ab.chatgpt.com","FioImma.local","TCP","2974","443  >  54679 [ACK] Seq=1986338 Ack=245031 Win=64 Len=2920 [TCP PDU reassembled in 5768]"
"5766","62.804285","FioImma.local","ab.chatgpt.com","TCP","54","54679  >  443 [ACK] Seq=245031 Ack=1989258 Win=2056 Len=0"
"5767","62.804742","ab.chatgpt.com","FioImma.local","TCP","1514","443  >  54679 [ACK] Seq=1989258 Ack=245031 Win=64 Len=1460 [TCP PDU reassembled in 5768]"
"5768","62.804742","ab.chatgpt.com","FioImma.local","TLSv1.2","462","Application Data"
"5769","62.804742","ab.chatgpt.com","FioImma.local","TCP","1514","443  >  54679 [ACK] Seq=1991126 Ack=245031 Win=64 Len=1460 [TCP PDU reassembled in 5772]"
"5770","62.804793","FioImma.local","ab.chatgpt.com","TCP","54","54679  >  443 [ACK] Seq=245031 Ack=1992586 Win=2056 Len=0"
"5771","62.825708","ab.chatgpt.com","FioImma.local","TCP","2974","443  >  54679 [ACK] Seq=1992586 Ack=245031 Win=64 Len=2920 [TCP PDU reassembled in 5772]"
"5772","62.825708","ab.chatgpt.com","FioImma.local","TLSv1.2","462","Application Data"
"5773","62.825792","FioImma.local","ab.chatgpt.com","TCP","54","54679  >  443 [ACK] Seq=245031 Ack=1995914 Win=2056 Len=0"
"5774","62.844947","ab.chatgpt.com","FioImma.local","TCP","4434","443  >  54679 [ACK] Seq=1995914 Ack=245031 Win=64 Len=4380 [TCP PDU reassembled in 5775]"
"5775","62.844947","ab.chatgpt.com","FioImma.local","TLSv1.2","462","Application Data"
"5776","62.844947","ab.chatgpt.com","FioImma.local","TCP","4434","443  >  54679 [ACK] Seq=2000702 Ack=245031 Win=64 Len=4380 [TCP PDU reassembled in 5777]"
"5777","62.844947","ab.chatgpt.com","FioImma.local","TLSv1.2","462","Application Data"
"5778","62.845031","FioImma.local","ab.chatgpt.com","TCP","54","54679  >  443 [ACK] Seq=245031 Ack=2005490 Win=2056 Len=0"
"5779","62.869177","ab.chatgpt.com","FioImma.local","TCP","1514","443  >  54679 [ACK] Seq=2005490 Ack=245031 Win=64 Len=1460 [TCP PDU reassembled in 5782]"
"5780","62.869265","FioImma.local","ab.chatgpt.com","TCP","54","54679  >  443 [ACK] Seq=245031 Ack=2006950 Win=2056 Len=0"
"5781","62.890699","ab.chatgpt.com","FioImma.local","TCP","2974","443  >  54679 [ACK] Seq=2006950 Ack=245031 Win=64 Len=2920 [TCP PDU reassembled in 5782]"
"5782","62.890699","ab.chatgpt.com","FioImma.local","TLSv1.2","462","Application Data"
"5783","62.890842","FioImma.local","ab.chatgpt.com","TCP","54","54679  >  443 [ACK] Seq=245031 Ack=2010278 Win=2056 Len=0"
"5784","62.918985","ab.chatgpt.com","FioImma.local","TCP","4434","443  >  54679 [ACK] Seq=2010278 Ack=245031 Win=64 Len=4380 [TCP PDU reassembled in 5785]"
"5785","62.918985","ab.chatgpt.com","FioImma.local","TLSv1.2","462","Application Data"
"5786","62.918985","ab.chatgpt.com","FioImma.local","TCP","4434","443  >  54679 [ACK] Seq=2015066 Ack=245031 Win=64 Len=4380 [TCP PDU reassembled in 5787]"
"5787","62.918985","ab.chatgpt.com","FioImma.local","TLSv1.2","462","Application Data"
"5788","62.918985","ab.chatgpt.com","FioImma.local","TCP","4434","443  >  54679 [ACK] Seq=2019854 Ack=245031 Win=64 Len=4380 [TCP PDU reassembled in 5789]"
"5789","62.918985","ab.chatgpt.com","FioImma.local","TLSv1.2","494","Application Data"
"5790","62.919107","FioImma.local","ab.chatgpt.com","TCP","54","54679  >  443 [ACK] Seq=245031 Ack=2024674 Win=2056 Len=0"
"5791","62.925448","p1.parsely.com","FioImma.local","TCP","54","443  >  54855 [FIN, ACK] Seq=3481 Ack=2942 Win=69632 Len=0"
"5792","62.925448","rr2.sn-o3o-itqz.googlevideo.com","FioImma.local","TCP","54","443  >  54763 [FIN, ACK] Seq=1 Ack=2 Win=1466 Len=0"
"5793","62.925511","FioImma.local","p1.parsely.com","TCP","54","54855  >  443 [ACK] Seq=2942 Ack=3482 Win=131072 Len=0"
"5794","62.925538","FioImma.local","rr2.sn-o3o-itqz.googlevideo.com","TCP","54","54763  >  443 [ACK] Seq=2 Ack=2 Win=8212 Len=0"
"5795","62.955267","ab.chatgpt.com","FioImma.local","TCP","4434","443  >  54679 [ACK] Seq=2024674 Ack=245031 Win=64 Len=4380 [TCP PDU reassembled in 5796]"
"5796","62.955267","ab.chatgpt.com","FioImma.local","TLSv1.2","494","Application Data"
"5797","62.955267","ab.chatgpt.com","FioImma.local","TCP","4434","443  >  54679 [ACK] Seq=2029494 Ack=245031 Win=64 Len=4380 [TCP PDU reassembled in 5798]"
"5798","62.955267","ab.chatgpt.com","FioImma.local","TLSv1.2","494","Application Data"
"5799","62.955379","FioImma.local","ab.chatgpt.com","TCP","54","54679  >  443 [ACK] Seq=245031 Ack=2034314 Win=2056 Len=0"
"5800","62.978094","ab.chatgpt.com","FioImma.local","TCP","4434","443  >  54679 [ACK] Seq=2034314 Ack=245031 Win=64 Len=4380 [TCP PDU reassembled in 5801]"
"5801","62.978094","ab.chatgpt.com","FioImma.local","TLSv1.2","494","Application Data"
"5802","62.978094","ab.chatgpt.com","FioImma.local","TCP","4434","443  >  54679 [ACK] Seq=2039134 Ack=245031 Win=64 Len=4380 [TCP PDU reassembled in 5803]"
"5803","62.978094","ab.chatgpt.com","FioImma.local","TLSv1.2","494","Application Data"
"5804","62.978094","ab.chatgpt.com","FioImma.local","TCP","4434","443  >  54679 [ACK] Seq=2043954 Ack=245031 Win=64 Len=4380 [TCP PDU reassembled in 5805]"
"5805","62.978094","ab.chatgpt.com","FioImma.local","TLSv1.2","494","Application Data"
"5806","62.978279","FioImma.local","ab.chatgpt.com","TCP","54","54679  >  443 [ACK] Seq=245031 Ack=2048774 Win=2056 Len=0"
"5807","62.980315","ab.chatgpt.com","FioImma.local","TCP","1514","443  >  54679 [ACK] Seq=2048774 Ack=245031 Win=64 Len=1460 [TCP PDU reassembled in 5809]"
"5808","63.000327","ab.chatgpt.com","FioImma.local","TCP","2974","443  >  54679 [ACK] Seq=2050234 Ack=245031 Win=64 Len=2920 [TCP PDU reassembled in 5809]"
"5809","63.000327","ab.chatgpt.com","FioImma.local","TLSv1.2","494","Application Data"
"5810","63.000327","ab.chatgpt.com","FioImma.local","TCP","4434","443  >  54679 [ACK] Seq=2053594 Ack=245031 Win=64 Len=4380 [TCP PDU reassembled in 5811]"
"5811","63.000327","ab.chatgpt.com","FioImma.local","TLSv1.2","526","Application Data"
"5812","63.000327","ab.chatgpt.com","FioImma.local","TCP","4434","443  >  54679 [ACK] Seq=2058446 Ack=245031 Win=64 Len=4380 [TCP PDU reassembled in 5813]"
"5813","63.000327","ab.chatgpt.com","FioImma.local","TLSv1.2","526","Application Data"
"5814","63.000479","FioImma.local","ab.chatgpt.com","TCP","54","54679  >  443 [ACK] Seq=245031 Ack=2063298 Win=2056 Len=0"
"5815","63.004246","ab.chatgpt.com","FioImma.local","TCP","1514","443  >  54679 [ACK] Seq=2063298 Ack=245031 Win=64 Len=1460 [TCP PDU reassembled in 5817]"
"5816","63.023224","ab.chatgpt.com","FioImma.local","TCP","2974","443  >  54679 [ACK] Seq=2064758 Ack=245031 Win=64 Len=2920 [TCP PDU reassembled in 5817]"
"5817","63.023224","ab.chatgpt.com","FioImma.local","TLSv1.2","526","Application Data"
"5818","63.023224","ab.chatgpt.com","FioImma.local","TCP","4434","443  >  54679 [ACK] Seq=2068150 Ack=245031 Win=64 Len=4380 [TCP PDU reassembled in 5819]"
"5819","63.023224","ab.chatgpt.com","FioImma.local","TLSv1.2","526","Application Data"
"5820","63.023341","FioImma.local","ab.chatgpt.com","TCP","54","54679  >  443 [ACK] Seq=245031 Ack=2073002 Win=2056 Len=0"
"5821","63.050517","ab.chatgpt.com","FioImma.local","TCP","4434","443  >  54679 [ACK] Seq=2073002 Ack=245031 Win=64 Len=4380 [TCP PDU reassembled in 5822]"
"5822","63.050517","ab.chatgpt.com","FioImma.local","TLSv1.2","526","Application Data"
"5823","63.050517","ab.chatgpt.com","FioImma.local","TCP","4434","443  >  54679 [ACK] Seq=2077854 Ack=245031 Win=64 Len=4380 [TCP PDU reassembled in 5824]"
"5824","63.050517","ab.chatgpt.com","FioImma.local","TLSv1.2","526","Application Data"
"5825","63.050517","ab.chatgpt.com","FioImma.local","TCP","4434","443  >  54679 [ACK] Seq=2082706 Ack=245031 Win=64 Len=4380 [TCP PDU reassembled in 5826]"
"5826","63.050517","ab.chatgpt.com","FioImma.local","TLSv1.2","526","Application Data"
"5827","63.050629","FioImma.local","ab.chatgpt.com","TCP","54","54679  >  443 [ACK] Seq=245031 Ack=2087558 Win=2056 Len=0"
"5828","63.054895","ab.chatgpt.com","FioImma.local","TCP","1514","443  >  54679 [ACK] Seq=2087558 Ack=245031 Win=64 Len=1460 [TCP PDU reassembled in 5831]"
"5829","63.076632","ab.chatgpt.com","FioImma.local","TCP","1514","443  >  54679 [ACK] Seq=2089018 Ack=245031 Win=64 Len=1460 [TCP PDU reassembled in 5831]"
"5830","63.076632","ab.chatgpt.com","FioImma.local","TCP","1514","443  >  54679 [ACK] Seq=2090478 Ack=245031 Win=64 Len=1460 [TCP PDU reassembled in 5831]"
"5831","63.076632","ab.chatgpt.com","FioImma.local","TLSv1.2","515","Application Data"
"5832","63.076708","FioImma.local","ab.chatgpt.com","TCP","54","54679  >  443 [ACK] Seq=245031 Ack=2092399 Win=2056 Len=0"
"5833","63.076805","ab.chatgpt.com","FioImma.local","TCP","1514","443  >  54679 [ACK] Seq=2092399 Ack=245031 Win=64 Len=1460 [TCP PDU reassembled in 5836]"
"5834","63.076805","ab.chatgpt.com","FioImma.local","TCP","1514","443  >  54679 [ACK] Seq=2093859 Ack=245031 Win=64 Len=1460 [TCP PDU reassembled in 5836]"
"5835","63.076805","ab.chatgpt.com","FioImma.local","TCP","1514","443  >  54679 [ACK] Seq=2095319 Ack=245031 Win=64 Len=1460 [TCP PDU reassembled in 5836]"
"5836","63.076805","ab.chatgpt.com","FioImma.local","TLSv1.2","558","Application Data"
"5837","63.076805","ab.chatgpt.com","FioImma.local","TCP","1514","443  >  54679 [ACK] Seq=2097283 Ack=245031 Win=64 Len=1460 [TCP PDU reassembled in 5841]"
"5838","63.076805","ab.chatgpt.com","FioImma.local","TCP","1514","443  >  54679 [ACK] Seq=2098743 Ack=245031 Win=64 Len=1460 [TCP PDU reassembled in 5841]"
"5839","63.076841","FioImma.local","ab.chatgpt.com","TCP","54","54679  >  443 [ACK] Seq=245031 Ack=2100203 Win=2056 Len=0"
"5840","63.076888","ab.chatgpt.com","FioImma.local","TCP","1514","443  >  54679 [ACK] Seq=2100203 Ack=245031 Win=64 Len=1460 [TCP PDU reassembled in 5841]"
"5841","63.076888","ab.chatgpt.com","FioImma.local","TLSv1.2","558","Application Data"
"5842","63.076888","ab.chatgpt.com","FioImma.local","TCP","1514","443  >  54679 [ACK] Seq=2102167 Ack=245031 Win=64 Len=1460 [TCP PDU reassembled in 5846]"
"5843","63.076912","FioImma.local","ab.chatgpt.com","TCP","54","54679  >  443 [ACK] Seq=245031 Ack=2103627 Win=2056 Len=0"
"5844","63.096951","ab.chatgpt.com","FioImma.local","TCP","1514","443  >  54679 [ACK] Seq=2103627 Ack=245031 Win=64 Len=1460 [TCP PDU reassembled in 5846]"
"5845","63.096951","ab.chatgpt.com","FioImma.local","TCP","1514","443  >  54679 [ACK] Seq=2105087 Ack=245031 Win=64 Len=1460 [TCP PDU reassembled in 5846]"
"5846","63.096951","ab.chatgpt.com","FioImma.local","TLSv1.2","558","Application Data"
"5847","63.096951","ab.chatgpt.com","FioImma.local","TCP","1514","443  >  54679 [ACK] Seq=2107051 Ack=245031 Win=64 Len=1460 [TCP PDU reassembled in 5850]"
"5848","63.096951","ab.chatgpt.com","FioImma.local","TCP","1514","443  >  54679 [ACK] Seq=2108511 Ack=245031 Win=64 Len=1460 [TCP PDU reassembled in 5850]"
"5849","63.096951","ab.chatgpt.com","FioImma.local","TCP","1514","443  >  54679 [ACK] Seq=2109971 Ack=245031 Win=64 Len=1460 [TCP PDU reassembled in 5850]"
"5850","63.096951","ab.chatgpt.com","FioImma.local","TLSv1.2","558","Application Data"
"5851","63.096951","ab.chatgpt.com","FioImma.local","TCP","1514","443  >  54679 [ACK] Seq=2111935 Ack=245031 Win=64 Len=1460 [TCP PDU reassembled in 5854]"
"5852","63.096951","ab.chatgpt.com","FioImma.local","TCP","1514","443  >  54679 [ACK] Seq=2113395 Ack=245031 Win=64 Len=1460 [TCP PDU reassembled in 5854]"
"5853","63.096951","ab.chatgpt.com","FioImma.local","TCP","1514","443  >  54679 [ACK] Seq=2114855 Ack=245031 Win=64 Len=1460 [TCP PDU reassembled in 5854]"
"5854","63.096951","ab.chatgpt.com","FioImma.local","TLSv1.2","558","Application Data"
"5855","63.097038","FioImma.local","ab.chatgpt.com","TCP","54","54679  >  443 [ACK] Seq=245031 Ack=2116819 Win=2056 Len=0"
"5856","63.124388","ab.chatgpt.com","FioImma.local","TCP","1514","443  >  54679 [ACK] Seq=2116819 Ack=245031 Win=64 Len=1460 [TCP PDU reassembled in 5859]"
"5857","63.140584","ab.chatgpt.com","FioImma.local","TCP","1514","443  >  54679 [ACK] Seq=2118279 Ack=245031 Win=64 Len=1460 [TCP PDU reassembled in 5859]"
"5858","63.140584","ab.chatgpt.com","FioImma.local","TCP","1514","443  >  54679 [ACK] Seq=2119739 Ack=245031 Win=64 Len=1460 [TCP PDU reassembled in 5859]"
"5859","63.140584","ab.chatgpt.com","FioImma.local","TLSv1.2","558","Application Data"
"5860","63.140685","FioImma.local","ab.chatgpt.com","TCP","54","54679  >  443 [ACK] Seq=245031 Ack=2121703 Win=2056 Len=0"
"5861","63.208145","ab.chatgpt.com","FioImma.local","TCP","4434","443  >  54679 [ACK] Seq=2121703 Ack=245031 Win=64 Len=4380 [TCP PDU reassembled in 5862]"
"5862","63.208145","ab.chatgpt.com","FioImma.local","TLSv1.2","590","Application Data"
"5863","63.208249","FioImma.local","ab.chatgpt.com","TCP","54","54679  >  443 [ACK] Seq=245031 Ack=2126619 Win=2056 Len=0"
"5864","63.249698","ab.chatgpt.com","FioImma.local","TCP","4434","443  >  54679 [ACK] Seq=2126619 Ack=245031 Win=64 Len=4380 [TCP PDU reassembled in 5865]"
"5865","63.249698","ab.chatgpt.com","FioImma.local","TLSv1.2","590","Application Data"
"5866","63.249796","FioImma.local","ab.chatgpt.com","TCP","54","54679  >  443 [ACK] Seq=245031 Ack=2131535 Win=2056 Len=0"
"5867","63.256256","ab.chatgpt.com","FioImma.local","TCP","1514","443  >  54679 [ACK] Seq=2131535 Ack=245031 Win=64 Len=1460 [TCP PDU reassembled in 5869]"
"5868","63.276569","ab.chatgpt.com","FioImma.local","TCP","2974","443  >  54679 [ACK] Seq=2132995 Ack=245031 Win=64 Len=2920 [TCP PDU reassembled in 5869]"
"5869","63.276569","ab.chatgpt.com","FioImma.local","TLSv1.2","590","Application Data"
"5870","63.276727","FioImma.local","ab.chatgpt.com","TCP","54","54679  >  443 [ACK] Seq=245031 Ack=2136451 Win=2056 Len=0"
"5871","63.379026","ab.chatgpt.com","FioImma.local","TCP","4434","443  >  54679 [ACK] Seq=2136451 Ack=245031 Win=64 Len=4380 [TCP PDU reassembled in 5872]"
"5872","63.379026","ab.chatgpt.com","FioImma.local","TLSv1.2","590","Application Data"
"5873","63.379124","FioImma.local","ab.chatgpt.com","TCP","54","54679  >  443 [ACK] Seq=245031 Ack=2141367 Win=2056 Len=0"
"5874","63.431950","ab.chatgpt.com","FioImma.local","TCP","4434","443  >  54679 [ACK] Seq=2141367 Ack=245031 Win=64 Len=4380 [TCP PDU reassembled in 5875]"
"5875","63.431950","ab.chatgpt.com","FioImma.local","TLSv1.2","590","Application Data"
"5876","63.431950","ab.chatgpt.com","FioImma.local","TCP","4434","443  >  54679 [ACK] Seq=2146283 Ack=245031 Win=64 Len=4380 [TCP PDU reassembled in 5877]"
"5877","63.431950","ab.chatgpt.com","FioImma.local","TLSv1.2","579","Application Data"
"5878","63.432038","FioImma.local","ab.chatgpt.com","TCP","54","54679  >  443 [ACK] Seq=245031 Ack=2151188 Win=2056 Len=0"
"5879","63.461689","ab.chatgpt.com","FioImma.local","TCP","1514","443  >  54679 [ACK] Seq=2151188 Ack=245031 Win=64 Len=1460 [TCP PDU reassembled in 5881]"
"5880","63.481704","ab.chatgpt.com","FioImma.local","TCP","2974","443  >  54679 [ACK] Seq=2152648 Ack=245031 Win=64 Len=2920 [TCP PDU reassembled in 5881]"
"5881","63.481704","ab.chatgpt.com","FioImma.local","TLSv1.2","622","Application Data"
"5882","63.481781","FioImma.local","ab.chatgpt.com","TCP","54","54679  >  443 [ACK] Seq=245031 Ack=2156136 Win=2056 Len=0"
"5883","63.541960","ab.chatgpt.com","FioImma.local","TCP","4434","443  >  54679 [ACK] Seq=2156136 Ack=245031 Win=64 Len=4380 [TCP PDU reassembled in 5884]"
"5884","63.541960","ab.chatgpt.com","FioImma.local","TLSv1.2","622","Application Data"
"5885","63.542057","FioImma.local","ab.chatgpt.com","TCP","54","54679  >  443 [ACK] Seq=245031 Ack=2161084 Win=2056 Len=0"
"5886","63.562859","ab.chatgpt.com","FioImma.local","TCP","4434","443  >  54679 [ACK] Seq=2161084 Ack=245031 Win=64 Len=4380 [TCP PDU reassembled in 5887]"
"5887","63.562859","ab.chatgpt.com","FioImma.local","TLSv1.2","622","Application Data"
"5888","63.562969","FioImma.local","ab.chatgpt.com","TCP","54","54679  >  443 [ACK] Seq=245031 Ack=2166032 Win=2056 Len=0"
"5889","63.587364","ab.chatgpt.com","FioImma.local","TCP","4434","443  >  54679 [ACK] Seq=2166032 Ack=245031 Win=64 Len=4380 [TCP PDU reassembled in 5890]"
"5890","63.587364","ab.chatgpt.com","FioImma.local","TLSv1.2","622","Application Data"
"5891","63.587364","ab.chatgpt.com","FioImma.local","TCP","2974","443  >  54679 [ACK] Seq=2170980 Ack=245031 Win=64 Len=2920 [TCP PDU reassembled in 5892]"
"5892","63.587364","ab.chatgpt.com","FioImma.local","TLSv1.2","1353","Application Data"
"5893","63.587364","ab.chatgpt.com","FioImma.local","TLSv1.2","814","Application Data"
"5894","63.587488","FioImma.local","ab.chatgpt.com","TCP","54","54679  >  443 [ACK] Seq=245031 Ack=2175959 Win=2056 Len=0"
"5895","63.627511","ab.chatgpt.com","FioImma.local","TCP","4434","443  >  54679 [ACK] Seq=2175959 Ack=245031 Win=64 Len=4380 [TCP PDU reassembled in 5896]"
"5896","63.627511","ab.chatgpt.com","FioImma.local","TLSv1.2","622","Application Data"
"5897","63.627511","ab.chatgpt.com","FioImma.local","TCP","1514","443  >  54679 [ACK] Seq=2180907 Ack=245031 Win=64 Len=1460 [TCP PDU reassembled in 5900]"
"5898","63.627602","FioImma.local","ab.chatgpt.com","TCP","54","54679  >  443 [ACK] Seq=245031 Ack=2182367 Win=2056 Len=0"
"5899","63.642952","ab.chatgpt.com","FioImma.local","TCP","2974","443  >  54679 [ACK] Seq=2182367 Ack=245031 Win=64 Len=2920 [TCP PDU reassembled in 5900]"
"5900","63.642952","ab.chatgpt.com","FioImma.local","TLSv1.2","622","Application Data"
"5901","63.643032","FioImma.local","ab.chatgpt.com","TCP","54","54679  >  443 [ACK] Seq=245031 Ack=2185855 Win=2056 Len=0"
"5902","63.686162","ab.chatgpt.com","FioImma.local","TCP","4434","443  >  54679 [ACK] Seq=2185855 Ack=245031 Win=64 Len=4380 [TCP PDU reassembled in 5903]"
"5903","63.686162","ab.chatgpt.com","FioImma.local","TLSv1.2","622","Application Data"
"5904","63.686162","ab.chatgpt.com","FioImma.local","TCP","4434","443  >  54679 [ACK] Seq=2190803 Ack=245031 Win=64 Len=4380 [TCP PDU reassembled in 5905]"
"5905","63.686162","ab.chatgpt.com","FioImma.local","TLSv1.2","622","Application Data"
"5906","63.686302","FioImma.local","ab.chatgpt.com","TCP","54","54679  >  443 [ACK] Seq=245031 Ack=2195751 Win=2056 Len=0"
"5907","63.692977","ab.chatgpt.com","FioImma.local","TCP","1514","443  >  54679 [ACK] Seq=2195751 Ack=245031 Win=64 Len=1460 [TCP PDU reassembled in 5909]"
"5908","63.713610","ab.chatgpt.com","FioImma.local","TCP","2974","443  >  54679 [ACK] Seq=2197211 Ack=245031 Win=64 Len=2920 [TCP PDU reassembled in 5909]"
"5909","63.713610","ab.chatgpt.com","FioImma.local","TLSv1.2","654","Application Data"
"5910","63.713699","FioImma.local","ab.chatgpt.com","TCP","54","54679  >  443 [ACK] Seq=245031 Ack=2200731 Win=2056 Len=0"
"5911","63.753865","ab.chatgpt.com","FioImma.local","TCP","4434","443  >  54679 [ACK] Seq=2200731 Ack=245031 Win=64 Len=4380 [TCP PDU reassembled in 5912]"
"5912","63.753865","ab.chatgpt.com","FioImma.local","TLSv1.2","654","Application Data"
"5913","63.753865","ab.chatgpt.com","FioImma.local","TCP","4434","443  >  54679 [ACK] Seq=2205711 Ack=245031 Win=64 Len=4380 [TCP PDU reassembled in 5914]"
"5914","63.753865","ab.chatgpt.com","FioImma.local","TLSv1.2","654","Application Data"
"5915","63.753960","FioImma.local","ab.chatgpt.com","TCP","54","54679  >  443 [ACK] Seq=245031 Ack=2210691 Win=2056 Len=0"
"5916","63.767411","ab.chatgpt.com","FioImma.local","TCP","1514","443  >  54679 [ACK] Seq=2210691 Ack=245031 Win=64 Len=1460 [TCP PDU reassembled in 5918]"
"5917","63.787946","ab.chatgpt.com","FioImma.local","TCP","2974","443  >  54679 [ACK] Seq=2212151 Ack=245031 Win=64 Len=2920 [TCP PDU reassembled in 5918]"
"5918","63.787946","ab.chatgpt.com","FioImma.local","TLSv1.2","654","Application Data"
"5919","63.788013","FioImma.local","ab.chatgpt.com","TCP","54","54679  >  443 [ACK] Seq=245031 Ack=2215671 Win=2056 Len=0"
"5920","63.835485","ab.chatgpt.com","FioImma.local","TCP","4434","443  >  54679 [ACK] Seq=2215671 Ack=245031 Win=64 Len=4380 [TCP PDU reassembled in 5921]"
"5921","63.835485","ab.chatgpt.com","FioImma.local","TLSv1.2","654","Application Data"
"5922","63.835594","FioImma.local","ab.chatgpt.com","TCP","54","54679  >  443 [ACK] Seq=245031 Ack=2220651 Win=2056 Len=0"
"5923","63.866201","ab.chatgpt.com","FioImma.local","TCP","4434","443  >  54679 [ACK] Seq=2220651 Ack=245031 Win=64 Len=4380 [TCP PDU reassembled in 5924]"
"5924","63.866201","ab.chatgpt.com","FioImma.local","TLSv1.2","654","Application Data"
"5925","63.866313","FioImma.local","ab.chatgpt.com","TCP","54","54679  >  443 [ACK] Seq=245031 Ack=2225631 Win=2056 Len=0"
"5926","63.882025","ab.chatgpt.com","FioImma.local","TCP","1514","443  >  54679 [ACK] Seq=2225631 Ack=245031 Win=64 Len=1460 [TCP PDU reassembled in 5928]"
"5927","63.898639","ab.chatgpt.com","FioImma.local","TCP","2974","443  >  54679 [ACK] Seq=2227091 Ack=245031 Win=64 Len=2920 [TCP PDU reassembled in 5928]"
"5928","63.898639","ab.chatgpt.com","FioImma.local","TLSv1.2","686","Application Data"
"5929","63.898733","FioImma.local","ab.chatgpt.com","TCP","54","54679  >  443 [ACK] Seq=245031 Ack=2230643 Win=2056 Len=0"
"5930","63.921654","ab.chatgpt.com","FioImma.local","TCP","4434","443  >  54679 [ACK] Seq=2230643 Ack=245031 Win=64 Len=4380 [TCP PDU reassembled in 5931]"
"5931","63.921654","ab.chatgpt.com","FioImma.local","TLSv1.2","686","Application Data"
"5932","63.921734","FioImma.local","ab.chatgpt.com","TCP","54","54679  >  443 [ACK] Seq=245031 Ack=2235655 Win=2056 Len=0"
"5933","63.953208","ab.chatgpt.com","FioImma.local","TCP","4434","443  >  54679 [ACK] Seq=2235655 Ack=245031 Win=64 Len=4380 [TCP PDU reassembled in 5934]"
"5934","63.953208","ab.chatgpt.com","FioImma.local","TLSv1.2","686","Application Data"
"5935","63.953208","ab.chatgpt.com","FioImma.local","TCP","2974","443  >  54679 [ACK] Seq=2240667 Ack=245031 Win=64 Len=2920 [TCP PDU reassembled in 5938]"
"5936","63.953323","FioImma.local","ab.chatgpt.com","TCP","54","54679  >  443 [ACK] Seq=245031 Ack=2243587 Win=2056 Len=0"
"5937","63.953431","ab.chatgpt.com","FioImma.local","TCP","1514","443  >  54679 [ACK] Seq=2243587 Ack=245031 Win=64 Len=1460 [TCP PDU reassembled in 5938]"
"5938","63.953431","ab.chatgpt.com","FioImma.local","TLSv1.2","686","Application Data"
"5939","63.953431","ab.chatgpt.com","FioImma.local","TCP","1514","443  >  54679 [ACK] Seq=2245679 Ack=245031 Win=64 Len=1460 [TCP PDU reassembled in 5942]"
"5940","63.953521","FioImma.local","ab.chatgpt.com","TCP","54","54679  >  443 [ACK] Seq=245031 Ack=2247139 Win=2056 Len=0"
"5941","63.953570","ab.chatgpt.com","FioImma.local","TCP","2974","443  >  54679 [ACK] Seq=2247139 Ack=245031 Win=64 Len=2920 [TCP PDU reassembled in 5942]"
"5942","63.953570","ab.chatgpt.com","FioImma.local","TLSv1.2","686","Application Data"
"5943","63.953591","FioImma.local","ab.chatgpt.com","TCP","54","54679  >  443 [ACK] Seq=245031 Ack=2250691 Win=2056 Len=0"
"5944","63.953689","ab.chatgpt.com","FioImma.local","TCP","4434","443  >  54679 [ACK] Seq=2250691 Ack=245031 Win=64 Len=4380 [TCP PDU reassembled in 5946]"
"5945","63.953726","FioImma.local","ab.chatgpt.com","TCP","54","54679  >  443 [ACK] Seq=245031 Ack=2255071 Win=2056 Len=0"
"5946","63.953917","ab.chatgpt.com","FioImma.local","TLSv1.2","686","Application Data"
"5947","63.953955","FioImma.local","ab.chatgpt.com","TCP","54","54679  >  443 [ACK] Seq=245031 Ack=2255703 Win=2053 Len=0"
"5948","63.963790","ab.chatgpt.com","FioImma.local","TCP","1514","443  >  54679 [ACK] Seq=2255703 Ack=245031 Win=64 Len=1460 [TCP PDU reassembled in 5950]"
"5949","63.983336","ab.chatgpt.com","FioImma.local","TCP","2974","443  >  54679 [ACK] Seq=2257163 Ack=245031 Win=64 Len=2920 [TCP PDU reassembled in 5950]"
"5950","63.983336","ab.chatgpt.com","FioImma.local","TLSv1.2","686","Application Data"
"5951","63.983336","ab.chatgpt.com","FioImma.local","TCP","4434","443  >  54679 [ACK] Seq=2260715 Ack=245031 Win=64 Len=4380 [TCP PDU reassembled in 5952]"
"5952","63.983336","ab.chatgpt.com","FioImma.local","TLSv1.2","718","Application Data"
"5953","63.983440","FioImma.local","ab.chatgpt.com","TCP","54","54679  >  443 [ACK] Seq=245031 Ack=2265759 Win=2056 Len=0"
"5954","64.020648","ab.chatgpt.com","FioImma.local","TCP","4434","443  >  54679 [ACK] Seq=2265759 Ack=245031 Win=64 Len=4380 [TCP PDU reassembled in 5955]"
"5955","64.020648","ab.chatgpt.com","FioImma.local","TLSv1.2","718","Application Data"
"5956","64.020748","FioImma.local","ab.chatgpt.com","TCP","54","54679  >  443 [ACK] Seq=245031 Ack=2270803 Win=2056 Len=0"
"5957","64.095130","ab.chatgpt.com","FioImma.local","TCP","1514","443  >  54679 [ACK] Seq=2270803 Ack=245031 Win=64 Len=1460 [TCP PDU reassembled in 5959]"
"5958","64.116076","ab.chatgpt.com","FioImma.local","TCP","2974","443  >  54679 [ACK] Seq=2272263 Ack=245031 Win=64 Len=2920 [TCP PDU reassembled in 5959]"
"5959","64.116076","ab.chatgpt.com","FioImma.local","TLSv1.2","718","Application Data"
"5960","64.116155","FioImma.local","ab.chatgpt.com","TCP","54","54679  >  443 [ACK] Seq=245031 Ack=2275847 Win=2056 Len=0"
"5961","64.121758","FioImma.local","ab.chatgpt.com","TLSv1.2","89","Application Data"
"5962","64.150344","ab.chatgpt.com","FioImma.local","TCP","4434","443  >  54679 [ACK] Seq=2275847 Ack=245031 Win=64 Len=4380 [TCP PDU reassembled in 5963]"
"5963","64.150344","ab.chatgpt.com","FioImma.local","TLSv1.2","718","Application Data"
"5964","64.150344","ab.chatgpt.com","FioImma.local","TCP","4434","443  >  54679 [ACK] Seq=2280891 Ack=245031 Win=64 Len=4380 [TCP PDU reassembled in 5965]"
"5965","64.150344","ab.chatgpt.com","FioImma.local","TLSv1.2","718","Application Data"
"5966","64.150419","FioImma.local","ab.chatgpt.com","TCP","54","54679  >  443 [ACK] Seq=245066 Ack=2285935 Win=2056 Len=0"
"5967","64.163072","ab.chatgpt.com","FioImma.local","TCP","1514","443  >  54679 [ACK] Seq=2285935 Ack=245066 Win=64 Len=1460 [TCP PDU reassembled in 5970]"
"5968","64.186962","ab.chatgpt.com","FioImma.local","TCP","1514","443  >  54679 [ACK] Seq=2287395 Ack=245066 Win=64 Len=1460 [TCP PDU reassembled in 5970]"
"5969","64.186962","ab.chatgpt.com","FioImma.local","TCP","1514","443  >  54679 [ACK] Seq=2288855 Ack=245066 Win=64 Len=1460 [TCP PDU reassembled in 5970]"
"5970","64.186962","ab.chatgpt.com","FioImma.local","TLSv1.2","718","Application Data"
"5971","64.187032","FioImma.local","ab.chatgpt.com","TCP","54","54679  >  443 [ACK] Seq=245066 Ack=2290979 Win=2056 Len=0"
"5972","64.215097","ab.chatgpt.com","FioImma.local","TCP","1514","443  >  54679 [ACK] Seq=2290979 Ack=245066 Win=64 Len=1460 [TCP PDU reassembled in 5976]"
"5973","64.215097","ab.chatgpt.com","FioImma.local","TCP","1514","443  >  54679 [ACK] Seq=2292439 Ack=245066 Win=64 Len=1460 [TCP PDU reassembled in 5976]"
"5974","64.215149","FioImma.local","ab.chatgpt.com","TCP","54","54679  >  443 [ACK] Seq=245066 Ack=2293899 Win=2056 Len=0"
"5975","64.215380","ab.chatgpt.com","FioImma.local","TCP","1514","443  >  54679 [ACK] Seq=2293899 Ack=245066 Win=64 Len=1460 [TCP PDU reassembled in 5976]"
"5976","64.215395","ab.chatgpt.com","FioImma.local","TLSv1.2","718","Application Data"
"5977","64.215426","FioImma.local","ab.chatgpt.com","TCP","54","54679  >  443 [ACK] Seq=245066 Ack=2296023 Win=2056 Len=0"
"5978","64.242453","ab.chatgpt.com","FioImma.local","TCP","1514","443  >  54679 [ACK] Seq=2296023 Ack=245066 Win=64 Len=1460 [TCP PDU reassembled in 5981]"
"5979","64.242453","ab.chatgpt.com","FioImma.local","TCP","1514","443  >  54679 [ACK] Seq=2297483 Ack=245066 Win=64 Len=1460 [TCP PDU reassembled in 5981]"
"5980","64.242453","ab.chatgpt.com","FioImma.local","TCP","1514","443  >  54679 [ACK] Seq=2298943 Ack=245066 Win=64 Len=1460 [TCP PDU reassembled in 5981]"
"5981","64.242453","ab.chatgpt.com","FioImma.local","TLSv1.2","750","Application Data"
"5982","64.242453","ab.chatgpt.com","FioImma.local","TCP","1514","443  >  54679 [ACK] Seq=2301099 Ack=245066 Win=64 Len=1460 [TCP PDU reassembled in 5985]"
"5983","64.242453","ab.chatgpt.com","FioImma.local","TCP","1514","443  >  54679 [ACK] Seq=2302559 Ack=245066 Win=64 Len=1460 [TCP PDU reassembled in 5985]"
"5984","64.242453","ab.chatgpt.com","FioImma.local","TCP","1514","443  >  54679 [ACK] Seq=2304019 Ack=245066 Win=64 Len=1460 [TCP PDU reassembled in 5985]"
"5985","64.242453","ab.chatgpt.com","FioImma.local","TLSv1.2","750","Application Data"
"5986","64.242595","FioImma.local","ab.chatgpt.com","TCP","54","54679  >  443 [ACK] Seq=245066 Ack=2306175 Win=2056 Len=0"
"5987","64.251447","ab.chatgpt.com","FioImma.local","TCP","1514","443  >  54679 [ACK] Seq=2306175 Ack=245066 Win=64 Len=1460 [TCP PDU reassembled in 5990]"
"5988","64.271646","ab.chatgpt.com","FioImma.local","TCP","1514","443  >  54679 [ACK] Seq=2307635 Ack=245066 Win=64 Len=1460 [TCP PDU reassembled in 5990]"
"5989","64.271646","ab.chatgpt.com","FioImma.local","TCP","1514","443  >  54679 [ACK] Seq=2309095 Ack=245066 Win=64 Len=1460 [TCP PDU reassembled in 5990]"
"5990","64.271646","ab.chatgpt.com","FioImma.local","TLSv1.2","750","Application Data"
"5991","64.271646","ab.chatgpt.com","FioImma.local","TCP","1514","443  >  54679 [ACK] Seq=2311251 Ack=245066 Win=64 Len=1460 [TCP PDU reassembled in 5994]"
"5992","64.271646","ab.chatgpt.com","FioImma.local","TCP","1514","443  >  54679 [ACK] Seq=2312711 Ack=245066 Win=64 Len=1460 [TCP PDU reassembled in 5994]"
"5993","64.271646","ab.chatgpt.com","FioImma.local","TCP","1514","443  >  54679 [ACK] Seq=2314171 Ack=245066 Win=64 Len=1460 [TCP PDU reassembled in 5994]"
"5994","64.271646","ab.chatgpt.com","FioImma.local","TLSv1.2","750","Application Data"
"5995","64.271737","FioImma.local","ab.chatgpt.com","TCP","54","54679  >  443 [ACK] Seq=245066 Ack=2316327 Win=2056 Len=0"
"5996","64.313930","ab.chatgpt.com","FioImma.local","TCP","1514","443  >  54679 [ACK] Seq=2316327 Ack=245066 Win=64 Len=1460 [TCP PDU reassembled in 5999]"
"5997","64.313930","ab.chatgpt.com","FioImma.local","TCP","1514","443  >  54679 [ACK] Seq=2317787 Ack=245066 Win=64 Len=1460 [TCP PDU reassembled in 5999]"
"5998","64.313930","ab.chatgpt.com","FioImma.local","TCP","1514","443  >  54679 [ACK] Seq=2319247 Ack=245066 Win=64 Len=1460 [TCP PDU reassembled in 5999]"
"5999","64.313930","ab.chatgpt.com","FioImma.local","TLSv1.2","750","Application Data"
"6000","64.314060","FioImma.local","ab.chatgpt.com","TCP","54","54679  >  443 [ACK] Seq=245066 Ack=2321403 Win=2056 Len=0"
"6001","64.337162","ab.chatgpt.com","FioImma.local","TCP","1514","443  >  54679 [ACK] Seq=2321403 Ack=245066 Win=64 Len=1460 [TCP PDU reassembled in 6003]"
"6002","64.356654","ab.chatgpt.com","FioImma.local","TCP","2974","443  >  54679 [ACK] Seq=2322863 Ack=245066 Win=64 Len=2920 [TCP PDU reassembled in 6003]"
"6003","64.356654","ab.chatgpt.com","FioImma.local","TLSv1.2","750","Application Data"
"6004","64.356654","ab.chatgpt.com","FioImma.local","TCP","4434","443  >  54679 [ACK] Seq=2326479 Ack=245066 Win=64 Len=4380 [TCP PDU reassembled in 6005]"
"6005","64.356654","ab.chatgpt.com","FioImma.local","TLSv1.2","782","Application Data"
"6006","64.356654","ab.chatgpt.com","FioImma.local","TCP","1514","443  >  54679 [ACK] Seq=2331587 Ack=245066 Win=64 Len=1460 [TCP PDU reassembled in 6009]"
"6007","64.356756","FioImma.local","ab.chatgpt.com","TCP","54","54679  >  443 [ACK] Seq=245066 Ack=2333047 Win=2056 Len=0"
"6008","64.356926","ab.chatgpt.com","FioImma.local","TCP","2974","443  >  54679 [ACK] Seq=2333047 Ack=245066 Win=64 Len=2920 [TCP PDU reassembled in 6009]"
"6009","64.356926","ab.chatgpt.com","FioImma.local","TLSv1.2","782","Application Data"
"6010","64.356953","FioImma.local","ab.chatgpt.com","TCP","54","54679  >  443 [ACK] Seq=245066 Ack=2336695 Win=2056 Len=0"
"6011","64.399015","ab.chatgpt.com","FioImma.local","TCP","1514","443  >  54679 [ACK] Seq=2336695 Ack=245066 Win=64 Len=1460 [TCP PDU reassembled in 6013]"
"6012","64.419489","ab.chatgpt.com","FioImma.local","TCP","2974","443  >  54679 [ACK] Seq=2338155 Ack=245066 Win=64 Len=2920 [TCP PDU reassembled in 6013]"
"6013","64.419489","ab.chatgpt.com","FioImma.local","TLSv1.2","782","Application Data"
"6014","64.419626","FioImma.local","ab.chatgpt.com","TCP","54","54679  >  443 [ACK] Seq=245066 Ack=2341803 Win=2056 Len=0"
"6015","64.439937","ab.chatgpt.com","FioImma.local","TCP","4434","443  >  54679 [ACK] Seq=2341803 Ack=245066 Win=64 Len=4380 [TCP PDU reassembled in 6016]"
"6016","64.439937","ab.chatgpt.com","FioImma.local","TLSv1.2","782","Application Data"
"6017","64.439937","ab.chatgpt.com","FioImma.local","TCP","4434","443  >  54679 [ACK] Seq=2346911 Ack=245066 Win=64 Len=4380 [TCP PDU reassembled in 6018]"
"6018","64.439937","ab.chatgpt.com","FioImma.local","TLSv1.2","771","Application Data"
"6019","64.440052","FioImma.local","ab.chatgpt.com","TCP","54","54679  >  443 [ACK] Seq=245066 Ack=2352008 Win=2056 Len=0"
"6020","64.458012","ab.chatgpt.com","FioImma.local","TCP","1514","443  >  54679 [ACK] Seq=2352008 Ack=245066 Win=64 Len=1460 [TCP PDU reassembled in 6023]"
"6021","64.478964","ab.chatgpt.com","FioImma.local","TCP","1514","443  >  54679 [ACK] Seq=2353468 Ack=245066 Win=64 Len=1460 [TCP PDU reassembled in 6023]"
"6022","64.478964","ab.chatgpt.com","FioImma.local","TCP","1514","443  >  54679 [ACK] Seq=2354928 Ack=245066 Win=64 Len=1460 [TCP PDU reassembled in 6023]"
"6023","64.478964","ab.chatgpt.com","FioImma.local","TLSv1.2","814","Application Data"
"6024","64.478964","ab.chatgpt.com","FioImma.local","TCP","1514","443  >  54679 [ACK] Seq=2357148 Ack=245066 Win=64 Len=1460 [TCP PDU reassembled in 6026]"
"6025","64.478964","ab.chatgpt.com","FioImma.local","TCP","2974","443  >  54679 [ACK] Seq=2358608 Ack=245066 Win=64 Len=2920 [TCP PDU reassembled in 6026]"
"6026","64.478964","ab.chatgpt.com","FioImma.local","TLSv1.2","814","Application Data"
"6027","64.479051","FioImma.local","ab.chatgpt.com","TCP","54","54679  >  443 [ACK] Seq=245066 Ack=2362288 Win=2056 Len=0"
"6028","64.507330","ab.chatgpt.com","FioImma.local","TCP","4434","443  >  54679 [ACK] Seq=2362288 Ack=245066 Win=64 Len=4380 [TCP PDU reassembled in 6029]"
"6029","64.507330","ab.chatgpt.com","FioImma.local","TLSv1.2","814","Application Data"
"6030","64.507402","FioImma.local","ab.chatgpt.com","TCP","54","54679  >  443 [ACK] Seq=245066 Ack=2367428 Win=2056 Len=0"
"6031","64.529509","ab.chatgpt.com","FioImma.local","TCP","1514","443  >  54679 [ACK] Seq=2367428 Ack=245066 Win=64 Len=1460 [TCP PDU reassembled in 6034]"
"6032","64.529509","ab.chatgpt.com","FioImma.local","TCP","1514","443  >  54679 [ACK] Seq=2368888 Ack=245066 Win=64 Len=1460 [TCP PDU reassembled in 6034]"
"6033","64.529509","ab.chatgpt.com","FioImma.local","TCP","1514","443  >  54679 [ACK] Seq=2370348 Ack=245066 Win=64 Len=1460 [TCP PDU reassembled in 6034]"
"6034","64.529509","ab.chatgpt.com","FioImma.local","TLSv1.2","814","Application Data"
"6035","64.529594","FioImma.local","ab.chatgpt.com","TCP","54","54679  >  443 [ACK] Seq=245066 Ack=2372568 Win=2056 Len=0"
"6036","64.529672","ab.chatgpt.com","FioImma.local","TCP","1514","443  >  54679 [ACK] Seq=2372568 Ack=245066 Win=64 Len=1460 [TCP PDU reassembled in 6039]"
"6037","64.529672","ab.chatgpt.com","FioImma.local","TCP","1514","443  >  54679 [ACK] Seq=2374028 Ack=245066 Win=64 Len=1460 [TCP PDU reassembled in 6039]"
"6038","64.529672","ab.chatgpt.com","FioImma.local","TCP","1514","443  >  54679 [ACK] Seq=2375488 Ack=245066 Win=64 Len=1460 [TCP PDU reassembled in 6039]"
"6039","64.529672","ab.chatgpt.com","FioImma.local","TLSv1.2","814","Application Data"
"6040","64.529697","FioImma.local","ab.chatgpt.com","TCP","54","54679  >  443 [ACK] Seq=245066 Ack=2377708 Win=2056 Len=0"
"6041","64.563883","ab.chatgpt.com","FioImma.local","TCP","1514","443  >  54679 [ACK] Seq=2377708 Ack=245066 Win=64 Len=1460 [TCP PDU reassembled in 6044]"
"6042","64.563883","ab.chatgpt.com","FioImma.local","TCP","1514","443  >  54679 [ACK] Seq=2379168 Ack=245066 Win=64 Len=1460 [TCP PDU reassembled in 6044]"
"6043","64.563883","ab.chatgpt.com","FioImma.local","TCP","1514","443  >  54679 [ACK] Seq=2380628 Ack=245066 Win=64 Len=1460 [TCP PDU reassembled in 6044]"
"6044","64.563883","ab.chatgpt.com","FioImma.local","TLSv1.2","803","Application Data"
"6045","64.563883","ab.chatgpt.com","FioImma.local","TCP","1514","443  >  54679 [ACK] Seq=2382837 Ack=245066 Win=64 Len=1460 [TCP PDU reassembled in 6048]"
"6046","64.563883","ab.chatgpt.com","FioImma.local","TCP","1514","443  >  54679 [ACK] Seq=2384297 Ack=245066 Win=64 Len=1460 [TCP PDU reassembled in 6048]"
"6047","64.563883","ab.chatgpt.com","FioImma.local","TCP","1514","443  >  54679 [ACK] Seq=2385757 Ack=245066 Win=64 Len=1460 [TCP PDU reassembled in 6048]"
"6048","64.563883","ab.chatgpt.com","FioImma.local","TLSv1.2","846","Application Data"
"6049","64.563883","ab.chatgpt.com","FioImma.local","TCP","1514","443  >  54679 [ACK] Seq=2388009 Ack=245066 Win=64 Len=1460 [TCP PDU reassembled in 6052]"
"6050","64.563883","ab.chatgpt.com","FioImma.local","TCP","1514","443  >  54679 [ACK] Seq=2389469 Ack=245066 Win=64 Len=1460 [TCP PDU reassembled in 6052]"
"6051","64.563883","ab.chatgpt.com","FioImma.local","TCP","1514","443  >  54679 [ACK] Seq=2390929 Ack=245066 Win=64 Len=1460 [TCP PDU reassembled in 6052]"
"6052","64.563883","ab.chatgpt.com","FioImma.local","TLSv1.2","846","Application Data"
"6053","64.564009","FioImma.local","ab.chatgpt.com","TCP","54","54679  >  443 [ACK] Seq=245066 Ack=2393181 Win=2056 Len=0"
"6054","64.573545","ab.chatgpt.com","FioImma.local","TCP","1514","443  >  54679 [ACK] Seq=2393181 Ack=245066 Win=64 Len=1460 [TCP PDU reassembled in 6058]"
"6055","64.593882","ab.chatgpt.com","FioImma.local","TCP","1514","443  >  54679 [ACK] Seq=2394641 Ack=245066 Win=64 Len=1460 [TCP PDU reassembled in 6058]"
"6056","64.593943","FioImma.local","ab.chatgpt.com","TCP","54","54679  >  443 [ACK] Seq=245066 Ack=2396101 Win=2056 Len=0"
"6057","64.594661","ab.chatgpt.com","FioImma.local","TCP","1514","443  >  54679 [ACK] Seq=2396101 Ack=245066 Win=64 Len=1460 [TCP PDU reassembled in 6058]"
"6058","64.594661","ab.chatgpt.com","FioImma.local","TLSv1.2","846","Application Data"
"6059","64.594661","ab.chatgpt.com","FioImma.local","TCP","1514","443  >  54679 [ACK] Seq=2398353 Ack=245066 Win=64 Len=1460 [TCP PDU reassembled in 6062]"
"6060","64.594661","ab.chatgpt.com","FioImma.local","TCP","1514","443  >  54679 [ACK] Seq=2399813 Ack=245066 Win=64 Len=1460 [TCP PDU reassembled in 6062]"
"6061","64.594661","ab.chatgpt.com","FioImma.local","TCP","1514","443  >  54679 [ACK] Seq=2401273 Ack=245066 Win=64 Len=1460 [TCP PDU reassembled in 6062]"
"6062","64.594661","ab.chatgpt.com","FioImma.local","TLSv1.2","846","Application Data"
"6063","64.594718","FioImma.local","ab.chatgpt.com","TCP","54","54679  >  443 [ACK] Seq=245066 Ack=2403525 Win=2056 Len=0"
"6064","64.594782","ab.chatgpt.com","FioImma.local","TCP","1514","443  >  54679 [ACK] Seq=2403525 Ack=245066 Win=64 Len=1460 [TCP PDU reassembled in 6067]"
"6065","64.594782","ab.chatgpt.com","FioImma.local","TCP","1514","443  >  54679 [ACK] Seq=2404985 Ack=245066 Win=64 Len=1460 [TCP PDU reassembled in 6067]"
"6066","64.594782","ab.chatgpt.com","FioImma.local","TCP","1514","443  >  54679 [ACK] Seq=2406445 Ack=245066 Win=64 Len=1460 [TCP PDU reassembled in 6067]"
"6067","64.594782","ab.chatgpt.com","FioImma.local","TLSv1.2","878","Application Data"
"6068","64.594809","FioImma.local","ab.chatgpt.com","TCP","54","54679  >  443 [ACK] Seq=245066 Ack=2408729 Win=2056 Len=0"
"6069","64.595264","ab.chatgpt.com","FioImma.local","TCP","1514","443  >  54679 [ACK] Seq=2408729 Ack=245066 Win=64 Len=1460 [TCP PDU reassembled in 6071]"
"6070","64.615519","ab.chatgpt.com","FioImma.local","TCP","2974","443  >  54679 [ACK] Seq=2410189 Ack=245066 Win=64 Len=2920 [TCP PDU reassembled in 6071]"
"6071","64.615519","ab.chatgpt.com","FioImma.local","TLSv1.2","878","Application Data"
"6072","64.615519","ab.chatgpt.com","FioImma.local","TCP","2974","443  >  54679 [ACK] Seq=2413933 Ack=245066 Win=64 Len=2920 [TCP PDU reassembled in 6075]"
"6073","64.615597","FioImma.local","ab.chatgpt.com","TCP","54","54679  >  443 [ACK] Seq=245066 Ack=2416853 Win=2056 Len=0"
"6074","64.615646","ab.chatgpt.com","FioImma.local","TCP","1514","443  >  54679 [ACK] Seq=2416853 Ack=245066 Win=64 Len=1460 [TCP PDU reassembled in 6075]"
"6075","64.615825","ab.chatgpt.com","FioImma.local","TLSv1.2","878","Application Data"
"6076","64.615825","ab.chatgpt.com","FioImma.local","TCP","2974","443  >  54679 [ACK] Seq=2419137 Ack=245066 Win=64 Len=2920 [TCP PDU reassembled in 6079]"
"6077","64.615866","FioImma.local","ab.chatgpt.com","TCP","54","54679  >  443 [ACK] Seq=245066 Ack=2422057 Win=2056 Len=0"
"6078","64.615915","ab.chatgpt.com","FioImma.local","TCP","1514","443  >  54679 [ACK] Seq=2422057 Ack=245066 Win=64 Len=1460 [TCP PDU reassembled in 6079]"
"6079","64.615915","ab.chatgpt.com","FioImma.local","TLSv1.2","878","Application Data"
"6080","64.615915","ab.chatgpt.com","FioImma.local","TCP","1514","443  >  54679 [ACK] Seq=2424341 Ack=245066 Win=64 Len=1460 [TCP PDU reassembled in 6085]"
"6081","64.615957","FioImma.local","ab.chatgpt.com","TCP","54","54679  >  443 [ACK] Seq=245066 Ack=2425801 Win=2056 Len=0"
"6082","64.615995","ab.chatgpt.com","FioImma.local","TCP","1514","443  >  54679 [ACK] Seq=2425801 Ack=245066 Win=64 Len=1460 [TCP PDU reassembled in 6085]"
"6083","64.616009","FioImma.local","ab.chatgpt.com","TCP","54","54679  >  443 [ACK] Seq=245066 Ack=2427261 Win=2056 Len=0"
"6084","64.616030","ab.chatgpt.com","FioImma.local","TCP","1514","443  >  54679 [ACK] Seq=2427261 Ack=245066 Win=64 Len=1460 [TCP PDU reassembled in 6085]"
"6085","64.616030","ab.chatgpt.com","FioImma.local","TLSv1.2","878","Application Data"
"6086","64.616041","FioImma.local","ab.chatgpt.com","TCP","54","54679  >  443 [ACK] Seq=245066 Ack=2429545 Win=2056 Len=0"
"6087","64.626221","ab.chatgpt.com","FioImma.local","TCP","4434","443  >  54679 [ACK] Seq=2429545 Ack=245066 Win=64 Len=4380 [TCP PDU reassembled in 6088]"
"6088","64.626221","ab.chatgpt.com","FioImma.local","TLSv1.2","878","Application Data"
"6089","64.626221","ab.chatgpt.com","FioImma.local","TCP","2974","443  >  54679 [ACK] Seq=2434749 Ack=245066 Win=64 Len=2920 [TCP PDU reassembled in 6092]"
"6090","64.626265","FioImma.local","ab.chatgpt.com","TCP","54","54679  >  443 [ACK] Seq=245066 Ack=2437669 Win=2056 Len=0"
"6091","64.626453","ab.chatgpt.com","FioImma.local","TCP","1514","443  >  54679 [ACK] Seq=2437669 Ack=245066 Win=64 Len=1460 [TCP PDU reassembled in 6092]"
"6092","64.626453","ab.chatgpt.com","FioImma.local","TLSv1.2","910","Application Data"
"6093","64.626453","ab.chatgpt.com","FioImma.local","TCP","1514","443  >  54679 [ACK] Seq=2439985 Ack=245066 Win=64 Len=1460 [TCP PDU reassembled in 6096]"
"6094","64.626475","FioImma.local","ab.chatgpt.com","TCP","54","54679  >  443 [ACK] Seq=245066 Ack=2441445 Win=2056 Len=0"
"6095","64.626585","ab.chatgpt.com","FioImma.local","TCP","2974","443  >  54679 [ACK] Seq=2441445 Ack=245066 Win=64 Len=2920 [TCP PDU reassembled in 6096]"
"6096","64.626585","ab.chatgpt.com","FioImma.local","TLSv1.2","910","Application Data"
"6097","64.626599","FioImma.local","ab.chatgpt.com","TCP","54","54679  >  443 [ACK] Seq=245066 Ack=2445221 Win=2056 Len=0"
"6098","64.626877","ab.chatgpt.com","FioImma.local","TCP","2974","443  >  54679 [ACK] Seq=2445221 Ack=245066 Win=64 Len=2920 [TCP PDU reassembled in 6101]"
"6099","64.626917","FioImma.local","ab.chatgpt.com","TCP","54","54679  >  443 [ACK] Seq=245066 Ack=2448141 Win=2056 Len=0"
"6100","64.627762","ab.chatgpt.com","FioImma.local","TCP","1514","443  >  54679 [ACK] Seq=2448141 Ack=245066 Win=64 Len=1460 [TCP PDU reassembled in 6101]"
"6101","64.627762","ab.chatgpt.com","FioImma.local","TLSv1.2","910","Application Data"
"6102","64.627810","FioImma.local","ab.chatgpt.com","TCP","54","54679  >  443 [ACK] Seq=245066 Ack=2450457 Win=2056 Len=0"
"6103","64.629028","ab.chatgpt.com","FioImma.local","TCP","1514","443  >  54679 [ACK] Seq=2450457 Ack=245066 Win=64 Len=1460 [TCP PDU reassembled in 6105]"
"6104","64.652480","ab.chatgpt.com","FioImma.local","TCP","2974","443  >  54679 [ACK] Seq=2451917 Ack=245066 Win=64 Len=2920 [TCP PDU reassembled in 6105]"
"6105","64.652480","ab.chatgpt.com","FioImma.local","TLSv1.2","910","Application Data"
"6106","64.652480","ab.chatgpt.com","FioImma.local","TCP","4434","443  >  54679 [ACK] Seq=2455693 Ack=245066 Win=64 Len=4380 [TCP PDU reassembled in 6107]"
"6107","64.652480","ab.chatgpt.com","FioImma.local","TLSv1.2","910","Application Data"
"6108","64.652480","ab.chatgpt.com","FioImma.local","TCP","4434","443  >  54679 [ACK] Seq=2460929 Ack=245066 Win=64 Len=4380 [TCP PDU reassembled in 6109]"
"6109","64.652480","ab.chatgpt.com","FioImma.local","TLSv1.2","910","Application Data"
"6110","64.652598","FioImma.local","ab.chatgpt.com","TCP","54","54679  >  443 [ACK] Seq=245066 Ack=2466165 Win=2056 Len=0"
"6111","64.657780","ab.chatgpt.com","FioImma.local","TCP","4434","443  >  54679 [ACK] Seq=2466165 Ack=245066 Win=64 Len=4380 [TCP PDU reassembled in 6112]"
"6112","64.657780","ab.chatgpt.com","FioImma.local","TLSv1.2","942","Application Data"
"6113","64.657780","ab.chatgpt.com","FioImma.local","TCP","1514","443  >  54679 [ACK] Seq=2471433 Ack=245066 Win=64 Len=1460 [TCP PDU reassembled in 6117]"
"6114","64.657855","FioImma.local","ab.chatgpt.com","TCP","54","54679  >  443 [ACK] Seq=245066 Ack=2472893 Win=2056 Len=0"
"6115","64.658197","ab.chatgpt.com","FioImma.local","TCP","1514","443  >  54679 [ACK] Seq=2472893 Ack=245066 Win=64 Len=1460 [TCP PDU reassembled in 6117]"
"6116","64.658197","ab.chatgpt.com","FioImma.local","TCP","1514","443  >  54679 [ACK] Seq=2474353 Ack=245066 Win=64 Len=1460 [TCP PDU reassembled in 6117]"
"6117","64.658197","ab.chatgpt.com","FioImma.local","TLSv1.2","942","Application Data"
"6118","64.658197","ab.chatgpt.com","FioImma.local","TCP","4434","443  >  54679 [ACK] Seq=2476701 Ack=245066 Win=64 Len=4380 [TCP PDU reassembled in 6119]"
"6119","64.658197","ab.chatgpt.com","FioImma.local","TLSv1.2","942","Application Data"
"6120","64.658197","ab.chatgpt.com","FioImma.local","TCP","4434","443  >  54679 [ACK] Seq=2481969 Ack=245066 Win=64 Len=4380 [TCP PDU reassembled in 6121]"
"6121","64.658197","ab.chatgpt.com","FioImma.local","TLSv1.2","942","Application Data"
"6122","64.658256","FioImma.local","ab.chatgpt.com","TCP","54","54679  >  443 [ACK] Seq=245066 Ack=2487237 Win=2056 Len=0"
"6123","64.662002","ab.chatgpt.com","FioImma.local","TCP","1514","443  >  54679 [ACK] Seq=2487237 Ack=245066 Win=64 Len=1460 [TCP PDU reassembled in 6125]"
"6124","64.675784","ab.chatgpt.com","FioImma.local","TCP","2974","443  >  54679 [ACK] Seq=2488697 Ack=245066 Win=64 Len=2920 [TCP PDU reassembled in 6125]"
"6125","64.675784","ab.chatgpt.com","FioImma.local","TLSv1.2","942","Application Data"
"6126","64.675784","ab.chatgpt.com","FioImma.local","TCP","4434","443  >  54679 [ACK] Seq=2492505 Ack=245066 Win=64 Len=4380 [TCP PDU reassembled in 6127]"
"6127","64.675784","ab.chatgpt.com","FioImma.local","TLSv1.2","974","Application Data"
"6128","64.675784","ab.chatgpt.com","FioImma.local","TCP","4434","443  >  54679 [ACK] Seq=2497805 Ack=245066 Win=64 Len=4380 [TCP PDU reassembled in 6129]"
"6129","64.675784","ab.chatgpt.com","FioImma.local","TLSv1.2","974","Application Data"
"6130","64.675784","ab.chatgpt.com","FioImma.local","TCP","2974","443  >  54679 [ACK] Seq=2503105 Ack=245066 Win=64 Len=2920 [TCP PDU reassembled in 6133]"
"6131","64.675887","FioImma.local","ab.chatgpt.com","TCP","54","54679  >  443 [ACK] Seq=245066 Ack=2506025 Win=2056 Len=0"
"6132","64.676630","ab.chatgpt.com","FioImma.local","TCP","1514","443  >  54679 [ACK] Seq=2506025 Ack=245066 Win=64 Len=1460 [TCP PDU reassembled in 6133]"
"6133","64.676630","ab.chatgpt.com","FioImma.local","TLSv1.2","974","Application Data"
"6134","64.676630","ab.chatgpt.com","FioImma.local","TCP","1514","443  >  54679 [ACK] Seq=2508405 Ack=245066 Win=64 Len=1460 [TCP PDU reassembled in 6137]"
"6135","64.676661","FioImma.local","ab.chatgpt.com","TCP","54","54679  >  443 [ACK] Seq=245066 Ack=2509865 Win=2056 Len=0"
"6136","64.695490","ab.chatgpt.com","FioImma.local","TCP","2974","443  >  54679 [ACK] Seq=2509865 Ack=245066 Win=64 Len=2920 [TCP PDU reassembled in 6137]"
"6137","64.695490","ab.chatgpt.com","FioImma.local","TLSv1.2","974","Application Data"
"6138","64.695490","ab.chatgpt.com","FioImma.local","TCP","4434","443  >  54679 [ACK] Seq=2513705 Ack=245066 Win=64 Len=4380 [TCP PDU reassembled in 6139]"
"6139","64.695490","ab.chatgpt.com","FioImma.local","TLSv1.2","974","Application Data"
"6140","64.695490","ab.chatgpt.com","FioImma.local","TCP","4434","443  >  54679 [ACK] Seq=2519005 Ack=245066 Win=64 Len=4380 [TCP PDU reassembled in 6141]"
"6141","64.695490","ab.chatgpt.com","FioImma.local","TLSv1.2","1006","Application Data"
"6142","64.695636","FioImma.local","ab.chatgpt.com","TCP","54","54679  >  443 [ACK] Seq=245066 Ack=2524337 Win=2056 Len=0"
"6143","64.695703","ab.chatgpt.com","FioImma.local","TCP","2974","443  >  54679 [ACK] Seq=2524337 Ack=245066 Win=64 Len=2920 [TCP PDU reassembled in 6146]"
"6144","64.695715","FioImma.local","ab.chatgpt.com","TCP","54","54679  >  443 [ACK] Seq=245066 Ack=2527257 Win=2056 Len=0"
"6145","64.696473","ab.chatgpt.com","FioImma.local","TCP","1514","443  >  54679 [ACK] Seq=2527257 Ack=245066 Win=64 Len=1460 [TCP PDU reassembled in 6146]"
"6146","64.696473","ab.chatgpt.com","FioImma.local","TLSv1.2","1006","Application Data"
"6147","64.696516","FioImma.local","ab.chatgpt.com","TCP","54","54679  >  443 [ACK] Seq=245066 Ack=2529669 Win=2056 Len=0"
"6148","64.700984","ab.chatgpt.com","FioImma.local","TCP","1514","443  >  54679 [ACK] Seq=2529669 Ack=245066 Win=64 Len=1460 [TCP PDU reassembled in 6150]"
"6149","64.721375","ab.chatgpt.com","FioImma.local","TCP","2974","443  >  54679 [ACK] Seq=2531129 Ack=245066 Win=64 Len=2920 [TCP PDU reassembled in 6150]"
"6150","64.721375","ab.chatgpt.com","FioImma.local","TLSv1.2","1006","Application Data"
"6151","64.721375","ab.chatgpt.com","FioImma.local","TCP","4434","443  >  54679 [ACK] Seq=2535001 Ack=245066 Win=64 Len=4380 [TCP PDU reassembled in 6152]"
"6152","64.721375","ab.chatgpt.com","FioImma.local","TLSv1.2","1006","Application Data"
"6153","64.721375","ab.chatgpt.com","FioImma.local","TCP","1514","443  >  54679 [ACK] Seq=2540333 Ack=245066 Win=64 Len=1460 [TCP PDU reassembled in 6156]"
"6154","64.721454","FioImma.local","ab.chatgpt.com","TCP","54","54679  >  443 [ACK] Seq=245066 Ack=2541793 Win=2056 Len=0"
"6155","64.721515","ab.chatgpt.com","FioImma.local","TCP","2974","443  >  54679 [ACK] Seq=2541793 Ack=245066 Win=64 Len=2920 [TCP PDU reassembled in 6156]"
"6156","64.721515","ab.chatgpt.com","FioImma.local","TLSv1.2","1006","Application Data"
"6157","64.721537","FioImma.local","ab.chatgpt.com","TCP","54","54679  >  443 [ACK] Seq=245066 Ack=2545665 Win=2056 Len=0"
"6158","64.743293","ab.chatgpt.com","FioImma.local","TCP","4434","443  >  54679 [ACK] Seq=2545665 Ack=245066 Win=64 Len=4380 [TCP PDU reassembled in 6159]"
"6159","64.743293","ab.chatgpt.com","FioImma.local","TLSv1.2","1006","Application Data"
"6160","64.743293","ab.chatgpt.com","FioImma.local","TCP","4434","443  >  54679 [ACK] Seq=2550997 Ack=245066 Win=64 Len=4380 [TCP PDU reassembled in 6161]"
"6161","64.743293","ab.chatgpt.com","FioImma.local","TLSv1.2","1038","Application Data"
"6162","64.743421","FioImma.local","ab.chatgpt.com","TCP","54","54679  >  443 [ACK] Seq=245066 Ack=2556361 Win=2056 Len=0"
"6163","64.768660","FioImma.local","browser-intake-datadoghq.com","TCP","55","[TCP Keep-Alive] 54798  >  443 [ACK] Seq=5127 Ack=1247 Win=129792 Len=1"
"6164","64.776768","ab.chatgpt.com","FioImma.local","TCP","4434","443  >  54679 [ACK] Seq=2556361 Ack=245066 Win=64 Len=4380 [TCP PDU reassembled in 6165]"
"6165","64.776768","ab.chatgpt.com","FioImma.local","TLSv1.2","1038","Application Data"
"6166","64.776768","ab.chatgpt.com","FioImma.local","TCP","4434","443  >  54679 [ACK] Seq=2561725 Ack=245066 Win=64 Len=4380 [TCP PDU reassembled in 6167]"
"6167","64.776768","ab.chatgpt.com","FioImma.local","TLSv1.2","1038","Application Data"
"6168","64.776874","FioImma.local","ab.chatgpt.com","TCP","54","54679  >  443 [ACK] Seq=245066 Ack=2567089 Win=2056 Len=0"
"6169","64.796445","ab.chatgpt.com","FioImma.local","TCP","1514","443  >  54679 [ACK] Seq=2567089 Ack=245066 Win=64 Len=1460 [TCP PDU reassembled in 6170]"
"6170","64.816895","ab.chatgpt.com","FioImma.local","TLSv1.2","1415","Application Data"
"6171","64.816895","ab.chatgpt.com","FioImma.local","TCP","1514","443  >  54679 [ACK] Seq=2569910 Ack=245066 Win=64 Len=1460 [TCP PDU reassembled in 6172]"
"6172","64.816895","ab.chatgpt.com","FioImma.local","TLSv1.2","1168","Application Data"
"6173","64.816975","FioImma.local","ab.chatgpt.com","TCP","54","54679  >  443 [ACK] Seq=245066 Ack=2572484 Win=2056 Len=0"
"6174","64.845586","ab.chatgpt.com","FioImma.local","TCP","4434","443  >  54679 [ACK] Seq=2572484 Ack=245066 Win=64 Len=4380 [TCP PDU reassembled in 6175]"
"6175","64.845586","ab.chatgpt.com","FioImma.local","TLSv1.2","1038","Application Data"
"6176","64.845669","FioImma.local","ab.chatgpt.com","TCP","54","54679  >  443 [ACK] Seq=245066 Ack=2577848 Win=2056 Len=0"
"6177","64.923981","ab.chatgpt.com","FioImma.local","TCP","4434","443  >  54679 [ACK] Seq=2577848 Ack=245066 Win=64 Len=4380 [TCP PDU reassembled in 6178]"
"6178","64.923981","ab.chatgpt.com","FioImma.local","TLSv1.2","1070","Application Data"
"6179","64.924069","FioImma.local","ab.chatgpt.com","TCP","54","54679  >  443 [ACK] Seq=245066 Ack=2583244 Win=2056 Len=0"
"6180","64.964950","ab.chatgpt.com","FioImma.local","TCP","1514","443  >  54679 [ACK] Seq=2583244 Ack=245066 Win=64 Len=1460 [TCP PDU reassembled in 6182]"
"6181","64.985781","ab.chatgpt.com","FioImma.local","TCP","2974","443  >  54679 [ACK] Seq=2584704 Ack=245066 Win=64 Len=2920 [TCP PDU reassembled in 6182]"
"6182","64.985781","ab.chatgpt.com","FioImma.local","TLSv1.2","1070","Application Data"
"6183","64.985781","ab.chatgpt.com","FioImma.local","TCP","4434","443  >  54679 [ACK] Seq=2588640 Ack=245066 Win=64 Len=4380 [TCP PDU reassembled in 6184]"
"6184","64.985781","ab.chatgpt.com","FioImma.local","TLSv1.2","1070","Application Data"
"6185","64.985882","FioImma.local","ab.chatgpt.com","TCP","54","54679  >  443 [ACK] Seq=245066 Ack=2594036 Win=2056 Len=0"
"6186","65.013810","browser-intake-datadoghq.com","FioImma.local","TCP","66","[TCP Keep-Alive ACK] 443  >  54798 [ACK] Seq=1247 Ack=5128 Win=31744 Len=0 SLE=5127 SRE=5128"
"6187","65.030480","ab.chatgpt.com","FioImma.local","TCP","4434","443  >  54679 [ACK] Seq=2594036 Ack=245066 Win=64 Len=4380 [TCP PDU reassembled in 6188]"
"6188","65.030480","ab.chatgpt.com","FioImma.local","TLSv1.2","1070","Application Data"
"6189","65.030579","FioImma.local","ab.chatgpt.com","TCP","54","54679  >  443 [ACK] Seq=245066 Ack=2599432 Win=2056 Len=0"
"6190","65.052036","ab.chatgpt.com","FioImma.local","TCP","1514","443  >  54679 [ACK] Seq=2599432 Ack=245066 Win=64 Len=1460 [TCP PDU reassembled in 6194]"
"6191","65.072444","ab.chatgpt.com","FioImma.local","TCP","1514","443  >  54679 [ACK] Seq=2600892 Ack=245066 Win=64 Len=1460 [TCP PDU reassembled in 6194]"
"6192","65.072493","FioImma.local","ab.chatgpt.com","TCP","54","54679  >  443 [ACK] Seq=245066 Ack=2602352 Win=2056 Len=0"
"6193","65.073336","ab.chatgpt.com","FioImma.local","TCP","1514","443  >  54679 [ACK] Seq=2602352 Ack=245066 Win=64 Len=1460 [TCP PDU reassembled in 6194]"
"6194","65.073369","ab.chatgpt.com","FioImma.local","TLSv1.2","1070","Application Data"
"6195","65.073377","FioImma.local","ab.chatgpt.com","TCP","54","54679  >  443 [ACK] Seq=245066 Ack=2604828 Win=2056 Len=0"
"6196","65.123489","ab.chatgpt.com","FioImma.local","TCP","4434","443  >  54679 [ACK] Seq=2604828 Ack=245066 Win=64 Len=4380 [TCP PDU reassembled in 6197]"
"6197","65.123489","ab.chatgpt.com","FioImma.local","TLSv1.2","1102","Application Data"
"6198","65.123558","FioImma.local","ab.chatgpt.com","TCP","54","54679  >  443 [ACK] Seq=245066 Ack=2610256 Win=2056 Len=0"
"6199","65.169209","ab.chatgpt.com","FioImma.local","TCP","1514","443  >  54679 [ACK] Seq=2610256 Ack=245066 Win=64 Len=1460 [TCP PDU reassembled in 6202]"
"6200","65.169209","ab.chatgpt.com","FioImma.local","TCP","1514","443  >  54679 [ACK] Seq=2611716 Ack=245066 Win=64 Len=1460 [TCP PDU reassembled in 6202]"
"6201","65.169209","ab.chatgpt.com","FioImma.local","TCP","1514","443  >  54679 [ACK] Seq=2613176 Ack=245066 Win=64 Len=1460 [TCP PDU reassembled in 6202]"
"6202","65.169209","ab.chatgpt.com","FioImma.local","TLSv1.2","1102","Application Data"
"6203","65.169209","ab.chatgpt.com","FioImma.local","TCP","1514","443  >  54679 [ACK] Seq=2615684 Ack=245066 Win=64 Len=1460 [TCP PDU reassembled in 6206]"
"6204","65.169209","ab.chatgpt.com","FioImma.local","TCP","1514","443  >  54679 [ACK] Seq=2617144 Ack=245066 Win=64 Len=1460 [TCP PDU reassembled in 6206]"
"6205","65.169209","ab.chatgpt.com","FioImma.local","TCP","1514","443  >  54679 [ACK] Seq=2618604 Ack=245066 Win=64 Len=1460 [TCP PDU reassembled in 6206]"
"6206","65.169209","ab.chatgpt.com","FioImma.local","TLSv1.2","1102","Application Data"
"6207","65.169304","FioImma.local","ab.chatgpt.com","TCP","54","54679  >  443 [ACK] Seq=245066 Ack=2621112 Win=2056 Len=0"
"6208","65.171423","FioImma.local","52.123.173.4","TLSv1.2","104","Application Data"
"6209","65.185820","ab.chatgpt.com","FioImma.local","TCP","1514","443  >  54679 [ACK] Seq=2621112 Ack=245066 Win=64 Len=1460 [TCP PDU reassembled in 6211]"
"6210","65.210876","ab.chatgpt.com","FioImma.local","TCP","2974","443  >  54679 [ACK] Seq=2622572 Ack=245066 Win=64 Len=2920 [TCP PDU reassembled in 6211]"
"6211","65.210876","ab.chatgpt.com","FioImma.local","TLSv1.2","1102","Application Data"
"6212","65.210942","FioImma.local","ab.chatgpt.com","TCP","54","54679  >  443 [ACK] Seq=245066 Ack=2626540 Win=2056 Len=0"
"6213","65.233882","ab.chatgpt.com","FioImma.local","TCP","4434","443  >  54679 [ACK] Seq=2626540 Ack=245066 Win=64 Len=4380 [TCP PDU reassembled in 6214]"
"6214","65.233882","ab.chatgpt.com","FioImma.local","TLSv1.2","1102","Application Data"
"6215","65.233949","FioImma.local","ab.chatgpt.com","TCP","54","54679  >  443 [ACK] Seq=245066 Ack=2631968 Win=2056 Len=0"
"6216","65.272611","ab.chatgpt.com","FioImma.local","TCP","1514","443  >  54679 [ACK] Seq=2631968 Ack=245066 Win=64 Len=1460 [TCP PDU reassembled in 6220]"
"6217","65.272611","ab.chatgpt.com","FioImma.local","TCP","1514","443  >  54679 [ACK] Seq=2633428 Ack=245066 Win=64 Len=1460 [TCP PDU reassembled in 6220]"
"6218","65.272611","ab.chatgpt.com","FioImma.local","TCP","1514","443  >  54679 [ACK] Seq=2634888 Ack=245066 Win=64 Len=1460 [TCP PDU reassembled in 6220]"
"6219","65.272678","FioImma.local","ab.chatgpt.com","TCP","54","54679  >  443 [ACK] Seq=245066 Ack=2636348 Win=2056 Len=0"
"6220","65.272754","ab.chatgpt.com","FioImma.local","TLSv1.2","1102","Application Data"
"6221","65.272765","FioImma.local","ab.chatgpt.com","TCP","54","54679  >  443 [ACK] Seq=245066 Ack=2637396 Win=2052 Len=0"
"6222","65.287585","ab.chatgpt.com","FioImma.local","TCP","1514","443  >  54679 [ACK] Seq=2637396 Ack=245066 Win=64 Len=1460 [TCP PDU reassembled in 6224]"
"6223","65.307098","ab.chatgpt.com","FioImma.local","TCP","2974","443  >  54679 [ACK] Seq=2638856 Ack=245066 Win=64 Len=2920 [TCP PDU reassembled in 6224]"
"6224","65.307098","ab.chatgpt.com","FioImma.local","TLSv1.2","1134","Application Data"
"6225","65.307170","FioImma.local","ab.chatgpt.com","TCP","54","54679  >  443 [ACK] Seq=245066 Ack=2642856 Win=2056 Len=0"
"6226","65.351563","ab.chatgpt.com","FioImma.local","TCP","4434","443  >  54679 [ACK] Seq=2642856 Ack=245066 Win=64 Len=4380 [TCP PDU reassembled in 6228]"
"6227","65.351628","FioImma.local","ab.chatgpt.com","TCP","54","54679  >  443 [ACK] Seq=245066 Ack=2647236 Win=2056 Len=0"
"6228","65.352272","ab.chatgpt.com","FioImma.local","TLSv1.2","1134","Application Data"
"6229","65.352302","FioImma.local","ab.chatgpt.com","TCP","54","54679  >  443 [ACK] Seq=245066 Ack=2648316 Win=2052 Len=0"
"6230","65.377997","ab.chatgpt.com","FioImma.local","TCP","4434","443  >  54679 [ACK] Seq=2648316 Ack=245066 Win=64 Len=4380 [TCP PDU reassembled in 6231]"
"6231","65.377997","ab.chatgpt.com","FioImma.local","TLSv1.2","1134","Application Data"
"6232","65.378155","FioImma.local","ab.chatgpt.com","TCP","54","54679  >  443 [ACK] Seq=245066 Ack=2653776 Win=2056 Len=0"
"6233","65.378428","52.123.173.4","FioImma.local","TLSv1.2","93","Application Data"
"6234","65.423314","ab.chatgpt.com","FioImma.local","TCP","4434","443  >  54679 [ACK] Seq=2653776 Ack=245066 Win=64 Len=4380 [TCP PDU reassembled in 6235]"
"6235","65.423314","ab.chatgpt.com","FioImma.local","TLSv1.2","1134","Application Data"
"6236","65.423394","FioImma.local","ab.chatgpt.com","TCP","54","54679  >  443 [ACK] Seq=245066 Ack=2659236 Win=2056 Len=0"
"6237","65.425713","FioImma.local","52.123.173.4","TCP","54","54673  >  443 [ACK] Seq=101 Ack=79 Win=512 Len=0"
"6238","65.466404","ab.chatgpt.com","FioImma.local","TCP","4434","443  >  54679 [ACK] Seq=2659236 Ack=245066 Win=64 Len=4380 [TCP PDU reassembled in 6239]"
"6239","65.466404","ab.chatgpt.com","FioImma.local","TLSv1.2","1134","Application Data"
"6240","65.466480","FioImma.local","ab.chatgpt.com","TCP","54","54679  >  443 [ACK] Seq=245066 Ack=2664696 Win=2056 Len=0"
"6241","65.576882","ab.chatgpt.com","FioImma.local","TCP","4434","443  >  54679 [ACK] Seq=2664696 Ack=245066 Win=64 Len=4380 [TCP PDU reassembled in 6242]"
"6242","65.576882","ab.chatgpt.com","FioImma.local","TLSv1.2","1134","Application Data"
"6243","65.577060","FioImma.local","ab.chatgpt.com","TCP","54","54679  >  443 [ACK] Seq=245066 Ack=2670156 Win=2056 Len=0"
"6244","65.611320","ab.chatgpt.com","FioImma.local","TCP","1514","443  >  54679 [ACK] Seq=2670156 Ack=245066 Win=64 Len=1460 [TCP PDU reassembled in 6246]"
"6245","65.631753","ab.chatgpt.com","FioImma.local","TCP","2974","443  >  54679 [ACK] Seq=2671616 Ack=245066 Win=64 Len=2920 [TCP PDU reassembled in 6246]"
"6246","65.631753","ab.chatgpt.com","FioImma.local","TLSv1.2","1134","Application Data"
"6247","65.631832","FioImma.local","ab.chatgpt.com","TCP","54","54679  >  443 [ACK] Seq=245066 Ack=2675616 Win=2056 Len=0"
"6248","65.658577","ab.chatgpt.com","FioImma.local","TCP","4434","443  >  54679 [ACK] Seq=2675616 Ack=245066 Win=64 Len=4380 [TCP PDU reassembled in 6249]"
"6249","65.658577","ab.chatgpt.com","FioImma.local","TLSv1.2","1166","Application Data"
"6250","65.658577","ab.chatgpt.com","FioImma.local","TCP","2974","443  >  54679 [ACK] Seq=2681108 Ack=245066 Win=64 Len=2920 [TCP PDU reassembled in 6253]"
"6251","65.658676","FioImma.local","ab.chatgpt.com","TCP","54","54679  >  443 [ACK] Seq=245066 Ack=2684028 Win=2056 Len=0"
"6252","65.658762","ab.chatgpt.com","FioImma.local","TCP","1514","443  >  54679 [ACK] Seq=2684028 Ack=245066 Win=64 Len=1460 [TCP PDU reassembled in 6253]"
"6253","65.658762","ab.chatgpt.com","FioImma.local","TLSv1.2","1166","Application Data"
"6254","65.658762","ab.chatgpt.com","FioImma.local","TCP","1514","443  >  54679 [ACK] Seq=2686600 Ack=245066 Win=64 Len=1460 [TCP PDU reassembled in 6257]"
"6255","65.658801","FioImma.local","ab.chatgpt.com","TCP","54","54679  >  443 [ACK] Seq=245066 Ack=2688060 Win=2056 Len=0"
"6256","65.659056","ab.chatgpt.com","FioImma.local","TCP","5894","443  >  54679 [ACK] Seq=2688060 Ack=245066 Win=64 Len=5840 [TCP PDU reassembled in 6257]"
"6257","65.659056","ab.chatgpt.com","FioImma.local","TLSv1.2","977","Application Data"
"6258","65.659126","FioImma.local","ab.chatgpt.com","TCP","54","54679  >  443 [ACK] Seq=245066 Ack=2694823 Win=2056 Len=0"
"6259","65.659187","ab.chatgpt.com","FioImma.local","TCP","2974","443  >  54679 [ACK] Seq=2694823 Ack=245066 Win=64 Len=2920 [TCP PDU reassembled in 6262]"
"6260","65.659207","FioImma.local","ab.chatgpt.com","TCP","54","54679  >  443 [ACK] Seq=245066 Ack=2697743 Win=2056 Len=0"
"6261","65.662083","ab.chatgpt.com","FioImma.local","TCP","4434","443  >  54679 [ACK] Seq=2697743 Ack=245066 Win=64 Len=4380 [TCP PDU reassembled in 6262]"
"6262","65.662083","ab.chatgpt.com","FioImma.local","TLSv1.2","977","Application Data"
"6263","65.662083","ab.chatgpt.com","FioImma.local","TCP","10274","443  >  54679 [PSH, ACK] Seq=2703046 Ack=245066 Win=64 Len=10220 [TCP PDU reassembled in 6264]"
"6264","65.662083","ab.chatgpt.com","FioImma.local","TLSv1.2","795","Application Data"
"6265","65.662083","ab.chatgpt.com","FioImma.local","TCP","1514","443  >  54679 [ACK] Seq=2714007 Ack=245066 Win=64 Len=1460 [TCP PDU reassembled in 6268]"
"6266","65.662168","FioImma.local","ab.chatgpt.com","TCP","54","54679  >  443 [ACK] Seq=245066 Ack=2715467 Win=2056 Len=0"
"6267","65.662532","ab.chatgpt.com","FioImma.local","TCP","2974","443  >  54679 [ACK] Seq=2715467 Ack=245066 Win=64 Len=2920 [TCP PDU reassembled in 6268]"
"6268","65.662532","ab.chatgpt.com","FioImma.local","TLSv1.2","1166","Application Data"
"6269","65.662580","FioImma.local","ab.chatgpt.com","TCP","54","54679  >  443 [ACK] Seq=245066 Ack=2719499 Win=2056 Len=0"
"6270","65.663877","ab.chatgpt.com","FioImma.local","TCP","1514","443  >  54679 [ACK] Seq=2719499 Ack=245066 Win=64 Len=1460 [TCP PDU reassembled in 6272]"
"6271","65.681956","ab.chatgpt.com","FioImma.local","TCP","2974","443  >  54679 [ACK] Seq=2720959 Ack=245066 Win=64 Len=2920 [TCP PDU reassembled in 6272]"
"6272","65.681956","ab.chatgpt.com","FioImma.local","TLSv1.2","1166","Application Data"
"6273","65.681956","ab.chatgpt.com","FioImma.local","TCP","4434","443  >  54679 [ACK] Seq=2724991 Ack=245066 Win=64 Len=4380 [TCP PDU reassembled in 6274]"
"6274","65.681956","ab.chatgpt.com","FioImma.local","TLSv1.2","1166","Application Data"
"6275","65.681956","ab.chatgpt.com","FioImma.local","TCP","4434","443  >  54679 [ACK] Seq=2730483 Ack=245066 Win=64 Len=4380 [TCP PDU reassembled in 6276]"
"6276","65.681956","ab.chatgpt.com","FioImma.local","TLSv1.2","1198","Application Data"
"6277","65.681956","ab.chatgpt.com","FioImma.local","TCP","2974","443  >  54679 [ACK] Seq=2736007 Ack=245066 Win=64 Len=2920 [TCP PDU reassembled in 6280]"
"6278","65.682064","FioImma.local","ab.chatgpt.com","TCP","54","54679  >  443 [ACK] Seq=245066 Ack=2738927 Win=2056 Len=0"
"6279","65.682444","ab.chatgpt.com","FioImma.local","TCP","1514","443  >  54679 [ACK] Seq=2738927 Ack=245066 Win=64 Len=1460 [TCP PDU reassembled in 6280]"
"6280","65.682444","ab.chatgpt.com","FioImma.local","TLSv1.2","1198","Application Data"
"6281","65.682444","ab.chatgpt.com","FioImma.local","TCP","1514","443  >  54679 [ACK] Seq=2741531 Ack=245066 Win=64 Len=1460 [TCP PDU reassembled in 6284]"
"6282","65.682500","FioImma.local","ab.chatgpt.com","TCP","54","54679  >  443 [ACK] Seq=245066 Ack=2742991 Win=2056 Len=0"
"6283","65.702431","ab.chatgpt.com","FioImma.local","TCP","2974","443  >  54679 [ACK] Seq=2742991 Ack=245066 Win=64 Len=2920 [TCP PDU reassembled in 6284]"
"6284","65.702431","ab.chatgpt.com","FioImma.local","TLSv1.2","1198","Application Data"
"6285","65.702431","ab.chatgpt.com","FioImma.local","TCP","10274","443  >  54679 [PSH, ACK] Seq=2747055 Ack=245066 Win=64 Len=10220 [TCP PDU reassembled in 6286]"
"6286","65.702431","ab.chatgpt.com","FioImma.local","TLSv1.2","860","Application Data"
"6287","65.702431","ab.chatgpt.com","FioImma.local","TCP","4434","443  >  54679 [ACK] Seq=2758081 Ack=245066 Win=64 Len=4380 [TCP PDU reassembled in 6288]"
"6288","65.702431","ab.chatgpt.com","FioImma.local","TLSv1.2","1198","Application Data"
"6289","65.702596","FioImma.local","ab.chatgpt.com","TCP","54","54679  >  443 [ACK] Seq=245066 Ack=2763605 Win=2056 Len=0"
"6290","65.709558","ab.chatgpt.com","FioImma.local","TCP","1514","443  >  54679 [ACK] Seq=2763605 Ack=245066 Win=64 Len=1460 [TCP PDU reassembled in 6292]"
"6291","65.729439","ab.chatgpt.com","FioImma.local","TCP","2974","443  >  54679 [ACK] Seq=2765065 Ack=245066 Win=64 Len=2920 [TCP PDU reassembled in 6292]"
"6292","65.729439","ab.chatgpt.com","FioImma.local","TLSv1.2","1198","Application Data"
"6293","65.729538","FioImma.local","ab.chatgpt.com","TCP","54","54679  >  443 [ACK] Seq=245066 Ack=2769129 Win=2056 Len=0"
"6294","65.754475","ab.chatgpt.com","FioImma.local","TCP","4434","443  >  54679 [ACK] Seq=2769129 Ack=245066 Win=64 Len=4380 [TCP PDU reassembled in 6295]"
"6295","65.754475","ab.chatgpt.com","FioImma.local","TLSv1.2","1198","Application Data"
"6296","65.754475","ab.chatgpt.com","FioImma.local","TCP","4434","443  >  54679 [ACK] Seq=2774653 Ack=245066 Win=64 Len=4380 [TCP PDU reassembled in 6297]"
"6297","65.754475","ab.chatgpt.com","FioImma.local","TLSv1.2","1230","Application Data"
"6298","65.754475","ab.chatgpt.com","FioImma.local","TCP","2974","443  >  54679 [ACK] Seq=2780209 Ack=245066 Win=64 Len=2920 [TCP PDU reassembled in 6301]"
"6299","65.754645","FioImma.local","ab.chatgpt.com","TCP","54","54679  >  443 [ACK] Seq=245066 Ack=2783129 Win=2056 Len=0"
"6300","65.754815","ab.chatgpt.com","FioImma.local","TCP","1514","443  >  54679 [ACK] Seq=2783129 Ack=245066 Win=64 Len=1460 [TCP PDU reassembled in 6301]"
"6301","65.754815","ab.chatgpt.com","FioImma.local","TLSv1.2","1230","Application Data"
"6302","65.754837","FioImma.local","ab.chatgpt.com","TCP","54","54679  >  443 [ACK] Seq=245066 Ack=2785765 Win=2056 Len=0"
"6303","65.760241","ab.chatgpt.com","FioImma.local","TCP","1514","443  >  54679 [ACK] Seq=2785765 Ack=245066 Win=64 Len=1460 [TCP PDU reassembled in 6305]"
"6304","65.777875","ab.chatgpt.com","FioImma.local","TCP","2974","443  >  54679 [ACK] Seq=2787225 Ack=245066 Win=64 Len=2920 [TCP PDU reassembled in 6305]"
"6305","65.777875","ab.chatgpt.com","FioImma.local","TLSv1.2","1230","Application Data"
"6306","65.777875","ab.chatgpt.com","FioImma.local","TCP","4434","443  >  54679 [ACK] Seq=2791321 Ack=245066 Win=64 Len=4380 [TCP PDU reassembled in 6307]"
"6307","65.777875","ab.chatgpt.com","FioImma.local","TLSv1.2","1230","Application Data"
"6308","65.777875","ab.chatgpt.com","FioImma.local","TCP","4434","443  >  54679 [ACK] Seq=2796877 Ack=245066 Win=64 Len=4380 [TCP PDU reassembled in 6309]"
"6309","65.777875","ab.chatgpt.com","FioImma.local","TLSv1.2","1230","Application Data"
"6310","65.777875","ab.chatgpt.com","FioImma.local","TCP","4434","443  >  54679 [ACK] Seq=2802433 Ack=245066 Win=64 Len=4380 [TCP PDU reassembled in 6311]"
"6311","65.777875","ab.chatgpt.com","FioImma.local","TLSv1.2","1230","Application Data"
"6312","65.777875","ab.chatgpt.com","FioImma.local","TCP","1514","443  >  54679 [ACK] Seq=2807989 Ack=245066 Win=64 Len=1460 [TCP PDU reassembled in 6315]"
"6313","65.778087","FioImma.local","ab.chatgpt.com","TCP","54","54679  >  443 [ACK] Seq=245066 Ack=2809449 Win=2056 Len=0"
"6314","65.791655","ab.chatgpt.com","FioImma.local","TCP","2974","443  >  54679 [ACK] Seq=2809449 Ack=245066 Win=64 Len=2920 [TCP PDU reassembled in 6315]"
"6315","65.791655","ab.chatgpt.com","FioImma.local","TLSv1.2","1262","Application Data"
"6316","65.791655","ab.chatgpt.com","FioImma.local","TCP","4434","443  >  54679 [ACK] Seq=2813577 Ack=245066 Win=64 Len=4380 [TCP PDU reassembled in 6317]"
"6317","65.791655","ab.chatgpt.com","FioImma.local","TLSv1.2","1262","Application Data"
"6318","65.791655","ab.chatgpt.com","FioImma.local","TCP","2974","443  >  54679 [ACK] Seq=2819165 Ack=245066 Win=64 Len=2920 [TCP PDU reassembled in 6321]"
"6319","65.791734","FioImma.local","ab.chatgpt.com","TCP","54","54679  >  443 [ACK] Seq=245066 Ack=2822085 Win=2056 Len=0"
"6320","65.791796","ab.chatgpt.com","FioImma.local","TCP","1514","443  >  54679 [ACK] Seq=2822085 Ack=245066 Win=64 Len=1460 [TCP PDU reassembled in 6321]"
"6321","65.791796","ab.chatgpt.com","FioImma.local","TLSv1.2","1262","Application Data"
"6322","65.791796","ab.chatgpt.com","FioImma.local","TCP","2974","443  >  54679 [ACK] Seq=2824753 Ack=245066 Win=64 Len=2920 [TCP PDU reassembled in 6325]"
"6323","65.791815","FioImma.local","ab.chatgpt.com","TCP","54","54679  >  443 [ACK] Seq=245066 Ack=2827673 Win=2056 Len=0"
"6324","65.792027","ab.chatgpt.com","FioImma.local","TCP","1514","443  >  54679 [ACK] Seq=2827673 Ack=245066 Win=64 Len=1460 [TCP PDU reassembled in 6325]"
"6325","65.792027","ab.chatgpt.com","FioImma.local","TLSv1.2","1262","Application Data"
"6326","65.792027","ab.chatgpt.com","FioImma.local","TCP","1514","443  >  54679 [ACK] Seq=2830341 Ack=245066 Win=64 Len=1460 [TCP PDU reassembled in 6329]"
"6327","65.792086","FioImma.local","ab.chatgpt.com","TCP","54","54679  >  443 [ACK] Seq=245066 Ack=2831801 Win=2056 Len=0"
"6328","65.811449","ab.chatgpt.com","FioImma.local","TCP","2974","443  >  54679 [ACK] Seq=2831801 Ack=245066 Win=64 Len=2920 [TCP PDU reassembled in 6329]"
"6329","65.811449","ab.chatgpt.com","FioImma.local","TLSv1.2","1262","Application Data"
"6330","65.811449","ab.chatgpt.com","FioImma.local","TCP","4434","443  >  54679 [ACK] Seq=2835929 Ack=245066 Win=64 Len=4380 [TCP PDU reassembled in 6331]"
"6331","65.811449","ab.chatgpt.com","FioImma.local","TLSv1.2","1262","Application Data"
"6332","65.811519","FioImma.local","ab.chatgpt.com","TCP","54","54679  >  443 [ACK] Seq=245066 Ack=2841517 Win=2056 Len=0"
"6333","65.811567","ab.chatgpt.com","FioImma.local","TCP","4434","443  >  54679 [ACK] Seq=2841517 Ack=245066 Win=64 Len=4380 [TCP PDU reassembled in 6334]"
"6334","65.811567","ab.chatgpt.com","FioImma.local","TLSv1.2","1262","Application Data"
"6335","65.811583","FioImma.local","ab.chatgpt.com","TCP","54","54679  >  443 [ACK] Seq=245066 Ack=2847105 Win=2056 Len=0"
"6336","65.817053","ab.chatgpt.com","FioImma.local","TCP","1514","443  >  54679 [ACK] Seq=2847105 Ack=245066 Win=64 Len=1460 [TCP PDU reassembled in 6338]"
"6337","65.824178","ab.chatgpt.com","FioImma.local","TCP","5894","443  >  54679 [ACK] Seq=2848565 Ack=245066 Win=64 Len=5840 [TCP PDU reassembled in 6338]"
"6338","65.824178","ab.chatgpt.com","FioImma.local","TLSv1.2","977","Application Data"
"6339","65.824178","ab.chatgpt.com","FioImma.local","TCP","1514","443  >  54679 [ACK] Seq=2855328 Ack=245066 Win=64 Len=1460 [TCP PDU reassembled in 6342]"
"6340","65.824273","FioImma.local","ab.chatgpt.com","TCP","54","54679  >  443 [ACK] Seq=245066 Ack=2856788 Win=2056 Len=0"
"6341","65.824380","ab.chatgpt.com","FioImma.local","TCP","5894","443  >  54679 [ACK] Seq=2856788 Ack=245066 Win=64 Len=5840 [TCP PDU reassembled in 6342]"
"6342","65.824380","ab.chatgpt.com","FioImma.local","TLSv1.2","1273","Application Data"
"6343","65.824380","ab.chatgpt.com","FioImma.local","TCP","2974","443  >  54679 [ACK] Seq=2863847 Ack=245066 Win=64 Len=2920 [TCP PDU reassembled in 6346]"
"6344","65.824438","FioImma.local","ab.chatgpt.com","TCP","54","54679  >  443 [ACK] Seq=245066 Ack=2866767 Win=2056 Len=0"
"6345","65.824651","ab.chatgpt.com","FioImma.local","TCP","1514","443  >  54679 [ACK] Seq=2866767 Ack=245066 Win=64 Len=1460 [TCP PDU reassembled in 6346]"
"6346","65.824651","ab.chatgpt.com","FioImma.local","TLSv1.2","1294","Application Data"
"6347","65.824651","ab.chatgpt.com","FioImma.local","TCP","1514","443  >  54679 [ACK] Seq=2869467 Ack=245066 Win=64 Len=1460 [TCP PDU reassembled in 6350]"
"6348","65.824686","FioImma.local","ab.chatgpt.com","TCP","54","54679  >  443 [ACK] Seq=245066 Ack=2870927 Win=2056 Len=0"
"6349","65.851449","ab.chatgpt.com","FioImma.local","TCP","2974","443  >  54679 [ACK] Seq=2870927 Ack=245066 Win=64 Len=2920 [TCP PDU reassembled in 6350]"
"6350","65.851449","ab.chatgpt.com","FioImma.local","TLSv1.2","1294","Application Data"
"6351","65.851449","ab.chatgpt.com","FioImma.local","TCP","4434","443  >  54679 [ACK] Seq=2875087 Ack=245066 Win=64 Len=4380 [TCP PDU reassembled in 6352]"
"6352","65.851449","ab.chatgpt.com","FioImma.local","TLSv1.2","1294","Application Data"
"6353","65.851449","ab.chatgpt.com","FioImma.local","TCP","4434","443  >  54679 [ACK] Seq=2880707 Ack=245066 Win=64 Len=4380 [TCP PDU reassembled in 6354]"
"6354","65.851449","ab.chatgpt.com","FioImma.local","TLSv1.2","1294","Application Data"
"6355","65.851449","ab.chatgpt.com","FioImma.local","TCP","4434","443  >  54679 [ACK] Seq=2886327 Ack=245066 Win=64 Len=4380 [TCP PDU reassembled in 6356]"
"6356","65.851449","ab.chatgpt.com","FioImma.local","TLSv1.2","1294","Application Data"
"6357","65.851604","FioImma.local","ab.chatgpt.com","TCP","54","54679  >  443 [ACK] Seq=245066 Ack=2891947 Win=2056 Len=0"
"6358","65.860991","ab.chatgpt.com","FioImma.local","TCP","4434","443  >  54679 [ACK] Seq=2891947 Ack=245066 Win=64 Len=4380 [TCP PDU reassembled in 6359]"
"6359","65.860991","ab.chatgpt.com","FioImma.local","TLSv1.2","1294","Application Data"
"6360","65.860991","ab.chatgpt.com","FioImma.local","TCP","2974","443  >  54679 [ACK] Seq=2897567 Ack=245066 Win=64 Len=2920 [TCP PDU reassembled in 6363]"
"6361","65.861082","FioImma.local","ab.chatgpt.com","TCP","54","54679  >  443 [ACK] Seq=245066 Ack=2900487 Win=2056 Len=0"
"6362","65.861191","ab.chatgpt.com","FioImma.local","TCP","1514","443  >  54679 [ACK] Seq=2900487 Ack=245066 Win=64 Len=1460 [TCP PDU reassembled in 6363]"
"6363","65.861191","ab.chatgpt.com","FioImma.local","TLSv1.2","1294","Application Data"
"6364","65.861191","ab.chatgpt.com","FioImma.local","TCP","4434","443  >  54679 [ACK] Seq=2903187 Ack=245066 Win=64 Len=4380 [TCP PDU reassembled in 6365]"
"6365","65.861191","ab.chatgpt.com","FioImma.local","TLSv1.2","1294","Application Data"
"6366","65.861191","ab.chatgpt.com","FioImma.local","TCP","1514","443  >  54679 [ACK] Seq=2908807 Ack=245066 Win=64 Len=1460 [TCP PDU reassembled in 6369]"
"6367","65.861258","FioImma.local","ab.chatgpt.com","TCP","54","54679  >  443 [ACK] Seq=245066 Ack=2910267 Win=2056 Len=0"
"6368","65.861566","ab.chatgpt.com","FioImma.local","TCP","2974","443  >  54679 [ACK] Seq=2910267 Ack=245066 Win=64 Len=2920 [TCP PDU reassembled in 6369]"
"6369","65.861566","ab.chatgpt.com","FioImma.local","TLSv1.2","1326","Application Data"
"6370","65.861589","FioImma.local","ab.chatgpt.com","TCP","54","54679  >  443 [ACK] Seq=245066 Ack=2914459 Win=2056 Len=0"
"6371","65.866521","ab.chatgpt.com","FioImma.local","TCP","1514","443  >  54679 [ACK] Seq=2914459 Ack=245066 Win=64 Len=1460 [TCP PDU reassembled in 6373]"
"6372","65.884005","ab.chatgpt.com","FioImma.local","TCP","2974","443  >  54679 [ACK] Seq=2915919 Ack=245066 Win=64 Len=2920 [TCP PDU reassembled in 6373]"
"6373","65.884005","ab.chatgpt.com","FioImma.local","TLSv1.2","1326","Application Data"
"6374","65.884005","ab.chatgpt.com","FioImma.local","TCP","4434","443  >  54679 [ACK] Seq=2920111 Ack=245066 Win=64 Len=4380 [TCP PDU reassembled in 6375]"
"6375","65.884005","ab.chatgpt.com","FioImma.local","TLSv1.2","1326","Application Data"
"6376","65.884005","ab.chatgpt.com","FioImma.local","TCP","4434","443  >  54679 [ACK] Seq=2925763 Ack=245066 Win=64 Len=4380 [TCP PDU reassembled in 6381]"
"6377","65.884122","FioImma.local","ab.chatgpt.com","TCP","54","54679  >  443 [ACK] Seq=245066 Ack=2930143 Win=2056 Len=0"
"6378","65.884208","ab.chatgpt.com","FioImma.local","TCP","4434","443  >  54679 [ACK] Seq=2930143 Ack=245066 Win=64 Len=4380 [TCP PDU reassembled in 6381]"
"6379","65.884230","FioImma.local","ab.chatgpt.com","TCP","54","54679  >  443 [ACK] Seq=245066 Ack=2934523 Win=2056 Len=0"
"6380","65.884418","ab.chatgpt.com","FioImma.local","TCP","1514","443  >  54679 [PSH, ACK] Seq=2934523 Ack=245066 Win=64 Len=1460 [TCP PDU reassembled in 6381]"
"6381","65.884418","ab.chatgpt.com","FioImma.local","TLSv1.2","1116","Application Data"
"6382","65.884418","ab.chatgpt.com","FioImma.local","TCP","1514","443  >  54679 [ACK] Seq=2937045 Ack=245066 Win=64 Len=1460 [TCP PDU reassembled in 6388]"
"6383","65.884445","FioImma.local","ab.chatgpt.com","TCP","54","54679  >  443 [ACK] Seq=245066 Ack=2938505 Win=2056 Len=0"
"6384","65.896797","FioImma.local","cdn.oaistatic.com","TLSv1.3","199","Application Data"
"6385","65.896858","FioImma.local","cdn.oaistatic.com","TLSv1.3","156","Application Data"
"6386","65.896874","FioImma.local","cdn.oaistatic.com","TLSv1.3","93","Application Data"
"6387","65.903952","ab.chatgpt.com","FioImma.local","TCP","2974","443  >  54679 [ACK] Seq=2938505 Ack=245066 Win=64 Len=2920 [TCP PDU reassembled in 6388]"
"6388","65.903952","ab.chatgpt.com","FioImma.local","TLSv1.2","1326","Application Data"
"6389","65.903952","ab.chatgpt.com","FioImma.local","TCP","4434","443  >  54679 [ACK] Seq=2942697 Ack=245066 Win=64 Len=4380 [TCP PDU reassembled in 6391]"
"6390","65.904015","FioImma.local","ab.chatgpt.com","TCP","54","54679  >  443 [ACK] Seq=245066 Ack=2947077 Win=2056 Len=0"
"6391","65.904231","ab.chatgpt.com","FioImma.local","TLSv1.2","1326","Application Data"
"6392","65.904231","ab.chatgpt.com","FioImma.local","TCP","1514","443  >  54679 [ACK] Seq=2948349 Ack=245066 Win=64 Len=1460 [TCP PDU reassembled in 6393]"
"6393","65.904231","ab.chatgpt.com","FioImma.local","TLSv1.2","1415","Application Data"
"6394","65.904273","FioImma.local","ab.chatgpt.com","TCP","54","54679  >  443 [ACK] Seq=245066 Ack=2951170 Win=2056 Len=0"
"6395","65.904366","ab.chatgpt.com","FioImma.local","TCP","1514","443  >  54679 [ACK] Seq=2951170 Ack=245066 Win=64 Len=1460 [TCP PDU reassembled in 6396]"
"6396","65.904366","ab.chatgpt.com","FioImma.local","TLSv1.2","1488","Application Data"
"6397","65.904366","ab.chatgpt.com","FioImma.local","TCP","1514","443  >  54679 [ACK] Seq=2954064 Ack=245066 Win=64 Len=1460 [TCP PDU reassembled in 6401]"
"6398","65.904386","FioImma.local","ab.chatgpt.com","TCP","54","54679  >  443 [ACK] Seq=245066 Ack=2955524 Win=2056 Len=0"
"6399","65.904513","ab.chatgpt.com","FioImma.local","TCP","2974","443  >  54679 [ACK] Seq=2955524 Ack=245066 Win=64 Len=2920 [TCP PDU reassembled in 6401]"
"6400","65.904550","FioImma.local","ab.chatgpt.com","TCP","54","54679  >  443 [ACK] Seq=245066 Ack=2958444 Win=2056 Len=0"
"6401","65.904589","ab.chatgpt.com","FioImma.local","TLSv1.2","1358","Application Data"
"6402","65.904600","FioImma.local","ab.chatgpt.com","TCP","54","54679  >  443 [ACK] Seq=245066 Ack=2959748 Win=2051 Len=0"
"6403","65.925140","ab.chatgpt.com","FioImma.local","TCP","4434","443  >  54679 [ACK] Seq=2959748 Ack=245066 Win=64 Len=4380 [TCP PDU reassembled in 6404]"
"6404","65.925140","ab.chatgpt.com","FioImma.local","TLSv1.2","1358","Application Data"
"6405","65.925242","FioImma.local","ab.chatgpt.com","TCP","54","54679  >  443 [ACK] Seq=245066 Ack=2965432 Win=2056 Len=0"
"6406","65.928246","cdn.oaistatic.com","FioImma.local","TCP","60","443  >  54862 [ACK] Seq=3199 Ack=2985 Win=81920 Len=0"
"6407","65.928246","cdn.oaistatic.com","FioImma.local","TLSv1.3","93","Application Data"
"6408","65.928246","cdn.oaistatic.com","FioImma.local","TLSv1.3","550","Application Data"
"6409","65.928246","cdn.oaistatic.com","FioImma.local","TLSv1.3","501","Application Data"
"6410","65.928324","FioImma.local","cdn.oaistatic.com","TCP","54","54862  >  443 [ACK] Seq=2985 Ack=4181 Win=131584 Len=0"
"6411","65.970225","ab.chatgpt.com","FioImma.local","TCP","4434","443  >  54679 [ACK] Seq=2965432 Ack=245066 Win=64 Len=4380 [TCP PDU reassembled in 6412]"
"6412","65.970225","ab.chatgpt.com","FioImma.local","TLSv1.2","1358","Application Data"
"6413","65.970368","FioImma.local","ab.chatgpt.com","TCP","54","54679  >  443 [ACK] Seq=245066 Ack=2971116 Win=2056 Len=0"
"6414","65.999402","ab.chatgpt.com","FioImma.local","TCP","4434","443  >  54679 [ACK] Seq=2971116 Ack=245066 Win=64 Len=4380 [TCP PDU reassembled in 6415]"
"6415","65.999402","ab.chatgpt.com","FioImma.local","TLSv1.2","1390","Application Data"
"6416","65.999461","FioImma.local","ab.chatgpt.com","TCP","54","54679  >  443 [ACK] Seq=245066 Ack=2976832 Win=2056 Len=0"
"6417","65.999504","ab.chatgpt.com","FioImma.local","TCP","2974","443  >  54679 [ACK] Seq=2976832 Ack=245066 Win=64 Len=2920 [TCP PDU reassembled in 6420]"
"6418","65.999517","FioImma.local","ab.chatgpt.com","TCP","54","54679  >  443 [ACK] Seq=245066 Ack=2979752 Win=2056 Len=0"
"6419","65.999873","ab.chatgpt.com","FioImma.local","TCP","1514","443  >  54679 [ACK] Seq=2979752 Ack=245066 Win=64 Len=1460 [TCP PDU reassembled in 6420]"
"6420","65.999873","ab.chatgpt.com","FioImma.local","TLSv1.2","1390","Application Data"
"6421","65.999873","ab.chatgpt.com","FioImma.local","TCP","4434","443  >  54679 [ACK] Seq=2982548 Ack=245066 Win=64 Len=4380 [TCP PDU reassembled in 6422]"
"6422","65.999873","ab.chatgpt.com","FioImma.local","TLSv1.2","1390","Application Data"
"6423","65.999903","FioImma.local","ab.chatgpt.com","TCP","54","54679  >  443 [ACK] Seq=245066 Ack=2988264 Win=2056 Len=0"
"6424","66.012704","ab.chatgpt.com","FioImma.local","TCP","1514","443  >  54679 [ACK] Seq=2988264 Ack=245066 Win=64 Len=1460 [TCP PDU reassembled in 6426]"
"6425","66.032525","ab.chatgpt.com","FioImma.local","TCP","2974","443  >  54679 [ACK] Seq=2989724 Ack=245066 Win=64 Len=2920 [TCP PDU reassembled in 6426]"
"6426","66.032525","ab.chatgpt.com","FioImma.local","TLSv1.2","1390","Application Data"
"6427","66.032587","FioImma.local","ab.chatgpt.com","TCP","54","54679  >  443 [ACK] Seq=245066 Ack=2993980 Win=2056 Len=0"
"6428","66.032641","ab.chatgpt.com","FioImma.local","TCP","4434","443  >  54679 [ACK] Seq=2993980 Ack=245066 Win=64 Len=4380 [TCP PDU reassembled in 6430]"
"6429","66.032668","FioImma.local","ab.chatgpt.com","TCP","54","54679  >  443 [ACK] Seq=245066 Ack=2998360 Win=2056 Len=0"
"6430","66.032871","ab.chatgpt.com","FioImma.local","TLSv1.2","1390","Application Data"
"6431","66.032871","ab.chatgpt.com","FioImma.local","TCP","2974","443  >  54679 [ACK] Seq=2999696 Ack=245066 Win=64 Len=2920 [TCP PDU reassembled in 6437]"
"6432","66.032916","FioImma.local","ab.chatgpt.com","TCP","54","54679  >  443 [ACK] Seq=245066 Ack=3002616 Win=2056 Len=0"
"6433","66.032951","ab.chatgpt.com","FioImma.local","TCP","4434","443  >  54679 [ACK] Seq=3002616 Ack=245066 Win=64 Len=4380 [TCP PDU reassembled in 6437]"
"6434","66.032966","FioImma.local","ab.chatgpt.com","TCP","54","54679  >  443 [ACK] Seq=245066 Ack=3006996 Win=2056 Len=0"
"6435","66.033144","ab.chatgpt.com","FioImma.local","TCP","2974","443  >  54679 [PSH, ACK] Seq=3006996 Ack=245066 Win=64 Len=2920 [TCP PDU reassembled in 6437]"
"6436","66.033168","FioImma.local","ab.chatgpt.com","TCP","54","54679  >  443 [ACK] Seq=245066 Ack=3009916 Win=2056 Len=0"
"6437","66.033193","ab.chatgpt.com","FioImma.local","TLSv1.2","1244","Application Data"
"6438","66.033201","FioImma.local","ab.chatgpt.com","TCP","54","54679  >  443 [ACK] Seq=245066 Ack=3011106 Win=2051 Len=0"
"6439","66.034392","ab.chatgpt.com","FioImma.local","TCP","1514","443  >  54679 [ACK] Seq=3011106 Ack=245066 Win=64 Len=1460 [TCP PDU reassembled in 6441]"
"6440","66.054347","ab.chatgpt.com","FioImma.local","TCP","2974","443  >  54679 [ACK] Seq=3012566 Ack=245066 Win=64 Len=2920 [TCP PDU reassembled in 6441]"
"6441","66.054347","ab.chatgpt.com","FioImma.local","TLSv1.2","1390","Application Data"
"6442","66.054415","FioImma.local","ab.chatgpt.com","TCP","54","54679  >  443 [ACK] Seq=245066 Ack=3016822 Win=2056 Len=0"
"6443","66.054528","ab.chatgpt.com","FioImma.local","TCP","4434","443  >  54679 [ACK] Seq=3016822 Ack=245066 Win=64 Len=4380 [TCP PDU reassembled in 6445]"
"6444","66.054547","FioImma.local","ab.chatgpt.com","TCP","54","54679  >  443 [ACK] Seq=245066 Ack=3021202 Win=2056 Len=0"
"6445","66.054660","ab.chatgpt.com","FioImma.local","TLSv1.2","1390","Application Data"
"6446","66.054660","ab.chatgpt.com","FioImma.local","TCP","2974","443  >  54679 [ACK] Seq=3022538 Ack=245066 Win=64 Len=2920 [TCP PDU reassembled in 6449]"
"6447","66.054682","FioImma.local","ab.chatgpt.com","TCP","54","54679  >  443 [ACK] Seq=245066 Ack=3025458 Win=2056 Len=0"
"6448","66.054892","ab.chatgpt.com","FioImma.local","TCP","1514","443  >  54679 [ACK] Seq=3025458 Ack=245066 Win=64 Len=1460 [TCP PDU reassembled in 6449]"
"6449","66.054892","ab.chatgpt.com","FioImma.local","TLSv1.2","1390","Application Data"
"6450","66.054892","ab.chatgpt.com","FioImma.local","TCP","1514","443  >  54679 [ACK] Seq=3028254 Ack=245066 Win=64 Len=1460 [TCP PDU reassembled in 6453]"
"6451","66.054924","FioImma.local","ab.chatgpt.com","TCP","54","54679  >  443 [ACK] Seq=245066 Ack=3029714 Win=2056 Len=0"
"6452","66.055041","ab.chatgpt.com","FioImma.local","TCP","2974","443  >  54679 [ACK] Seq=3029714 Ack=245066 Win=64 Len=2920 [TCP PDU reassembled in 6453]"
"6453","66.055041","ab.chatgpt.com","FioImma.local","TLSv1.2","1422","Application Data"
"6454","66.055061","FioImma.local","ab.chatgpt.com","TCP","54","54679  >  443 [ACK] Seq=245066 Ack=3034002 Win=2056 Len=0"
"6455","66.058947","ab.chatgpt.com","FioImma.local","TCP","1514","443  >  54679 [ACK] Seq=3034002 Ack=245066 Win=64 Len=1460 [TCP PDU reassembled in 6457]"
"6456","66.083873","ab.chatgpt.com","FioImma.local","TCP","2974","443  >  54679 [ACK] Seq=3035462 Ack=245066 Win=64 Len=2920 [TCP PDU reassembled in 6457]"
"6457","66.083873","ab.chatgpt.com","FioImma.local","TLSv1.2","1422","Application Data"
"6458","66.083941","FioImma.local","ab.chatgpt.com","TCP","54","54679  >  443 [ACK] Seq=245066 Ack=3039750 Win=2056 Len=0"
"6459","66.106517","ab.chatgpt.com","FioImma.local","TCP","4434","443  >  54679 [ACK] Seq=3039750 Ack=245066 Win=64 Len=4380 [TCP PDU reassembled in 6460]"
"6460","66.106517","ab.chatgpt.com","FioImma.local","TLSv1.2","1422","Application Data"
"6461","66.106517","ab.chatgpt.com","FioImma.local","TCP","4434","443  >  54679 [ACK] Seq=3045498 Ack=245066 Win=64 Len=4380 [TCP PDU reassembled in 6462]"
"6462","66.106517","ab.chatgpt.com","FioImma.local","TLSv1.2","1422","Application Data"
"6463","66.106625","FioImma.local","ab.chatgpt.com","TCP","54","54679  >  443 [ACK] Seq=245066 Ack=3051246 Win=2056 Len=0"
"6464","66.107593","ab.chatgpt.com","FioImma.local","TCP","1514","443  >  54679 [ACK] Seq=3051246 Ack=245066 Win=64 Len=1460 [TCP PDU reassembled in 6466]"
"6465","66.127989","ab.chatgpt.com","FioImma.local","TCP","2974","443  >  54679 [ACK] Seq=3052706 Ack=245066 Win=64 Len=2920 [TCP PDU reassembled in 6466]"
"6466","66.127989","ab.chatgpt.com","FioImma.local","TLSv1.2","1422","Application Data"
"6467","66.127989","ab.chatgpt.com","FioImma.local","TCP","4434","443  >  54679 [ACK] Seq=3056994 Ack=245066 Win=64 Len=4380 [TCP PDU reassembled in 6468]"
"6468","66.127989","ab.chatgpt.com","FioImma.local","TLSv1.2","1422","Application Data"
"6469","66.128073","FioImma.local","ab.chatgpt.com","TCP","54","54679  >  443 [ACK] Seq=245066 Ack=3062742 Win=2056 Len=0"
"6470","66.149199","ab.chatgpt.com","FioImma.local","TCP","4434","443  >  54679 [ACK] Seq=3062742 Ack=245066 Win=64 Len=4380 [TCP PDU reassembled in 6471]"
"6471","66.149199","ab.chatgpt.com","FioImma.local","TLSv1.2","1422","Application Data"
"6472","66.149199","ab.chatgpt.com","FioImma.local","TCP","4434","443  >  54679 [ACK] Seq=3068490 Ack=245066 Win=64 Len=4380 [TCP PDU reassembled in 6473]"
"6473","66.149199","ab.chatgpt.com","FioImma.local","TLSv1.2","1422","Application Data"
"6474","66.149306","FioImma.local","ab.chatgpt.com","TCP","54","54679  >  443 [ACK] Seq=245066 Ack=3074238 Win=2056 Len=0"
"6475","66.149395","ab.chatgpt.com","FioImma.local","TCP","4434","443  >  54679 [ACK] Seq=3074238 Ack=245066 Win=64 Len=4380 [TCP PDU reassembled in 6476]"
"6476","66.149395","ab.chatgpt.com","FioImma.local","TLSv1.2","1454","Application Data"
"6477","66.149421","FioImma.local","ab.chatgpt.com","TCP","54","54679  >  443 [ACK] Seq=245066 Ack=3080018 Win=2056 Len=0"
"6478","66.151110","ab.chatgpt.com","FioImma.local","TCP","1514","443  >  54679 [ACK] Seq=3080018 Ack=245066 Win=64 Len=1460 [TCP PDU reassembled in 6480]"
"6479","66.171630","ab.chatgpt.com","FioImma.local","TCP","2974","443  >  54679 [ACK] Seq=3081478 Ack=245066 Win=64 Len=2920 [TCP PDU reassembled in 6480]"
"6480","66.171630","ab.chatgpt.com","FioImma.local","TLSv1.2","1454","Application Data"
"6481","66.171630","ab.chatgpt.com","FioImma.local","TCP","4434","443  >  54679 [ACK] Seq=3085798 Ack=245066 Win=64 Len=4380 [TCP PDU reassembled in 6482]"
"6482","66.171630","ab.chatgpt.com","FioImma.local","TLSv1.2","1454","Application Data"
"6483","66.171630","ab.chatgpt.com","FioImma.local","TCP","1514","443  >  54679 [ACK] Seq=3091578 Ack=245066 Win=64 Len=1460 [TCP PDU reassembled in 6486]"
"6484","66.171720","FioImma.local","ab.chatgpt.com","TCP","54","54679  >  443 [ACK] Seq=245066 Ack=3093038 Win=2056 Len=0"
"6485","66.171803","ab.chatgpt.com","FioImma.local","TCP","2974","443  >  54679 [ACK] Seq=3093038 Ack=245066 Win=64 Len=2920 [TCP PDU reassembled in 6486]"
"6486","66.171803","ab.chatgpt.com","FioImma.local","TLSv1.2","1454","Application Data"
"6487","66.171829","FioImma.local","ab.chatgpt.com","TCP","54","54679  >  443 [ACK] Seq=245066 Ack=3097358 Win=2056 Len=0"
"6488","66.175420","ab.chatgpt.com","FioImma.local","TCP","1514","443  >  54679 [ACK] Seq=3097358 Ack=245066 Win=64 Len=1460 [TCP PDU reassembled in 6490]"
"6489","66.195615","ab.chatgpt.com","FioImma.local","TCP","2974","443  >  54679 [ACK] Seq=3098818 Ack=245066 Win=64 Len=2920 [TCP PDU reassembled in 6490]"
"6490","66.195615","ab.chatgpt.com","FioImma.local","TLSv1.2","1454","Application Data"
"6491","66.195615","ab.chatgpt.com","FioImma.local","TCP","2974","443  >  54679 [ACK] Seq=3103138 Ack=245066 Win=64 Len=2920 [TCP PDU reassembled in 6494]"
"6492","66.195672","FioImma.local","ab.chatgpt.com","TCP","54","54679  >  443 [ACK] Seq=245066 Ack=3106058 Win=2056 Len=0"
"6493","66.196003","ab.chatgpt.com","FioImma.local","TCP","1514","443  >  54679 [ACK] Seq=3106058 Ack=245066 Win=64 Len=1460 [TCP PDU reassembled in 6494]"
"6494","66.196003","ab.chatgpt.com","FioImma.local","TLSv1.2","1443","Application Data"
"6495","66.196003","ab.chatgpt.com","FioImma.local","TCP","2974","443  >  54679 [ACK] Seq=3108907 Ack=245066 Win=64 Len=2920 [TCP PDU reassembled in 6497]"
"6496","66.196003","ab.chatgpt.com","FioImma.local","TCP","1514","443  >  54679 [ACK] Seq=3111827 Ack=245066 Win=64 Len=1460 [TCP PDU reassembled in 6497]"
"6497","66.196003","ab.chatgpt.com","FioImma.local","TLSv1.2","1486","Application Data"
"6498","66.196003","ab.chatgpt.com","FioImma.local","TCP","1514","443  >  54679 [ACK] Seq=3114719 Ack=245066 Win=64 Len=1460 [TCP PDU reassembled in 6502]"
"6499","66.196050","FioImma.local","ab.chatgpt.com","TCP","54","54679  >  443 [ACK] Seq=245066 Ack=3116179 Win=2056 Len=0"
"6500","66.196095","ab.chatgpt.com","FioImma.local","TCP","1514","443  >  54679 [ACK] Seq=3116179 Ack=245066 Win=64 Len=1460 [TCP PDU reassembled in 6502]"
"6501","66.196095","ab.chatgpt.com","FioImma.local","TCP","1514","443  >  54679 [ACK] Seq=3117639 Ack=245066 Win=64 Len=1460 [TCP PDU reassembled in 6502]"
"6502","66.196095","ab.chatgpt.com","FioImma.local","TLSv1.2","1486","Application Data"
"6503","66.196114","FioImma.local","ab.chatgpt.com","TCP","54","54679  >  443 [ACK] Seq=245066 Ack=3120531 Win=2056 Len=0"
"6504","66.198234","ab.chatgpt.com","FioImma.local","TCP","1514","443  >  54679 [ACK] Seq=3120531 Ack=245066 Win=64 Len=1460 [TCP PDU reassembled in 6506]"
"6505","66.217811","ab.chatgpt.com","FioImma.local","TCP","2974","443  >  54679 [ACK] Seq=3121991 Ack=245066 Win=64 Len=2920 [TCP PDU reassembled in 6506]"
"6506","66.217811","ab.chatgpt.com","FioImma.local","TLSv1.2","1486","Application Data"
"6507","66.217811","ab.chatgpt.com","FioImma.local","TCP","4434","443  >  54679 [ACK] Seq=3126343 Ack=245066 Win=64 Len=4380 [TCP PDU reassembled in 6509]"
"6508","66.217892","FioImma.local","ab.chatgpt.com","TCP","54","54679  >  443 [ACK] Seq=245066 Ack=3130723 Win=2056 Len=0"
"6509","66.218160","ab.chatgpt.com","FioImma.local","TLSv1.2","1486","Application Data"
"6510","66.218160","ab.chatgpt.com","FioImma.local","TCP","4434","443  >  54679 [ACK] Seq=3132155 Ack=245066 Win=64 Len=4380 [TCP PDU reassembled in 6511]"
"6511","66.218160","ab.chatgpt.com","FioImma.local","TLSv1.2","1486","Application Data"
"6512","66.218160","ab.chatgpt.com","FioImma.local","TCP","1514","443  >  54679 [ACK] Seq=3137967 Ack=245066 Win=64 Len=1460 [TCP PDU reassembled in 6515]"
"6513","66.218241","FioImma.local","ab.chatgpt.com","TCP","54","54679  >  443 [ACK] Seq=245066 Ack=3139427 Win=2056 Len=0"
"6514","66.218385","ab.chatgpt.com","FioImma.local","TCP","2974","443  >  54679 [ACK] Seq=3139427 Ack=245066 Win=64 Len=2920 [TCP PDU reassembled in 6515]"
"6515","66.218385","ab.chatgpt.com","FioImma.local","TLSv1.2","1486","Application Data"
"6516","66.218426","FioImma.local","ab.chatgpt.com","TCP","54","54679  >  443 [ACK] Seq=245066 Ack=3143779 Win=2056 Len=0"
"6517","66.218478","ab.chatgpt.com","FioImma.local","TCP","1514","443  >  54679 [ACK] Seq=3143779 Ack=245066 Win=64 Len=1460 [TCP PDU reassembled in 6519]"
"6518","66.234549","ab.chatgpt.com","FioImma.local","TCP","2974","443  >  54679 [ACK] Seq=3145239 Ack=245066 Win=64 Len=2920 [TCP PDU reassembled in 6519]"
"6519","66.234549","ab.chatgpt.com","FioImma.local","TLSv1.2","1486","Application Data"
"6520","66.234549","ab.chatgpt.com","FioImma.local","TCP","2974","443  >  54679 [ACK] Seq=3149591 Ack=245066 Win=64 Len=2920 [TCP PDU reassembled in 6523]"
"6521","66.234648","FioImma.local","ab.chatgpt.com","TCP","54","54679  >  443 [ACK] Seq=245066 Ack=3152511 Win=2056 Len=0"
"6522","66.234713","ab.chatgpt.com","FioImma.local","TCP","1514","443  >  54679 [ACK] Seq=3152511 Ack=245066 Win=64 Len=1460 [TCP PDU reassembled in 6523]"
"6523","66.235235","ab.chatgpt.com","FioImma.local","TLSv1.2","1486","Application Data"
"6524","66.235235","ab.chatgpt.com","FioImma.local","TCP","5894","443  >  54679 [ACK] Seq=3155403 Ack=245066 Win=64 Len=5840 [TCP PDU reassembled in 6525]"
"6525","66.235235","ab.chatgpt.com","FioImma.local","TLSv1.2","60","Application Data"
"6526","66.235235","ab.chatgpt.com","FioImma.local","TCP","5894","443  >  54679 [ACK] Seq=3161247 Ack=245066 Win=64 Len=5840 [TCP PDU reassembled in 6531]"
"6527","66.235303","FioImma.local","ab.chatgpt.com","TCP","54","54679  >  443 [ACK] Seq=245066 Ack=3167087 Win=2056 Len=0"
"6528","66.253938","FioImma.local","maa03s41-in-f14.1e100.net","TCP","1466","54642  >  443 [ACK] Seq=22305 Ack=2536 Win=512 Len=1412 [TCP PDU reassembled in 6530]"
"6529","66.253938","FioImma.local","maa03s41-in-f14.1e100.net","TCP","1466","54642  >  443 [ACK] Seq=23717 Ack=2536 Win=512 Len=1412 [TCP PDU reassembled in 6530]"
"6530","66.253938","FioImma.local","maa03s41-in-f14.1e100.net","TLSv1.2","649","Application Data"
"6531","66.255121","ab.chatgpt.com","FioImma.local","TLSv1.2","60","Application Data"
"6532","66.255121","ab.chatgpt.com","FioImma.local","TCP","5894","443  >  54679 [ACK] Seq=3167091 Ack=245066 Win=64 Len=5840 [TCP PDU reassembled in 6533]"
"6533","66.255121","ab.chatgpt.com","FioImma.local","TLSv1.2","60","Application Data"
"6534","66.255204","FioImma.local","ab.chatgpt.com","TCP","54","54679  >  443 [ACK] Seq=245066 Ack=3172935 Win=2056 Len=0"
"6535","66.257095","FioImma.local","maa03s41-in-f14.1e100.net","TCP","1466","54642  >  443 [ACK] Seq=25724 Ack=2536 Win=512 Len=1412 [TCP PDU reassembled in 6537]"
"6536","66.257095","FioImma.local","maa03s41-in-f14.1e100.net","TCP","1466","54642  >  443 [ACK] Seq=27136 Ack=2536 Win=512 Len=1412 [TCP PDU reassembled in 6537]"
"6537","66.257095","FioImma.local","maa03s41-in-f14.1e100.net","TLSv1.2","835","Application Data"
"6538","66.257192","FioImma.local","maa03s41-in-f14.1e100.net","TLSv1.2","311","Application Data"
"6539","66.261807","FioImma.local","mars.octa.edu","DNS","80","Standard query 0xe8a9 A tattle.api.osano.com"
"6540","66.262145","FioImma.local","mars.octa.edu","DNS","80","Standard query 0x0566 HTTPS tattle.api.osano.com"
"6541","66.262370","FioImma.local","maa03s42-in-f22.1e100.net","TLSv1.2","212","Application Data"
"6542","66.262422","FioImma.local","maa03s42-in-f22.1e100.net","TLSv1.2","93","Application Data"
"6543","66.279650","maa03s41-in-f14.1e100.net","FioImma.local","TCP","60","443  >  54642 [ACK] Seq=2536 Ack=23717 Win=2048 Len=0"
"6544","66.279650","maa03s41-in-f14.1e100.net","FioImma.local","TCP","60","443  >  54642 [ACK] Seq=2536 Ack=25129 Win=2048 Len=0"
"6545","66.279650","maa03s41-in-f14.1e100.net","FioImma.local","TCP","60","443  >  54642 [ACK] Seq=2536 Ack=25724 Win=2048 Len=0"
"6546","66.279650","maa03s41-in-f14.1e100.net","FioImma.local","TCP","60","443  >  54642 [ACK] Seq=2536 Ack=27136 Win=2048 Len=0"
"6547","66.279650","maa03s41-in-f14.1e100.net","FioImma.local","TCP","60","443  >  54642 [ACK] Seq=2536 Ack=28548 Win=2048 Len=0"
"6548","66.279650","maa03s41-in-f14.1e100.net","FioImma.local","TCP","60","443  >  54642 [ACK] Seq=2536 Ack=29329 Win=2048 Len=0"
"6549","66.279650","maa03s41-in-f14.1e100.net","FioImma.local","TCP","60","443  >  54642 [ACK] Seq=2536 Ack=29586 Win=2048 Len=0"
"6550","66.279650","mars.octa.edu","FioImma.local","DNS","164","Standard query response 0x0566 HTTPS tattle.api.osano.com SOA ns-1770.awsdns-29.co.uk"
"6551","66.279650","maa03s42-in-f22.1e100.net","FioImma.local","TCP","60","443  >  54649 [ACK] Seq=12275 Ack=477 Win=489 Len=0"
"6552","66.279650","maa03s42-in-f22.1e100.net","FioImma.local","TLSv1.2","93","Application Data"
"6553","66.279650","maa03s42-in-f22.1e100.net","FioImma.local","TLSv1.2","182","Application Data"
"6554","66.279650","maa03s42-in-f22.1e100.net","FioImma.local","TLSv1.2","7114","Application Data, Application Data, Application Data, Application Data, Application Data"
"6555","66.279829","FioImma.local","maa03s42-in-f22.1e100.net","TCP","54","54649  >  443 [ACK] Seq=477 Ack=19502 Win=2051 Len=0"
"6556","66.280937","FioImma.local","maa03s42-in-f22.1e100.net","TLSv1.2","89","Application Data"
"6557","66.290374","ab.chatgpt.com","FioImma.local","TLSv1.2","1477","Application Data"
"6558","66.290374","ab.chatgpt.com","FioImma.local","TCP","4434","443  >  54679 [ACK] Seq=3174358 Ack=245066 Win=64 Len=4380 [TCP PDU reassembled in 6559]"
"6559","66.290374","ab.chatgpt.com","FioImma.local","TLSv1.2","126","Application Data"
"6560","66.290374","ab.chatgpt.com","FioImma.local","TCP","5894","443  >  54679 [ACK] Seq=3178810 Ack=245066 Win=64 Len=5840 [TCP PDU reassembled in 6561]"
"6561","66.290374","ab.chatgpt.com","FioImma.local","TLSv1.2","60","Application Data"
"6562","66.290452","FioImma.local","ab.chatgpt.com","TCP","54","54679  >  443 [ACK] Seq=245066 Ack=3184654 Win=2056 Len=0"
"6563","66.296607","FioImma.local","maa03s41-in-f14.1e100.net","TCP","1466","54642  >  443 [ACK] Seq=29586 Ack=2536 Win=512 Len=1412 [TCP PDU reassembled in 6565]"
"6564","66.296607","FioImma.local","maa03s41-in-f14.1e100.net","TCP","1466","54642  >  443 [ACK] Seq=30998 Ack=2536 Win=512 Len=1412 [TCP PDU reassembled in 6565]"
"6565","66.296607","FioImma.local","maa03s41-in-f14.1e100.net","TLSv1.2","508","Application Data"
"6566","66.296796","FioImma.local","maa03s41-in-f14.1e100.net","TCP","1466","54642  >  443 [ACK] Seq=32864 Ack=2536 Win=512 Len=1412 [TCP PDU reassembled in 6568]"
"6567","66.296796","FioImma.local","maa03s41-in-f14.1e100.net","TCP","1466","54642  >  443 [ACK] Seq=34276 Ack=2536 Win=512 Len=1412 [TCP PDU reassembled in 6568]"
"6568","66.296796","FioImma.local","maa03s41-in-f14.1e100.net","TLSv1.2","809","Application Data"
"6569","66.296988","maa03s42-in-f22.1e100.net","FioImma.local","TLSv1.2","2878","Application Data, Application Data"
"6570","66.296988","maa03s42-in-f22.1e100.net","FioImma.local","TLSv1.2","1371","Application Data"
"6571","66.296988","mars.octa.edu","FioImma.local","DNS","112","Standard query response 0xe8a9 A tattle.api.osano.com A 18.208.21.167 A 3.86.172.24"
"6572","66.296988","maa03s42-in-f22.1e100.net","FioImma.local","TLSv1.2","93","Application Data"
"6573","66.296988","maa03s42-in-f22.1e100.net","FioImma.local","TCP","60","443  >  54649 [ACK] Seq=23682 Ack=512 Win=489 Len=0"
"6574","66.297038","FioImma.local","maa03s42-in-f22.1e100.net","TCP","54","54649  >  443 [ACK] Seq=512 Ack=23643 Win=2051 Len=0"
"6575","66.297095","FioImma.local","maa03s42-in-f22.1e100.net","TCP","54","54649  >  443 [ACK] Seq=512 Ack=23682 Win=2051 Len=0"
"6576","66.297776","FioImma.local","maa03s42-in-f22.1e100.net","TLSv1.2","93","Application Data"
"6577","66.298221","FioImma.local","maa03s41-in-f14.1e100.net","TCP","1466","54642  >  443 [ACK] Seq=36443 Ack=2536 Win=512 Len=1412 [TCP PDU reassembled in 6579]"
"6578","66.298221","FioImma.local","maa03s41-in-f14.1e100.net","TCP","1466","54642  >  443 [ACK] Seq=37855 Ack=2536 Win=512 Len=1412 [TCP PDU reassembled in 6579]"
"6579","66.298221","FioImma.local","maa03s41-in-f14.1e100.net","TLSv1.2","507","Application Data"
"6580","66.298270","FioImma.local","maa03s41-in-f14.1e100.net","TCP","1466","54642  >  443 [ACK] Seq=39720 Ack=2536 Win=512 Len=1412 [TCP PDU reassembled in 6582]"
"6581","66.298270","FioImma.local","maa03s41-in-f14.1e100.net","TCP","1466","54642  >  443 [ACK] Seq=41132 Ack=2536 Win=512 Len=1412 [TCP PDU reassembled in 6582]"
"6582","66.298270","FioImma.local","maa03s41-in-f14.1e100.net","TLSv1.2","448","Application Data"
"6583","66.298372","FioImma.local","p1.parsely.com","TCP","54","54819  >  443 [FIN, ACK] Seq=3111 Ack=3482 Win=130816 Len=0"
"6584","66.298401","FioImma.local","p1.parsely.com","TCP","54","54819  >  443 [RST, ACK] Seq=3112 Ack=3482 Win=0 Len=0"
"6585","66.298476","FioImma.local","p1.parsely.com","TCP","54","54855  >  443 [FIN, ACK] Seq=2942 Ack=3482 Win=131072 Len=0"
"6586","66.298489","FioImma.local","p1.parsely.com","TCP","54","54855  >  443 [RST, ACK] Seq=2943 Ack=3482 Win=0 Len=0"
"6587","66.298740","FioImma.local","tattle.api.osano.com","TCP","66","54866  >  443 [SYN] Seq=0 Win=64240 Len=0 MSS=1460 WS=256 SACK_PERM"
"6588","66.313691","ab.chatgpt.com","FioImma.local","TCP","5894","443  >  54679 [ACK] Seq=3184654 Ack=245066 Win=64 Len=5840 [TCP PDU reassembled in 6589]"
"6589","66.313691","ab.chatgpt.com","FioImma.local","TLSv1.2","60","Application Data"
"6590","66.313789","FioImma.local","ab.chatgpt.com","TCP","54","54679  >  443 [ACK] Seq=245066 Ack=3190498 Win=2056 Len=0"
"6591","66.316798","maa03s41-in-f14.1e100.net","FioImma.local","TCP","60","443  >  54642 [ACK] Seq=2536 Ack=30998 Win=2048 Len=0"
"6592","66.316798","maa03s41-in-f14.1e100.net","FioImma.local","TCP","60","443  >  54642 [ACK] Seq=2536 Ack=32410 Win=2048 Len=0"
"6593","66.316798","maa03s41-in-f14.1e100.net","FioImma.local","TCP","60","443  >  54642 [ACK] Seq=2536 Ack=32864 Win=2048 Len=0"
"6594","66.316798","maa03s42-in-f22.1e100.net","FioImma.local","TCP","60","443  >  54649 [ACK] Seq=23682 Ack=551 Win=489 Len=0"
"6595","66.316798","maa03s41-in-f14.1e100.net","FioImma.local","TCP","60","443  >  54642 [ACK] Seq=2536 Ack=34276 Win=2048 Len=0"
"6596","66.316798","maa03s41-in-f14.1e100.net","FioImma.local","TCP","60","443  >  54642 [ACK] Seq=2536 Ack=35688 Win=2048 Len=0"
"6597","66.316798","maa03s41-in-f14.1e100.net","FioImma.local","TCP","60","443  >  54642 [ACK] Seq=2536 Ack=36443 Win=2048 Len=0"
"6598","66.316798","maa03s41-in-f14.1e100.net","FioImma.local","TCP","60","443  >  54642 [ACK] Seq=2536 Ack=37855 Win=2048 Len=0"
"6599","66.316798","maa03s41-in-f14.1e100.net","FioImma.local","TCP","60","443  >  54642 [ACK] Seq=2536 Ack=39267 Win=2048 Len=0"
"6600","66.316798","maa03s41-in-f14.1e100.net","FioImma.local","TCP","60","443  >  54642 [ACK] Seq=2536 Ack=39720 Win=2048 Len=0"
"6601","66.316798","maa03s41-in-f14.1e100.net","FioImma.local","TCP","60","443  >  54642 [ACK] Seq=2536 Ack=42544 Win=2048 Len=0"
"6602","66.316798","maa03s41-in-f14.1e100.net","FioImma.local","TCP","60","443  >  54642 [ACK] Seq=2536 Ack=42938 Win=2048 Len=0"
"6603","66.316798","maa03s41-in-f14.1e100.net","FioImma.local","TLSv1.2","131","Application Data"
"6604","66.316798","maa03s41-in-f14.1e100.net","FioImma.local","TLSv1.2","85","Application Data"
"6605","66.316798","maa03s41-in-f14.1e100.net","FioImma.local","TLSv1.2","93","Application Data"
"6606","66.316798","maa03s41-in-f14.1e100.net","FioImma.local","TLSv1.2","135","Application Data"
"6607","66.316860","FioImma.local","maa03s41-in-f14.1e100.net","TCP","54","54642  >  443 [ACK] Seq=42938 Ack=2764 Win=512 Len=0"
"6608","66.317621","FioImma.local","maa03s41-in-f14.1e100.net","TLSv1.2","93","Application Data"
"6609","66.326088","FioImma.local","maa03s41-in-f14.1e100.net","TCP","1466","54642  >  443 [ACK] Seq=42977 Ack=2764 Win=512 Len=1412 [TCP PDU reassembled in 6612]"
"6610","66.326088","FioImma.local","maa03s41-in-f14.1e100.net","TCP","1466","54642  >  443 [ACK] Seq=44389 Ack=2764 Win=512 Len=1412 [TCP PDU reassembled in 6612]"
"6611","66.326088","FioImma.local","maa03s41-in-f14.1e100.net","TCP","1466","54642  >  443 [ACK] Seq=45801 Ack=2764 Win=512 Len=1412 [TCP PDU reassembled in 6612]"
"6612","66.326088","FioImma.local","maa03s41-in-f14.1e100.net","TLSv1.2","117","Application Data"
"6613","66.331958","FioImma.local","maa03s41-in-f14.1e100.net","TCP","1466","54642  >  443 [ACK] Seq=47276 Ack=2764 Win=512 Len=1412 [TCP PDU reassembled in 6616]"
"6614","66.331958","FioImma.local","maa03s41-in-f14.1e100.net","TCP","1466","54642  >  443 [ACK] Seq=48688 Ack=2764 Win=512 Len=1412 [TCP PDU reassembled in 6616]"
"6615","66.331958","FioImma.local","maa03s41-in-f14.1e100.net","TCP","1466","54642  >  443 [ACK] Seq=50100 Ack=2764 Win=512 Len=1412 [TCP PDU reassembled in 6616]"
"6616","66.331958","FioImma.local","maa03s41-in-f14.1e100.net","TLSv1.2","317","Application Data"
"6617","66.332065","FioImma.local","maa03s41-in-f14.1e100.net","TLSv1.2","311","Application Data"
"6618","66.334638","ab.chatgpt.com","FioImma.local","TCP","5894","443  >  54679 [ACK] Seq=3190498 Ack=245066 Win=64 Len=5840 [TCP PDU reassembled in 6619]"
"6619","66.334638","ab.chatgpt.com","FioImma.local","TLSv1.2","60","Application Data"
"6620","66.334638","ab.chatgpt.com","FioImma.local","TCP","4434","443  >  54679 [ACK] Seq=3196342 Ack=245066 Win=64 Len=4380 [TCP PDU reassembled in 6621]"
"6621","66.334638","ab.chatgpt.com","FioImma.local","TLSv1.2","1507","Application Data"
"6622","66.334638","ab.chatgpt.com","FioImma.local","TCP","2974","443  >  54679 [ACK] Seq=3202175 Ack=245066 Win=64 Len=2920 [TCP PDU reassembled in 6625]"
"6623","66.334721","FioImma.local","ab.chatgpt.com","TCP","54","54679  >  443 [ACK] Seq=245066 Ack=3205095 Win=2056 Len=0"
"6624","66.334777","ab.chatgpt.com","FioImma.local","TCP","2974","443  >  54679 [ACK] Seq=3205095 Ack=245066 Win=64 Len=2920 [TCP PDU reassembled in 6625]"
"6625","66.334777","ab.chatgpt.com","FioImma.local","TLSv1.2","90","Application Data"
"6626","66.334793","FioImma.local","ab.chatgpt.com","TCP","54","54679  >  443 [ACK] Seq=245066 Ack=3208051 Win=2056 Len=0"
"6627","66.335156","FioImma.local","maa03s41-in-f14.1e100.net","TCP","1466","54642  >  443 [ACK] Seq=52032 Ack=2764 Win=512 Len=1412 [TCP PDU reassembled in 6630]"
"6628","66.335156","FioImma.local","maa03s41-in-f14.1e100.net","TCP","1466","54642  >  443 [ACK] Seq=53444 Ack=2764 Win=512 Len=1412 [TCP PDU reassembled in 6630]"
"6629","66.335156","FioImma.local","maa03s41-in-f14.1e100.net","TCP","1466","54642  >  443 [ACK] Seq=54856 Ack=2764 Win=512 Len=1412 [TCP PDU reassembled in 6630]"
"6630","66.335156","FioImma.local","maa03s41-in-f14.1e100.net","TLSv1.2","125","Application Data"
"6631","66.337013","maa03s41-in-f14.1e100.net","FioImma.local","TLSv1.2","85","Application Data"
"6632","66.337013","maa03s41-in-f14.1e100.net","FioImma.local","TCP","60","443  >  54642 [ACK] Seq=2795 Ack=42977 Win=2048 Len=0"
"6633","66.337013","maa03s41-in-f14.1e100.net","FioImma.local","TCP","60","443  >  54642 [ACK] Seq=2795 Ack=45801 Win=2048 Len=0"
"6634","66.337013","maa03s41-in-f14.1e100.net","FioImma.local","TCP","60","443  >  54642 [ACK] Seq=2795 Ack=47276 Win=2048 Len=0"
"6635","66.359331","ab.chatgpt.com","FioImma.local","TCP","5894","443  >  54679 [ACK] Seq=3208051 Ack=245066 Win=64 Len=5840 [TCP PDU reassembled in 6636]"
"6636","66.359331","ab.chatgpt.com","FioImma.local","TLSv1.2","90","Application Data"
"6637","66.359331","ab.chatgpt.com","FioImma.local","TCP","2974","443  >  54679 [ACK] Seq=3213927 Ack=245066 Win=64 Len=2920 [TCP PDU reassembled in 6638]"
"6638","66.359331","ab.chatgpt.com","FioImma.local","TLSv1.2","1353","Application Data"
"6639","66.359331","ab.chatgpt.com","FioImma.local","TCP","1514","443  >  54679 [ACK] Seq=3218146 Ack=245066 Win=64 Len=1460 [TCP PDU reassembled in 6640]"
"6640","66.359331","ab.chatgpt.com","FioImma.local","TLSv1.2","282","Application Data"
"6641","66.359331","ab.chatgpt.com","FioImma.local","TCP","5894","443  >  54679 [ACK] Seq=3219834 Ack=245066 Win=64 Len=5840 [TCP PDU reassembled in 6642]"
"6642","66.359331","ab.chatgpt.com","FioImma.local","TLSv1.2","90","Application Data"
"6643","66.359331","ab.chatgpt.com","FioImma.local","TCP","1514","443  >  54679 [ACK] Seq=3225710 Ack=245066 Win=64 Len=1460 [TCP PDU reassembled in 6651]"
"6644","66.359462","FioImma.local","ab.chatgpt.com","TCP","54","54679  >  443 [ACK] Seq=245066 Ack=3227170 Win=2056 Len=0"
"6645","66.360756","maa03s41-in-f14.1e100.net","FioImma.local","TCP","60","443  >  54642 [ACK] Seq=2795 Ack=50100 Win=2048 Len=0"
"6646","66.360756","maa03s41-in-f14.1e100.net","FioImma.local","TCP","60","443  >  54642 [ACK] Seq=2795 Ack=51775 Win=2048 Len=0"
"6647","66.360756","maa03s41-in-f14.1e100.net","FioImma.local","TCP","60","443  >  54642 [ACK] Seq=2795 Ack=52032 Win=2048 Len=0"
"6648","66.360756","maa03s41-in-f14.1e100.net","FioImma.local","TCP","60","443  >  54642 [ACK] Seq=2795 Ack=54856 Win=2048 Len=0"
"6649","66.360756","maa03s41-in-f14.1e100.net","FioImma.local","TCP","60","443  >  54642 [ACK] Seq=2795 Ack=56339 Win=2048 Len=0"
"6650","66.376839","ab.chatgpt.com","FioImma.local","TCP","4434","443  >  54679 [ACK] Seq=3227170 Ack=245066 Win=64 Len=4380 [TCP PDU reassembled in 6651]"
"6651","66.376839","ab.chatgpt.com","FioImma.local","TLSv1.2","122","Application Data"
"6652","66.376839","ab.chatgpt.com","FioImma.local","TCP","5894","443  >  54679 [ACK] Seq=3231618 Ack=245066 Win=64 Len=5840 [TCP PDU reassembled in 6653]"
"6653","66.376839","ab.chatgpt.com","FioImma.local","TLSv1.2","122","Application Data"
"6654","66.376948","FioImma.local","ab.chatgpt.com","TCP","54","54679  >  443 [ACK] Seq=245066 Ack=3237526 Win=2056 Len=0"
"6655","66.377057","ab.chatgpt.com","FioImma.local","TCP","5894","443  >  54679 [ACK] Seq=3237526 Ack=245066 Win=64 Len=5840 [TCP PDU reassembled in 6656]"
"6656","66.377057","ab.chatgpt.com","FioImma.local","TLSv1.2","122","Application Data"
"6657","66.377088","FioImma.local","ab.chatgpt.com","TCP","54","54679  >  443 [ACK] Seq=245066 Ack=3243434 Win=2056 Len=0"
"6658","66.377159","FioImma.local","maa03s41-in-f14.1e100.net","TCP","54","54642  >  443 [ACK] Seq=56339 Ack=2795 Win=511 Len=0"
"6659","66.377304","ab.chatgpt.com","FioImma.local","TCP","2974","443  >  54679 [ACK] Seq=3243434 Ack=245066 Win=64 Len=2920 [TCP PDU reassembled in 6662]"
"6660","66.377346","FioImma.local","ab.chatgpt.com","TCP","54","54679  >  443 [ACK] Seq=245066 Ack=3246354 Win=2056 Len=0"
"6661","66.392487","ab.chatgpt.com","FioImma.local","TCP","2974","443  >  54679 [ACK] Seq=3246354 Ack=245066 Win=64 Len=2920 [TCP PDU reassembled in 6662]"
"6662","66.392487","ab.chatgpt.com","FioImma.local","TLSv1.2","122","Application Data"
"6663","66.392487","ab.chatgpt.com","FioImma.local","TCP","5894","443  >  54679 [ACK] Seq=3249342 Ack=245066 Win=64 Len=5840 [TCP PDU reassembled in 6664]"
"6664","66.392487","ab.chatgpt.com","FioImma.local","TLSv1.2","122","Application Data"
"6665","66.392572","FioImma.local","ab.chatgpt.com","TCP","54","54679  >  443 [ACK] Seq=245066 Ack=3255250 Win=2056 Len=0"
"6666","66.392652","ab.chatgpt.com","FioImma.local","TCP","5894","443  >  54679 [ACK] Seq=3255250 Ack=245066 Win=64 Len=5840 [TCP PDU reassembled in 6667]"
"6667","66.392652","ab.chatgpt.com","FioImma.local","TLSv1.2","122","Application Data"
"6668","66.392652","ab.chatgpt.com","FioImma.local","TCP","1514","443  >  54679 [ACK] Seq=3261158 Ack=245066 Win=64 Len=1460 [TCP PDU reassembled in 6680]"
"6669","66.392679","FioImma.local","ab.chatgpt.com","TCP","54","54679  >  443 [ACK] Seq=245066 Ack=3262618 Win=2056 Len=0"
"6670","66.392719","ab.chatgpt.com","FioImma.local","TCP","2974","443  >  54679 [ACK] Seq=3262618 Ack=245066 Win=64 Len=2920 [TCP PDU reassembled in 6680]"
"6671","66.392728","FioImma.local","ab.chatgpt.com","TCP","54","54679  >  443 [ACK] Seq=245066 Ack=3265538 Win=2056 Len=0"
"6672","66.403299","maa03s41-in-f14.1e100.net","FioImma.local","TLSv1.2","131","Application Data"
"6673","66.403299","maa03s41-in-f14.1e100.net","FioImma.local","TLSv1.2","85","Application Data"
"6674","66.403299","maa03s41-in-f14.1e100.net","FioImma.local","TLSv1.2","93","Application Data"
"6675","66.403299","maa03s41-in-f14.1e100.net","FioImma.local","TLSv1.2","135","Application Data"
"6676","66.403299","maa03s41-in-f14.1e100.net","FioImma.local","TLSv1.2","85","Application Data"
"6677","66.403506","FioImma.local","maa03s41-in-f14.1e100.net","TCP","54","54642  >  443 [ACK] Seq=56339 Ack=3054 Win=510 Len=0"
"6678","66.404971","FioImma.local","maa03s41-in-f14.1e100.net","TLSv1.2","93","Application Data"
"6679","66.412710","ab.chatgpt.com","FioImma.local","TCP","1514","443  >  54679 [ACK] Seq=3265538 Ack=245066 Win=64 Len=1460 [TCP PDU reassembled in 6680]"
"6680","66.412710","ab.chatgpt.com","FioImma.local","TLSv1.2","154","Application Data"
"6681","66.412710","ab.chatgpt.com","FioImma.local","TCP","5894","443  >  54679 [ACK] Seq=3267098 Ack=245066 Win=64 Len=5840 [TCP PDU reassembled in 6682]"
"6682","66.412710","ab.chatgpt.com","FioImma.local","TLSv1.2","154","Application Data"
"6683","66.412710","ab.chatgpt.com","FioImma.local","TCP","5894","443  >  54679 [ACK] Seq=3273038 Ack=245066 Win=64 Len=5840 [TCP PDU reassembled in 6684]"
"6684","66.412710","ab.chatgpt.com","FioImma.local","TLSv1.2","154","Application Data"
"6685","66.412775","FioImma.local","ab.chatgpt.com","TCP","54","54679  >  443 [ACK] Seq=245066 Ack=3278978 Win=2056 Len=0"
"6686","66.433899","ab.chatgpt.com","FioImma.local","TCP","5894","443  >  54679 [ACK] Seq=3278978 Ack=245066 Win=64 Len=5840 [TCP PDU reassembled in 6687]"
"6687","66.433899","ab.chatgpt.com","FioImma.local","TLSv1.2","154","Application Data"
"6688","66.433899","ab.chatgpt.com","FioImma.local","TCP","5894","443  >  54679 [ACK] Seq=3284918 Ack=245066 Win=64 Len=5840 [TCP PDU reassembled in 6689]"
"6689","66.433899","ab.chatgpt.com","FioImma.local","TLSv1.2","154","Application Data"
"6690","66.434043","FioImma.local","ab.chatgpt.com","TCP","54","54679  >  443 [ACK] Seq=245066 Ack=3290858 Win=2056 Len=0"
"6691","66.434184","ab.chatgpt.com","FioImma.local","TCP","5894","443  >  54679 [ACK] Seq=3290858 Ack=245066 Win=64 Len=5840 [TCP PDU reassembled in 6692]"
"6692","66.434184","ab.chatgpt.com","FioImma.local","TLSv1.2","154","Application Data"
"6693","66.434215","FioImma.local","ab.chatgpt.com","TCP","54","54679  >  443 [ACK] Seq=245066 Ack=3296798 Win=2056 Len=0"
"6694","66.438118","maa03s41-in-f14.1e100.net","FioImma.local","TCP","60","443  >  54642 [ACK] Seq=3054 Ack=56378 Win=2048 Len=0"
"6695","66.438118","maa03s41-in-f14.1e100.net","FioImma.local","TLSv1.2","131","Application Data"
"6696","66.438118","maa03s41-in-f14.1e100.net","FioImma.local","TLSv1.2","85","Application Data"
"6697","66.438118","maa03s41-in-f14.1e100.net","FioImma.local","TLSv1.2","93","Application Data"
"6698","66.438175","FioImma.local","maa03s41-in-f14.1e100.net","TCP","54","54642  >  443 [ACK] Seq=56378 Ack=3201 Win=510 Len=0"
"6699","66.438564","FioImma.local","maa03s41-in-f14.1e100.net","TLSv1.2","93","Application Data"
"6700","66.457085","ab.chatgpt.com","FioImma.local","TCP","5894","443  >  54679 [ACK] Seq=3296798 Ack=245066 Win=64 Len=5840 [TCP PDU reassembled in 6701]"
"6701","66.457085","ab.chatgpt.com","FioImma.local","TLSv1.2","154","Application Data"
"6702","66.457085","ab.chatgpt.com","FioImma.local","TCP","2974","443  >  54679 [ACK] Seq=3302738 Ack=245066 Win=64 Len=2920 [TCP PDU reassembled in 6705]"
"6703","66.457168","FioImma.local","ab.chatgpt.com","TCP","54","54679  >  443 [ACK] Seq=245066 Ack=3305658 Win=2056 Len=0"
"6704","66.457243","ab.chatgpt.com","FioImma.local","TCP","8814","443  >  54679 [PSH, ACK] Seq=3305658 Ack=245066 Win=64 Len=8760 [TCP PDU reassembled in 6705]"
"6705","66.457243","ab.chatgpt.com","FioImma.local","TLSv1.2","232","Application Data"
"6706","66.457272","FioImma.local","ab.chatgpt.com","TCP","54","54679  >  443 [ACK] Seq=245066 Ack=3314596 Win=2056 Len=0"
"6707","66.457396","ab.chatgpt.com","FioImma.local","TCP","2974","443  >  54679 [ACK] Seq=3314596 Ack=245066 Win=64 Len=2920 [TCP PDU reassembled in 6711]"
"6708","66.457441","FioImma.local","ab.chatgpt.com","TCP","54","54679  >  443 [ACK] Seq=245066 Ack=3317516 Win=2056 Len=0"
"6709","66.471059","maa03s41-in-f14.1e100.net","FioImma.local","TCP","60","443  >  54642 [ACK] Seq=3201 Ack=56417 Win=2048 Len=0"
"6710","66.472846","ab.chatgpt.com","FioImma.local","TCP","2974","443  >  54679 [ACK] Seq=3317516 Ack=245066 Win=64 Len=2920 [TCP PDU reassembled in 6711]"
"6711","66.472846","ab.chatgpt.com","FioImma.local","TLSv1.2","154","Application Data"
"6712","66.472846","ab.chatgpt.com","FioImma.local","TCP","4434","443  >  54679 [ACK] Seq=3320536 Ack=245066 Win=64 Len=4380 [TCP PDU reassembled in 6715]"
"6713","66.472905","FioImma.local","ab.chatgpt.com","TCP","54","54679  >  443 [ACK] Seq=245066 Ack=3324916 Win=2056 Len=0"
"6714","66.472979","ab.chatgpt.com","FioImma.local","TCP","1514","443  >  54679 [ACK] Seq=3324916 Ack=245066 Win=64 Len=1460 [TCP PDU reassembled in 6715]"
"6715","66.472979","ab.chatgpt.com","FioImma.local","TLSv1.2","186","Application Data"
"6716","66.472979","ab.chatgpt.com","FioImma.local","TCP","5894","443  >  54679 [ACK] Seq=3326508 Ack=245066 Win=64 Len=5840 [TCP PDU reassembled in 6717]"
"6717","66.472979","ab.chatgpt.com","FioImma.local","TLSv1.2","186","Application Data"
"6718","66.473012","FioImma.local","ab.chatgpt.com","TCP","54","54679  >  443 [ACK] Seq=245066 Ack=3332480 Win=2056 Len=0"
"6719","66.473046","ab.chatgpt.com","FioImma.local","TCP","1514","443  >  54679 [ACK] Seq=3332480 Ack=245066 Win=64 Len=1460 [TCP PDU reassembled in 6723]"
"6720","66.473182","ab.chatgpt.com","FioImma.local","TCP","2974","443  >  54679 [ACK] Seq=3333940 Ack=245066 Win=64 Len=2920 [TCP PDU reassembled in 6723]"
"6721","66.473230","FioImma.local","ab.chatgpt.com","TCP","54","54679  >  443 [ACK] Seq=245066 Ack=3336860 Win=2056 Len=0"
"6722","66.488722","ab.chatgpt.com","FioImma.local","TCP","1514","443  >  54679 [ACK] Seq=3336860 Ack=245066 Win=64 Len=1460 [TCP PDU reassembled in 6723]"
"6723","66.488722","ab.chatgpt.com","FioImma.local","TLSv1.2","186","Application Data"
"6724","66.488722","ab.chatgpt.com","FioImma.local","TCP","5894","443  >  54679 [ACK] Seq=3338452 Ack=245066 Win=64 Len=5840 [TCP PDU reassembled in 6725]"
"6725","66.488722","ab.chatgpt.com","FioImma.local","TLSv1.2","186","Application Data"
"6726","66.488722","ab.chatgpt.com","FioImma.local","TCP","5894","443  >  54679 [ACK] Seq=3344424 Ack=245066 Win=64 Len=5840 [TCP PDU reassembled in 6727]"
"6727","66.488722","ab.chatgpt.com","FioImma.local","TLSv1.2","186","Application Data"
"6728","66.488722","ab.chatgpt.com","FioImma.local","TCP","2974","443  >  54679 [ACK] Seq=3350396 Ack=245066 Win=64 Len=2920 [TCP PDU reassembled in 6732]"
"6729","66.488841","FioImma.local","ab.chatgpt.com","TCP","54","54679  >  443 [ACK] Seq=245066 Ack=3353316 Win=2056 Len=0"
"6730","66.488914","ab.chatgpt.com","FioImma.local","TCP","2974","443  >  54679 [ACK] Seq=3353316 Ack=245066 Win=64 Len=2920 [TCP PDU reassembled in 6732]"
"6731","66.488941","FioImma.local","ab.chatgpt.com","TCP","54","54679  >  443 [ACK] Seq=245066 Ack=3356236 Win=2056 Len=0"
"6732","66.503476","ab.chatgpt.com","FioImma.local","TLSv1.2","186","Application Data"
"6733","66.503476","ab.chatgpt.com","FioImma.local","TCP","5894","443  >  54679 [ACK] Seq=3356368 Ack=245066 Win=64 Len=5840 [TCP PDU reassembled in 6734]"
"6734","66.503476","ab.chatgpt.com","FioImma.local","TLSv1.2","186","Application Data"
"6735","66.503476","ab.chatgpt.com","FioImma.local","TCP","5894","443  >  54679 [ACK] Seq=3362340 Ack=245066 Win=64 Len=5840 [TCP PDU reassembled in 6736]"
"6736","66.503476","ab.chatgpt.com","FioImma.local","TLSv1.2","186","Application Data"
"6737","66.503556","FioImma.local","ab.chatgpt.com","TCP","54","54679  >  443 [ACK] Seq=245066 Ack=3368312 Win=2056 Len=0"
"6738","66.503620","ab.chatgpt.com","FioImma.local","TCP","4434","443  >  54679 [ACK] Seq=3368312 Ack=245066 Win=64 Len=4380 [TCP PDU reassembled in 6741]"
"6739","66.503639","FioImma.local","ab.chatgpt.com","TCP","54","54679  >  443 [ACK] Seq=245066 Ack=3372692 Win=2056 Len=0"
"6740","66.503770","ab.chatgpt.com","FioImma.local","TCP","1514","443  >  54679 [ACK] Seq=3372692 Ack=245066 Win=64 Len=1460 [TCP PDU reassembled in 6741]"
"6741","66.503770","ab.chatgpt.com","FioImma.local","TLSv1.2","186","Application Data"
"6742","66.503804","FioImma.local","ab.chatgpt.com","TCP","54","54679  >  443 [ACK] Seq=245066 Ack=3374284 Win=2056 Len=0"
"6743","66.506773","ab.chatgpt.com","FioImma.local","TCP","1514","443  >  54679 [ACK] Seq=3374284 Ack=245066 Win=64 Len=1460 [TCP PDU reassembled in 6762]"
"6744","66.506812","FioImma.local","ab.chatgpt.com","TCP","54","54679  >  443 [ACK] Seq=245066 Ack=3375744 Win=2056 Len=0"
"6745","66.514313","tattle.api.osano.com","FioImma.local","TCP","66","443  >  54866 [SYN, ACK] Seq=0 Ack=1 Win=26883 Len=0 MSS=1460 SACK_PERM WS=256"
"6746","66.514313","maa03s41-in-f14.1e100.net","FioImma.local","TLSv1.2","612","Application Data"
"6747","66.514313","maa03s41-in-f14.1e100.net","FioImma.local","TLSv1.2","1466","Application Data"
"6748","66.514498","FioImma.local","tattle.api.osano.com","TCP","54","54866  >  443 [ACK] Seq=1 Ack=1 Win=131328 Len=0"
"6749","66.514534","FioImma.local","maa03s41-in-f14.1e100.net","TCP","54","54642  >  443 [ACK] Seq=56417 Ack=5171 Win=512 Len=0"
"6750","66.514698","maa03s41-in-f14.1e100.net","FioImma.local","TLSv1.2","4290","Application Data, Application Data, Application Data"
"6751","66.514731","FioImma.local","maa03s41-in-f14.1e100.net","TCP","54","54642  >  443 [ACK] Seq=56417 Ack=9407 Win=512 Len=0"
"6752","66.515501","maa03s41-in-f14.1e100.net","FioImma.local","TLSv1.2","4290","Application Data, Application Data, Application Data"
"6753","66.515540","FioImma.local","maa03s41-in-f14.1e100.net","TCP","54","54642  >  443 [ACK] Seq=56417 Ack=13643 Win=512 Len=0"
"6754","66.515642","FioImma.local","tattle.api.osano.com","TCP","1514","54866  >  443 [ACK] Seq=1 Ack=1 Win=131328 Len=1460 [TCP PDU reassembled in 6755]"
"6755","66.515642","FioImma.local","tattle.api.osano.com","TLSv1.3","508","Client Hello (SNI=tattle.api.osano.com)"
"6756","66.515858","maa03s41-in-f14.1e100.net","FioImma.local","TLSv1.2","4290","Application Data, Application Data, Application Data"
"6757","66.515892","FioImma.local","maa03s41-in-f14.1e100.net","TCP","54","54642  >  443 [ACK] Seq=56417 Ack=17879 Win=512 Len=0"
"6758","66.516891","maa03s41-in-f14.1e100.net","FioImma.local","TLSv1.2","4290","Application Data, Application Data, Application Data, Application Data"
"6759","66.516932","FioImma.local","maa03s41-in-f14.1e100.net","TCP","54","54642  >  443 [ACK] Seq=56417 Ack=22115 Win=512 Len=0"
"6760","66.517299","maa03s41-in-f14.1e100.net","FioImma.local","TLSv1.2","1466","Application Data"
"6761","66.519947","ab.chatgpt.com","FioImma.local","TCP","4434","443  >  54679 [ACK] Seq=3375744 Ack=245066 Win=64 Len=4380 [TCP PDU reassembled in 6762]"
"6762","66.519947","ab.chatgpt.com","FioImma.local","TLSv1.2","218","Application Data"
"6763","66.520000","FioImma.local","ab.chatgpt.com","TCP","54","54679  >  443 [ACK] Seq=245066 Ack=3380288 Win=2056 Len=0"
"6764","66.520044","ab.chatgpt.com","FioImma.local","TCP","2974","443  >  54679 [ACK] Seq=3380288 Ack=245066 Win=64 Len=2920 [TCP PDU reassembled in 6767]"
"6765","66.520059","FioImma.local","ab.chatgpt.com","TCP","54","54679  >  443 [ACK] Seq=245066 Ack=3383208 Win=2056 Len=0"
"6766","66.520193","ab.chatgpt.com","FioImma.local","TCP","2974","443  >  54679 [ACK] Seq=3383208 Ack=245066 Win=64 Len=2920 [TCP PDU reassembled in 6767]"
"6767","66.520193","ab.chatgpt.com","FioImma.local","TLSv1.2","218","Application Data"
"6768","66.520255","FioImma.local","ab.chatgpt.com","TCP","54","54679  >  443 [ACK] Seq=245066 Ack=3386292 Win=2056 Len=0"
"6769","66.520366","ab.chatgpt.com","FioImma.local","TCP","4434","443  >  54679 [ACK] Seq=3386292 Ack=245066 Win=64 Len=4380 [TCP PDU reassembled in 6772]"
"6770","66.520397","FioImma.local","ab.chatgpt.com","TCP","54","54679  >  443 [ACK] Seq=245066 Ack=3390672 Win=2056 Len=0"
"6771","66.520508","ab.chatgpt.com","FioImma.local","TCP","1514","443  >  54679 [ACK] Seq=3390672 Ack=245066 Win=64 Len=1460 [TCP PDU reassembled in 6772]"
"6772","66.520508","ab.chatgpt.com","FioImma.local","TLSv1.2","218","Application Data"
"6773","66.520508","ab.chatgpt.com","FioImma.local","TCP","1514","443  >  54679 [ACK] Seq=3392296 Ack=245066 Win=64 Len=1460 [TCP PDU reassembled in 6797]"
"6774","66.520533","FioImma.local","ab.chatgpt.com","TCP","54","54679  >  443 [ACK] Seq=245066 Ack=3393756 Win=2056 Len=0"
"6775","66.520657","ab.chatgpt.com","FioImma.local","TCP","1514","443  >  54679 [ACK] Seq=3393756 Ack=245066 Win=64 Len=1460 [TCP PDU reassembled in 6797]"
"6776","66.520673","FioImma.local","ab.chatgpt.com","TCP","54","54679  >  443 [ACK] Seq=245066 Ack=3395216 Win=2056 Len=0"
"6777","66.520820","FioImma.local","maa03s41-in-f14.1e100.net","TLSv1.2","89","Application Data"
"6778","66.537763","maa03s41-in-f14.1e100.net","FioImma.local","TLSv1.2","1384","Application Data"
"6779","66.537763","maa03s41-in-f14.1e100.net","FioImma.local","TLSv1.2","1466","Application Data"
"6780","66.537763","maa03s41-in-f14.1e100.net","FioImma.local","TLSv1.2","1466","Application Data"
"6781","66.537871","FioImma.local","maa03s41-in-f14.1e100.net","TCP","54","54642  >  443 [ACK] Seq=56452 Ack=27681 Win=512 Len=0"
"6782","66.539293","maa03s41-in-f14.1e100.net","FioImma.local","TLSv1.2","1466","Application Data"
"6783","66.539365","FioImma.local","maa03s41-in-f14.1e100.net","TCP","54","54642  >  443 [ACK] Seq=56452 Ack=29093 Win=512 Len=0"
"6784","66.540265","maa03s41-in-f14.1e100.net","FioImma.local","TLSv1.2","1466","Application Data"
"6785","66.540265","maa03s41-in-f14.1e100.net","FioImma.local","TLSv1.2","1466","Application Data"
"6786","66.540265","maa03s41-in-f14.1e100.net","FioImma.local","TLSv1.2","1466","Application Data"
"6787","66.540265","maa03s41-in-f14.1e100.net","FioImma.local","TLSv1.2","1466","Application Data"
"6788","66.540265","maa03s41-in-f14.1e100.net","FioImma.local","TLSv1.2","1179","Application Data"
"6789","66.540265","maa03s41-in-f14.1e100.net","FioImma.local","TLSv1.2","1466","Application Data"
"6790","66.540265","maa03s41-in-f14.1e100.net","FioImma.local","TLSv1.2","1466","Application Data"
"6791","66.540265","maa03s41-in-f14.1e100.net","FioImma.local","TLSv1.2","1328","Application Data"
"6792","66.540265","maa03s41-in-f14.1e100.net","FioImma.local","TLSv1.2","85","Application Data"
"6793","66.540265","maa03s41-in-f14.1e100.net","FioImma.local","TLSv1.2","93","Application Data"
"6794","66.540265","maa03s41-in-f14.1e100.net","FioImma.local","TCP","60","443  >  54642 [ACK] Seq=40034 Ack=56452 Win=2048 Len=0"
"6795","66.540381","FioImma.local","maa03s41-in-f14.1e100.net","TCP","54","54642  >  443 [ACK] Seq=56452 Ack=40034 Win=512 Len=0"
"6796","66.540498","ab.chatgpt.com","FioImma.local","TCP","2974","443  >  54679 [ACK] Seq=3395216 Ack=245066 Win=64 Len=2920 [TCP PDU reassembled in 6797]"
"6797","66.540498","ab.chatgpt.com","FioImma.local","TLSv1.2","218","Application Data"
"6798","66.540498","ab.chatgpt.com","FioImma.local","TCP","5894","443  >  54679 [ACK] Seq=3398300 Ack=245066 Win=64 Len=5840 [TCP PDU reassembled in 6799]"
"6799","66.540498","ab.chatgpt.com","FioImma.local","TLSv1.2","218","Application Data"
"6800","66.540498","ab.chatgpt.com","FioImma.local","TCP","2974","443  >  54679 [ACK] Seq=3404304 Ack=245066 Win=64 Len=2920 [TCP PDU reassembled in 6803]"
"6801","66.540564","FioImma.local","ab.chatgpt.com","TCP","54","54679  >  443 [ACK] Seq=245066 Ack=3407224 Win=2056 Len=0"
"6802","66.540619","ab.chatgpt.com","FioImma.local","TCP","2974","443  >  54679 [ACK] Seq=3407224 Ack=245066 Win=64 Len=2920 [TCP PDU reassembled in 6803]"
"6803","66.540619","ab.chatgpt.com","FioImma.local","TLSv1.2","218","Application Data"
"6804","66.540643","FioImma.local","ab.chatgpt.com","TCP","54","54679  >  443 [ACK] Seq=245066 Ack=3410308 Win=2056 Len=0"
"6805","66.541524","FioImma.local","maa03s41-in-f14.1e100.net","TLSv1.2","93","Application Data"
"6806","66.548554","maa03s41-in-f14.1e100.net","FioImma.local","TCP","60","443  >  54642 [ACK] Seq=40034 Ack=56491 Win=2048 Len=0"
"6807","66.561838","ab.chatgpt.com","FioImma.local","TCP","11734","443  >  54679 [PSH, ACK] Seq=3410308 Ack=245066 Win=64 Len=11680 [TCP PDU reassembled in 6808]"
"6808","66.561838","ab.chatgpt.com","FioImma.local","TLSv1.2","360","Application Data"
"6809","66.561838","ab.chatgpt.com","FioImma.local","TCP","5894","443  >  54679 [ACK] Seq=3422294 Ack=245066 Win=64 Len=5840 [TCP PDU reassembled in 6810]"
"6810","66.561838","ab.chatgpt.com","FioImma.local","TLSv1.2","250","Application Data"
"6811","66.561838","ab.chatgpt.com","FioImma.local","TCP","2974","443  >  54679 [ACK] Seq=3428330 Ack=245066 Win=64 Len=2920 [TCP PDU reassembled in 6814]"
"6812","66.561924","FioImma.local","ab.chatgpt.com","TCP","54","54679  >  443 [ACK] Seq=245066 Ack=3431250 Win=2056 Len=0"
"6813","66.576508","ab.chatgpt.com","FioImma.local","TCP","2974","443  >  54679 [ACK] Seq=3431250 Ack=245066 Win=64 Len=2920 [TCP PDU reassembled in 6814]"
"6814","66.576508","ab.chatgpt.com","FioImma.local","TLSv1.2","250","Application Data"
"6815","66.576508","ab.chatgpt.com","FioImma.local","TCP","5894","443  >  54679 [ACK] Seq=3434366 Ack=245066 Win=64 Len=5840 [TCP PDU reassembled in 6816]"
"6816","66.576508","ab.chatgpt.com","FioImma.local","TLSv1.2","250","Application Data"
"6817","66.576571","FioImma.local","ab.chatgpt.com","TCP","54","54679  >  443 [ACK] Seq=245066 Ack=3440402 Win=2056 Len=0"
"6818","66.577806","FioImma.local","rr2.sn-o3o-itqz.googlevideo.com","TCP","54","54763  >  443 [FIN, ACK] Seq=2 Ack=2 Win=8212 Len=0"
"6819","66.578292","FioImma.local","mars.octa.edu","DNS","93","Standard query 0x74ce A rr2---sn-o3o-itqz.googlevideo.com"
"6820","66.578507","FioImma.local","mars.octa.edu","DNS","93","Standard query 0x695f HTTPS rr2---sn-o3o-itqz.googlevideo.com"
"6821","66.588392","ab.chatgpt.com","FioImma.local","TCP","11734","443  >  54679 [PSH, ACK] Seq=3440402 Ack=245066 Win=64 Len=11680 [TCP PDU reassembled in 6822]"
"6822","66.588392","ab.chatgpt.com","FioImma.local","TLSv1.2","424","Application Data"
"6823","66.588392","ab.chatgpt.com","FioImma.local","TCP","2974","443  >  54679 [ACK] Seq=3452452 Ack=245066 Win=64 Len=2920 [TCP PDU reassembled in 6826]"
"6824","66.588491","FioImma.local","ab.chatgpt.com","TCP","54","54679  >  443 [ACK] Seq=245066 Ack=3455372 Win=2056 Len=0"
"6825","66.588551","ab.chatgpt.com","FioImma.local","TCP","2974","443  >  54679 [ACK] Seq=3455372 Ack=245066 Win=64 Len=2920 [TCP PDU reassembled in 6826]"
"6826","66.588551","ab.chatgpt.com","FioImma.local","TLSv1.2","250","Application Data"
"6827","66.588567","FioImma.local","ab.chatgpt.com","TCP","54","54679  >  443 [ACK] Seq=245066 Ack=3458488 Win=2056 Len=0"
"6828","66.588686","ab.chatgpt.com","FioImma.local","TCP","2974","443  >  54679 [ACK] Seq=3458488 Ack=245066 Win=64 Len=2920 [TCP PDU reassembled in 6834]"
"6829","66.588710","FioImma.local","ab.chatgpt.com","TCP","54","54679  >  443 [ACK] Seq=245066 Ack=3461408 Win=2056 Len=0"
"6830","66.597937","mars.octa.edu","FioImma.local","DNS","139","Standard query response 0x74ce A rr2---sn-o3o-itqz.googlevideo.com CNAME rr2.sn-o3o-itqz.googlevideo.com A 180.149.60.57"
"6831","66.597982","mars.octa.edu","FioImma.local","DNS","180","Standard query response 0x695f HTTPS rr2---sn-o3o-itqz.googlevideo.com CNAME rr2.sn-o3o-itqz.googlevideo.com SOA ns1.google.com"
"6832","66.598452","FioImma.local","rr2.sn-o3o-itqz.googlevideo.com","TCP","66","54867  >  443 [SYN] Seq=0 Win=64240 Len=0 MSS=1460 WS=256 SACK_PERM"
"6833","66.608250","ab.chatgpt.com","FioImma.local","TCP","2974","443  >  54679 [ACK] Seq=3461408 Ack=245066 Win=64 Len=2920 [TCP PDU reassembled in 6834]"
"6834","66.608250","ab.chatgpt.com","FioImma.local","TLSv1.2","250","Application Data"
"6835","66.608250","ab.chatgpt.com","FioImma.local","TCP","5894","443  >  54679 [ACK] Seq=3464524 Ack=245066 Win=64 Len=5840 [TCP PDU reassembled in 6836]"
"6836","66.608250","ab.chatgpt.com","FioImma.local","TLSv1.2","250","Application Data"
"6837","66.608312","FioImma.local","ab.chatgpt.com","TCP","54","54679  >  443 [ACK] Seq=245066 Ack=3470560 Win=2056 Len=0"
"6838","66.608362","ab.chatgpt.com","FioImma.local","TCP","5894","443  >  54679 [ACK] Seq=3470560 Ack=245066 Win=64 Len=5840 [TCP PDU reassembled in 6839]"
"6839","66.608362","ab.chatgpt.com","FioImma.local","TLSv1.2","250","Application Data"
"6840","66.608362","ab.chatgpt.com","FioImma.local","TCP","1514","443  >  54679 [ACK] Seq=3476596 Ack=245066 Win=64 Len=1460 [TCP PDU reassembled in 6845]"
"6841","66.608377","FioImma.local","ab.chatgpt.com","TCP","54","54679  >  443 [ACK] Seq=245066 Ack=3478056 Win=2056 Len=0"
"6842","66.608508","ab.chatgpt.com","FioImma.local","TCP","2974","443  >  54679 [ACK] Seq=3478056 Ack=245066 Win=64 Len=2920 [TCP PDU reassembled in 6845]"
"6843","66.608515","FioImma.local","ab.chatgpt.com","TCP","54","54679  >  443 [ACK] Seq=245066 Ack=3480976 Win=2056 Len=0"
"6844","66.614676","ab.chatgpt.com","FioImma.local","TCP","7354","443  >  54679 [PSH, ACK] Seq=3480976 Ack=245066 Win=64 Len=7300 [TCP PDU reassembled in 6845]"
"6845","66.614676","ab.chatgpt.com","FioImma.local","TLSv1.2","456","Application Data"
"6846","66.614676","ab.chatgpt.com","FioImma.local","TCP","1514","443  >  54679 [ACK] Seq=3488678 Ack=245066 Win=64 Len=1460 [TCP PDU reassembled in 6849]"
"6847","66.614729","FioImma.local","ab.chatgpt.com","TCP","54","54679  >  443 [ACK] Seq=245066 Ack=3490138 Win=2056 Len=0"
"6848","66.614800","ab.chatgpt.com","FioImma.local","TCP","4434","443  >  54679 [ACK] Seq=3490138 Ack=245066 Win=64 Len=4380 [TCP PDU reassembled in 6849]"
"6849","66.614800","ab.chatgpt.com","FioImma.local","TLSv1.2","282","Application Data"
"6850","66.614800","ab.chatgpt.com","FioImma.local","TCP","4434","443  >  54679 [ACK] Seq=3494746 Ack=245066 Win=64 Len=4380 [TCP PDU reassembled in 6853]"
"6851","66.614831","FioImma.local","ab.chatgpt.com","TCP","54","54679  >  443 [ACK] Seq=245066 Ack=3499126 Win=2056 Len=0"
"6852","66.614949","ab.chatgpt.com","FioImma.local","TCP","1514","443  >  54679 [ACK] Seq=3499126 Ack=245066 Win=64 Len=1460 [TCP PDU reassembled in 6853]"
"6853","66.614949","ab.chatgpt.com","FioImma.local","TLSv1.2","282","Application Data"
"6854","66.614959","FioImma.local","ab.chatgpt.com","TCP","54","54679  >  443 [ACK] Seq=245066 Ack=3500814 Win=2056 Len=0"
"6855","66.621346","FioImma.local","maa03s42-in-f22.1e100.net","TLSv1.2","220","Application Data"
"6856","66.626202","rr2.sn-o3o-itqz.googlevideo.com","FioImma.local","TCP","54","443  >  54763 [ACK] Seq=2 Ack=3 Win=1466 Len=0"
"6857","66.631763","rr2.sn-o3o-itqz.googlevideo.com","FioImma.local","TCP","66","443  >  54867 [SYN, ACK] Seq=0 Ack=1 Win=65535 Len=0 MSS=1460 SACK_PERM WS=256"
"6858","66.631763","maa03s42-in-f22.1e100.net","FioImma.local","TCP","60","443  >  54649 [ACK] Seq=23682 Ack=717 Win=489 Len=0"
"6859","66.631763","maa03s42-in-f22.1e100.net","FioImma.local","TLSv1.2","217","Application Data"
"6860","66.631763","maa03s42-in-f22.1e100.net","FioImma.local","TLSv1.2","9938","Application Data, Application Data, Application Data, Application Data, Application Data, Application Data, Application Data"
"6861","66.631878","FioImma.local","rr2.sn-o3o-itqz.googlevideo.com","TCP","54","54867  >  443 [ACK] Seq=1 Ack=1 Win=131328 Len=0"
"6862","66.631909","FioImma.local","maa03s42-in-f22.1e100.net","TCP","54","54649  >  443 [ACK] Seq=717 Ack=33729 Win=2051 Len=0"
"6863","66.632013","maa03s42-in-f22.1e100.net","FioImma.local","TLSv1.2","4290","Application Data, Application Data, Application Data"
"6864","66.632044","FioImma.local","maa03s42-in-f22.1e100.net","TCP","54","54649  >  443 [ACK] Seq=717 Ack=37965 Win=2051 Len=0"
"6865","66.633098","maa03s42-in-f22.1e100.net","FioImma.local","TLSv1.2","4290","Application Data, Application Data, Application Data"
"6866","66.633138","FioImma.local","maa03s42-in-f22.1e100.net","TCP","54","54649  >  443 [ACK] Seq=717 Ack=42201 Win=2051 Len=0"
"6867","66.633435","FioImma.local","rr2.sn-o3o-itqz.googlevideo.com","TCP","1514","54867  >  443 [ACK] Seq=1 Ack=1 Win=131328 Len=1460 [TCP PDU reassembled in 6868]"
"6868","66.633435","FioImma.local","rr2.sn-o3o-itqz.googlevideo.com","TLSv1.3","369","Client Hello (SNI=rr2---sn-o3o-itqz.googlevideo.com)"
"6869","66.633740","maa03s42-in-f22.1e100.net","FioImma.local","TLSv1.2","22646","Application Data, Application Data, Application Data, Application Data, Application Data, Application Data, Application Data, Application Data, Application Data, Application Data, Application Data, Application Data, Application Data, Application Data, Application Data, Application Data"
"6870","66.633774","FioImma.local","maa03s42-in-f22.1e100.net","TCP","54","54649  >  443 [ACK] Seq=717 Ack=64793 Win=2051 Len=0"
"6871","66.637597","ab.chatgpt.com","FioImma.local","TCP","2974","443  >  54679 [ACK] Seq=3500814 Ack=245066 Win=64 Len=2920 [TCP PDU reassembled in 6872]"
"6872","66.637597","ab.chatgpt.com","FioImma.local","TLSv1.2","1353","Application Data"
"6873","66.637597","ab.chatgpt.com","FioImma.local","TCP","1514","443  >  54679 [ACK] Seq=3505033 Ack=245066 Win=64 Len=1460 [TCP PDU reassembled in 6874]"
"6874","66.637597","ab.chatgpt.com","FioImma.local","TLSv1.2","474","Application Data"
"6875","66.637597","ab.chatgpt.com","FioImma.local","TCP","5894","443  >  54679 [ACK] Seq=3506913 Ack=245066 Win=64 Len=5840 [TCP PDU reassembled in 6876]"
"6876","66.637597","ab.chatgpt.com","FioImma.local","TLSv1.2","282","Application Data"
"6877","66.637597","ab.chatgpt.com","FioImma.local","TCP","5894","443  >  54679 [ACK] Seq=3512981 Ack=245066 Win=64 Len=5840 [TCP PDU reassembled in 6879]"
"6878","66.637665","FioImma.local","ab.chatgpt.com","TCP","54","54679  >  443 [ACK] Seq=245066 Ack=3518821 Win=2056 Len=0"
"6879","66.638430","ab.chatgpt.com","FioImma.local","TLSv1.2","282","Application Data"
"6880","66.638430","ab.chatgpt.com","FioImma.local","TCP","1514","443  >  54679 [ACK] Seq=3519049 Ack=245066 Win=64 Len=1460 [TCP PDU reassembled in 6883]"
"6881","66.638477","FioImma.local","ab.chatgpt.com","TCP","54","54679  >  443 [ACK] Seq=245066 Ack=3520509 Win=2056 Len=0"
"6882","66.654626","ab.chatgpt.com","FioImma.local","TCP","4434","443  >  54679 [ACK] Seq=3520509 Ack=245066 Win=64 Len=4380 [TCP PDU reassembled in 6883]"
"6883","66.654626","ab.chatgpt.com","FioImma.local","TLSv1.2","282","Application Data"
"6884","66.654626","ab.chatgpt.com","FioImma.local","TCP","11734","443  >  54679 [PSH, ACK] Seq=3525117 Ack=245066 Win=64 Len=11680 [TCP PDU reassembled in 6885]"
"6885","66.654626","ab.chatgpt.com","FioImma.local","TLSv1.2","477","Application Data"
"6886","66.654626","maa03s42-in-f22.1e100.net","FioImma.local","TLSv1.2","7114","Application Data, Application Data, Application Data, Application Data, Application Data"
"6887","66.654626","maa03s42-in-f22.1e100.net","FioImma.local","TLSv1.2","892","Application Data"
"6888","66.654626","maa03s42-in-f22.1e100.net","FioImma.local","TLSv1.2","1466","Application Data"
"6889","66.654626","ab.chatgpt.com","FioImma.local","TCP","4434","443  >  54679 [ACK] Seq=3537220 Ack=245066 Win=64 Len=4380 [TCP PDU reassembled in 6895]"
"6890","66.654626","maa03s42-in-f22.1e100.net","FioImma.local","TLSv1.2","503","Application Data, Application Data"
"6891","66.654728","FioImma.local","ab.chatgpt.com","TCP","54","54679  >  443 [ACK] Seq=245066 Ack=3541600 Win=2056 Len=0"
"6892","66.654754","FioImma.local","maa03s42-in-f22.1e100.net","TCP","54","54649  >  443 [ACK] Seq=717 Ack=74552 Win=2051 Len=0"
"6893","66.655155","FioImma.local","maa03s42-in-f22.1e100.net","TLSv1.2","93","Application Data"
"6894","66.674135","ab.chatgpt.com","FioImma.local","TCP","1514","443  >  54679 [ACK] Seq=3541600 Ack=245066 Win=64 Len=1460 [TCP PDU reassembled in 6895]"
"6895","66.674135","ab.chatgpt.com","FioImma.local","TLSv1.2","314","Application Data"
"6896","66.674135","ab.chatgpt.com","FioImma.local","TCP","5894","443  >  54679 [ACK] Seq=3543320 Ack=245066 Win=64 Len=5840 [TCP PDU reassembled in 6897]"
"6897","66.674135","ab.chatgpt.com","FioImma.local","TLSv1.2","314","Application Data"
"6898","66.674135","ab.chatgpt.com","FioImma.local","TCP","5894","443  >  54679 [ACK] Seq=3549420 Ack=245066 Win=64 Len=5840 [TCP PDU reassembled in 6899]"
"6899","66.674135","ab.chatgpt.com","FioImma.local","TLSv1.2","314","Application Data"
"6900","66.674262","FioImma.local","ab.chatgpt.com","TCP","54","54679  >  443 [ACK] Seq=245066 Ack=3555520 Win=2056 Len=0"
"6901","66.681113","rr2.sn-o3o-itqz.googlevideo.com","FioImma.local","TCP","60","443  >  54867 [ACK] Seq=1 Ack=1461 Win=68608 Len=0"
"6902","66.681113","rr2.sn-o3o-itqz.googlevideo.com","FioImma.local","TCP","60","443  >  54867 [ACK] Seq=1 Ack=1776 Win=71424 Len=0"
"6903","66.681113","rr2.sn-o3o-itqz.googlevideo.com","FioImma.local","TLSv1.3","4434","Server Hello, Change Cipher Spec"
"6904","66.681113","rr2.sn-o3o-itqz.googlevideo.com","FioImma.local","TLSv1.3","187","Application Data"
"6905","66.681113","maa03s42-in-f22.1e100.net","FioImma.local","TCP","60","443  >  54649 [ACK] Seq=74552 Ack=756 Win=489 Len=0"
"6906","66.681246","FioImma.local","rr2.sn-o3o-itqz.googlevideo.com","TCP","54","54867  >  443 [ACK] Seq=1776 Ack=4514 Win=131328 Len=0"
"6907","66.683356","FioImma.local","rr2.sn-o3o-itqz.googlevideo.com","TLSv1.3","118","Change Cipher Spec, Application Data"
"6908","66.683654","FioImma.local","rr2.sn-o3o-itqz.googlevideo.com","TCP","1514","54867  >  443 [ACK] Seq=1840 Ack=4514 Win=131328 Len=1460 [TCP PDU reassembled in 6909]"
"6909","66.683654","FioImma.local","rr2.sn-o3o-itqz.googlevideo.com","TLSv1.3","556","Application Data"
"6910","66.683725","FioImma.local","rr2.sn-o3o-itqz.googlevideo.com","TCP","1514","54867  >  443 [ACK] Seq=3802 Ack=4514 Win=131328 Len=1460 [TCP PDU reassembled in 6911]"
"6911","66.683725","FioImma.local","rr2.sn-o3o-itqz.googlevideo.com","TLSv1.3","364","Application Data"
"6912","66.702160","ab.chatgpt.com","FioImma.local","TCP","1514","443  >  54679 [ACK] Seq=3555520 Ack=245066 Win=64 Len=1460 [TCP PDU reassembled in 6913]"
"6913","66.702160","ab.chatgpt.com","FioImma.local","TLSv1.2","1415","Application Data"
"6914","66.702160","ab.chatgpt.com","FioImma.local","TCP","2974","443  >  54679 [ACK] Seq=3558341 Ack=245066 Win=64 Len=2920 [TCP PDU reassembled in 6915]"
"6915","66.702160","ab.chatgpt.com","FioImma.local","TLSv1.2","444","Application Data"
"6916","66.702160","ab.chatgpt.com","FioImma.local","TCP","5894","443  >  54679 [ACK] Seq=3561651 Ack=245066 Win=64 Len=5840 [TCP PDU reassembled in 6917]"
"6917","66.702160","ab.chatgpt.com","FioImma.local","TLSv1.2","314","Application Data"
"6918","66.702160","ab.chatgpt.com","FioImma.local","TCP","2974","443  >  54679 [ACK] Seq=3567751 Ack=245066 Win=64 Len=2920 [TCP PDU reassembled in 6922]"
"6919","66.702266","FioImma.local","ab.chatgpt.com","TCP","54","54679  >  443 [ACK] Seq=245066 Ack=3570671 Win=2056 Len=0"
"6920","66.702354","ab.chatgpt.com","FioImma.local","TCP","1514","443  >  54679 [ACK] Seq=3570671 Ack=245066 Win=64 Len=1460 [TCP PDU reassembled in 6922]"
"6921","66.702488","ab.chatgpt.com","FioImma.local","TCP","1514","443  >  54679 [ACK] Seq=3572131 Ack=245066 Win=64 Len=1460 [TCP PDU reassembled in 6922]"
"6922","66.702488","ab.chatgpt.com","FioImma.local","TLSv1.2","314","Application Data"
"6923","66.702536","FioImma.local","ab.chatgpt.com","TCP","54","54679  >  443 [ACK] Seq=245066 Ack=3573851 Win=2056 Len=0"
"6924","66.710173","rr2.sn-o3o-itqz.googlevideo.com","FioImma.local","TCP","60","443  >  54867 [ACK] Seq=4514 Ack=3300 Win=74496 Len=0"
"6925","66.717899","rr2.sn-o3o-itqz.googlevideo.com","FioImma.local","TCP","60","443  >  54867 [ACK] Seq=4514 Ack=5262 Win=80384 Len=0"
"6926","66.717899","rr2.sn-o3o-itqz.googlevideo.com","FioImma.local","TLSv1.3","1514","Application Data, Application Data, Application Data, Application Data, Application Data, Application Data, Application Data, Application Data, Application Data, Application Data, Application Data, Application Data, Application Data, Application Data, Application Data"
"6927","66.717899","rr2.sn-o3o-itqz.googlevideo.com","FioImma.local","TLSv1.3","61","Application Data"
"6928","66.717899","rr2.sn-o3o-itqz.googlevideo.com","FioImma.local","TLSv1.3","1514","Application Data, Application Data, Application Data, Application Data, Application Data, Application Data, Application Data, Application Data"
"6929","66.717899","rr2.sn-o3o-itqz.googlevideo.com","FioImma.local","TLSv1.3","532","Application Data, Application Data, Application Data, Application Data, Application Data, Application Data, Application Data, Application Data, Application Data, Application Data, Application Data"
"6930","66.717899","rr2.sn-o3o-itqz.googlevideo.com","FioImma.local","TLSv1.3","7354","Application Data, Application Data, Application Data, Application Data, Application Data, Application Data, Application Data, Application Data, Application Data, Application Data, Application Data, Application Data"
"6931","66.717996","FioImma.local","rr2.sn-o3o-itqz.googlevideo.com","TCP","54","54867  >  443 [ACK] Seq=5572 Ack=15219 Win=131328 Len=0"
"6932","66.718078","rr2.sn-o3o-itqz.googlevideo.com","FioImma.local","TCP","4434","443  >  54867 [PSH, ACK] Seq=15219 Ack=5572 Win=83200 Len=4380 [TCP PDU reassembled in 6936]"
"6933","66.718097","FioImma.local","rr2.sn-o3o-itqz.googlevideo.com","TCP","54","54867  >  443 [ACK] Seq=5572 Ack=19599 Win=131328 Len=0"
"6934","66.718466","rr2.sn-o3o-itqz.googlevideo.com","FioImma.local","TCP","4434","443  >  54867 [ACK] Seq=19599 Ack=5572 Win=83200 Len=4380 [TCP PDU reassembled in 6936]"
"6935","66.718488","FioImma.local","rr2.sn-o3o-itqz.googlevideo.com","TCP","54","54867  >  443 [ACK] Seq=5572 Ack=23979 Win=131328 Len=0"
"6936","66.721256","rr2.sn-o3o-itqz.googlevideo.com","FioImma.local","TLSv1.3","16114","Application Data"
"6937","66.721306","FioImma.local","rr2.sn-o3o-itqz.googlevideo.com","TCP","54","54867  >  443 [ACK] Seq=5572 Ack=40039 Win=131328 Len=0"
"6938","66.721331","rr2.sn-o3o-itqz.googlevideo.com","FioImma.local","TLSv1.3","2974","Application Data, Application Data, Application Data, Application Data, Application Data, Application Data, Application Data"
"6939","66.721337","FioImma.local","rr2.sn-o3o-itqz.googlevideo.com","TCP","54","54867  >  443 [ACK] Seq=5572 Ack=42959 Win=131328 Len=0"
"6940","66.721950","rr2.sn-o3o-itqz.googlevideo.com","FioImma.local","TCP","4434","443  >  54867 [ACK] Seq=42959 Ack=5572 Win=83200 Len=4380 [TCP PDU reassembled in 6942]"
"6941","66.721965","FioImma.local","rr2.sn-o3o-itqz.googlevideo.com","TCP","54","54867  >  443 [ACK] Seq=5572 Ack=47339 Win=131328 Len=0"
"6942","66.726221","rr2.sn-o3o-itqz.googlevideo.com","FioImma.local","TLSv1.3","23414","Application Data"
"6943","66.726316","FioImma.local","rr2.sn-o3o-itqz.googlevideo.com","TCP","54","54867  >  443 [ACK] Seq=5572 Ack=70699 Win=131328 Len=0"
"6944","66.728211","FioImma.local","maa03s41-in-f14.1e100.net","TCP","1466","54642  >  443 [ACK] Seq=56491 Ack=40034 Win=512 Len=1412 [TCP PDU reassembled in 6947]"
"6945","66.728211","FioImma.local","maa03s41-in-f14.1e100.net","TCP","1466","54642  >  443 [ACK] Seq=57903 Ack=40034 Win=512 Len=1412 [TCP PDU reassembled in 6947]"
"6946","66.728211","FioImma.local","maa03s41-in-f14.1e100.net","TCP","1466","54642  >  443 [ACK] Seq=59315 Ack=40034 Win=512 Len=1412 [TCP PDU reassembled in 6947]"
"6947","66.728211","FioImma.local","maa03s41-in-f14.1e100.net","TLSv1.2","386","Application Data"
"6948","66.728271","rr2.sn-o3o-itqz.googlevideo.com","FioImma.local","TLSv1.3","14654","Application Data, Application Data, Application Data, Application Data"
"6949","66.728311","FioImma.local","maa03s41-in-f14.1e100.net","TLSv1.2","311","Application Data"
"6950","66.728328","FioImma.local","rr2.sn-o3o-itqz.googlevideo.com","TCP","54","54867  >  443 [ACK] Seq=5572 Ack=85299 Win=131328 Len=0"
"6951","66.728375","rr2.sn-o3o-itqz.googlevideo.com","FioImma.local","TCP","4434","443  >  54867 [PSH, ACK] Seq=85299 Ack=5572 Win=83200 Len=4380 [TCP PDU reassembled in 6957]"
"6952","66.728375","tattle.api.osano.com","FioImma.local","TCP","60","443  >  54866 [ACK] Seq=1 Ack=1461 Win=45056 Len=0"
"6953","66.728405","FioImma.local","rr2.sn-o3o-itqz.googlevideo.com","TCP","54","54867  >  443 [ACK] Seq=5572 Ack=89679 Win=131328 Len=0"
"6954","66.729563","tattle.api.osano.com","FioImma.local","TCP","60","443  >  54866 [ACK] Seq=1 Ack=1915 Win=47872 Len=0"
"6955","66.729563","rr2.sn-o3o-itqz.googlevideo.com","FioImma.local","TCP","1514","443  >  54867 [ACK] Seq=89679 Ack=5572 Win=83200 Len=1460 [TCP PDU reassembled in 6957]"
"6956","66.730826","tattle.api.osano.com","FioImma.local","TLSv1.3","2974","Server Hello, Change Cipher Spec, Application Data"
"6957","66.730826","rr2.sn-o3o-itqz.googlevideo.com","FioImma.local","TLSv1.3","10274","Application Data"
"6958","66.730826","tattle.api.osano.com","FioImma.local","TLSv1.3","1480","Application Data, Application Data, Application Data"
"6959","66.730887","FioImma.local","tattle.api.osano.com","TCP","54","54866  >  443 [ACK] Seq=1915 Ack=4347 Win=131328 Len=0"
"6960","66.730910","FioImma.local","rr2.sn-o3o-itqz.googlevideo.com","TCP","54","54867  >  443 [ACK] Seq=5572 Ack=101359 Win=131328 Len=0"
"6961","66.730945","rr2.sn-o3o-itqz.googlevideo.com","FioImma.local","TCP","4434","443  >  54867 [ACK] Seq=101359 Ack=5572 Win=83200 Len=4380 [TCP PDU reassembled in 6963]"
"6962","66.730961","FioImma.local","rr2.sn-o3o-itqz.googlevideo.com","TCP","54","54867  >  443 [ACK] Seq=5572 Ack=105739 Win=131328 Len=0"
"6963","66.731430","rr2.sn-o3o-itqz.googlevideo.com","FioImma.local","TLSv1.3","4434","Application Data, Application Data, Application Data, Application Data"
"6964","66.731468","FioImma.local","rr2.sn-o3o-itqz.googlevideo.com","TCP","54","54867  >  443 [ACK] Seq=5572 Ack=110119 Win=131328 Len=0"
"6965","66.736615","FioImma.local","tattle.api.osano.com","TLSv1.3","118","Change Cipher Spec, Application Data"
"6966","66.736798","FioImma.local","tattle.api.osano.com","TLSv1.3","146","Application Data"
"6967","66.737001","FioImma.local","tattle.api.osano.com","TLSv1.3","425","Application Data"
"6968","66.739266","ab.chatgpt.com","FioImma.local","TCP","5894","443  >  54679 [ACK] Seq=3573851 Ack=245066 Win=64 Len=5840 [TCP PDU reassembled in 6969]"
"6969","66.739266","ab.chatgpt.com","FioImma.local","TLSv1.2","314","Application Data"
"6970","66.739266","ab.chatgpt.com","FioImma.local","TCP","1514","443  >  54679 [ACK] Seq=3579951 Ack=245066 Win=64 Len=1460 [TCP PDU reassembled in 6971]"
"6971","66.739266","ab.chatgpt.com","FioImma.local","TLSv1.2","1415","Application Data"
"6972","66.739266","ab.chatgpt.com","FioImma.local","TCP","2974","443  >  54679 [ACK] Seq=3582772 Ack=245066 Win=64 Len=2920 [TCP PDU reassembled in 6973]"
"6973","66.739266","ab.chatgpt.com","FioImma.local","TLSv1.2","444","Application Data"
"6974","66.739333","FioImma.local","ab.chatgpt.com","TCP","54","54679  >  443 [ACK] Seq=245066 Ack=3586082 Win=2056 Len=0"
"6975","66.739396","ab.chatgpt.com","FioImma.local","TCP","4434","443  >  54679 [ACK] Seq=3586082 Ack=245066 Win=64 Len=4380 [TCP PDU reassembled in 6978]"
"6976","66.739411","FioImma.local","ab.chatgpt.com","TCP","54","54679  >  443 [ACK] Seq=245066 Ack=3590462 Win=2056 Len=0"
"6977","66.739538","ab.chatgpt.com","FioImma.local","TCP","1514","443  >  54679 [ACK] Seq=3590462 Ack=245066 Win=64 Len=1460 [TCP PDU reassembled in 6978]"
"6978","66.739538","ab.chatgpt.com","FioImma.local","TLSv1.2","303","Application Data"
"6979","66.739538","ab.chatgpt.com","FioImma.local","TCP","1514","443  >  54679 [ACK] Seq=3592171 Ack=245066 Win=64 Len=1460 [TCP PDU reassembled in 7002]"
"6980","66.739555","FioImma.local","ab.chatgpt.com","TCP","54","54679  >  443 [ACK] Seq=245066 Ack=3593631 Win=2056 Len=0"
"6981","66.748887","rr2.sn-o3o-itqz.googlevideo.com","FioImma.local","TCP","1514","443  >  54867 [PSH, ACK] Seq=110119 Ack=5572 Win=83200 Len=1460 [TCP PDU reassembled in 6985]"
"6982","66.748887","maa03s41-in-f14.1e100.net","FioImma.local","TCP","60","443  >  54642 [ACK] Seq=40034 Ack=59315 Win=2048 Len=0"
"6983","66.748887","maa03s41-in-f14.1e100.net","FioImma.local","TCP","60","443  >  54642 [ACK] Seq=40034 Ack=61059 Win=2048 Len=0"
"6984","66.748887","maa03s41-in-f14.1e100.net","FioImma.local","TCP","60","443  >  54642 [ACK] Seq=40034 Ack=61316 Win=2048 Len=0"
"6985","66.748887","rr2.sn-o3o-itqz.googlevideo.com","FioImma.local","TLSv1.3","13194","Application Data"
"6986","66.748968","FioImma.local","rr2.sn-o3o-itqz.googlevideo.com","TCP","54","54867  >  443 [ACK] Seq=5572 Ack=124719 Win=131328 Len=0"
"6987","66.749422","rr2.sn-o3o-itqz.googlevideo.com","FioImma.local","TCP","4434","443  >  54867 [PSH, ACK] Seq=124719 Ack=5572 Win=83200 Len=4380 [TCP PDU reassembled in 6989]"
"6988","66.749453","FioImma.local","rr2.sn-o3o-itqz.googlevideo.com","TCP","54","54867  >  443 [ACK] Seq=5572 Ack=129099 Win=131328 Len=0"
"6989","66.752748","rr2.sn-o3o-itqz.googlevideo.com","FioImma.local","TLSv1.3","13194","Application Data, Application Data, Application Data, Application Data"
"6990","66.752831","FioImma.local","rr2.sn-o3o-itqz.googlevideo.com","TCP","54","54867  >  443 [ACK] Seq=5572 Ack=142239 Win=262656 Len=0"
"6991","66.752903","rr2.sn-o3o-itqz.googlevideo.com","FioImma.local","TCP","5894","443  >  54867 [PSH, ACK] Seq=142239 Ack=5572 Win=83200 Len=5840 [TCP PDU reassembled in 6995]"
"6992","66.752934","FioImma.local","rr2.sn-o3o-itqz.googlevideo.com","TCP","54","54867  >  443 [ACK] Seq=5572 Ack=148079 Win=262656 Len=0"
"6993","66.753593","rr2.sn-o3o-itqz.googlevideo.com","FioImma.local","TCP","4434","443  >  54867 [ACK] Seq=148079 Ack=5572 Win=83200 Len=4380 [TCP PDU reassembled in 6995]"
"6994","66.753641","FioImma.local","rr2.sn-o3o-itqz.googlevideo.com","TCP","54","54867  >  443 [ACK] Seq=5572 Ack=152459 Win=262656 Len=0"
"6995","66.757065","rr2.sn-o3o-itqz.googlevideo.com","FioImma.local","TLSv1.3","13194","Application Data"
"6996","66.757126","FioImma.local","rr2.sn-o3o-itqz.googlevideo.com","TCP","54","54867  >  443 [ACK] Seq=5572 Ack=165599 Win=262656 Len=0"
"6997","66.757176","rr2.sn-o3o-itqz.googlevideo.com","FioImma.local","TCP","5894","443  >  54867 [PSH, ACK] Seq=165599 Ack=5572 Win=83200 Len=5840 [TCP PDU reassembled in 6999]"
"6998","66.757209","FioImma.local","rr2.sn-o3o-itqz.googlevideo.com","TCP","54","54867  >  443 [ACK] Seq=5572 Ack=171439 Win=262656 Len=0"
"6999","66.757837","rr2.sn-o3o-itqz.googlevideo.com","FioImma.local","TLSv1.3","4434","Application Data, Application Data, Application Data, Application Data"
"7000","66.757875","FioImma.local","rr2.sn-o3o-itqz.googlevideo.com","TCP","54","54867  >  443 [ACK] Seq=5572 Ack=175819 Win=262656 Len=0"
"7001","66.759559","ab.chatgpt.com","FioImma.local","TCP","4434","443  >  54679 [ACK] Seq=3593631 Ack=245066 Win=64 Len=4380 [TCP PDU reassembled in 7002]"
"7002","66.759559","ab.chatgpt.com","FioImma.local","TLSv1.2","346","Application Data"
"7003","66.759559","ab.chatgpt.com","FioImma.local","TCP","4434","443  >  54679 [ACK] Seq=3598303 Ack=245066 Win=64 Len=4380 [TCP PDU reassembled in 7006]"
"7004","66.759613","FioImma.local","ab.chatgpt.com","TCP","54","54679  >  443 [ACK] Seq=245066 Ack=3602683 Win=2056 Len=0"
"7005","66.759660","ab.chatgpt.com","FioImma.local","TCP","1514","443  >  54679 [ACK] Seq=3602683 Ack=245066 Win=64 Len=1460 [TCP PDU reassembled in 7006]"
"7006","66.759660","ab.chatgpt.com","FioImma.local","TLSv1.2","346","Application Data"
"7007","66.759675","FioImma.local","ab.chatgpt.com","TCP","54","54679  >  443 [ACK] Seq=245066 Ack=3604435 Win=2056 Len=0"
"7008","66.759791","ab.chatgpt.com","FioImma.local","TCP","4434","443  >  54679 [ACK] Seq=3604435 Ack=245066 Win=64 Len=4380 [TCP PDU reassembled in 7011]"
"7009","66.759809","FioImma.local","ab.chatgpt.com","TCP","54","54679  >  443 [ACK] Seq=245066 Ack=3608815 Win=2056 Len=0"
"7010","66.759931","ab.chatgpt.com","FioImma.local","TCP","1514","443  >  54679 [ACK] Seq=3608815 Ack=245066 Win=64 Len=1460 [TCP PDU reassembled in 7011]"
"7011","66.759931","ab.chatgpt.com","FioImma.local","TLSv1.2","346","Application Data"
"7012","66.759971","FioImma.local","ab.chatgpt.com","TCP","54","54679  >  443 [ACK] Seq=245066 Ack=3610567 Win=2056 Len=0"
"7013","66.760564","rr2.sn-o3o-itqz.googlevideo.com","FioImma.local","TLSv1.3","4434","Application Data, Application Data, Application Data, Application Data, Application Data, Application Data, Application Data, Application Data, Application Data, Application Data"
"7014","66.760606","FioImma.local","rr2.sn-o3o-itqz.googlevideo.com","TCP","54","54867  >  443 [ACK] Seq=5572 Ack=180199 Win=262656 Len=0"
"7015","66.761249","rr2.sn-o3o-itqz.googlevideo.com","FioImma.local","TCP","2974","443  >  54867 [PSH, ACK] Seq=180199 Ack=5572 Win=83200 Len=2920 [TCP PDU reassembled in 7022]"
"7016","66.761290","FioImma.local","rr2.sn-o3o-itqz.googlevideo.com","TCP","54","54867  >  443 [ACK] Seq=5572 Ack=183119 Win=262656 Len=0"
"7017","66.761354","rr2.sn-o3o-itqz.googlevideo.com","FioImma.local","TCP","1514","443  >  54867 [ACK] Seq=183119 Ack=5572 Win=83200 Len=1460 [TCP PDU reassembled in 7022]"
"7018","66.762137","rr2.sn-o3o-itqz.googlevideo.com","FioImma.local","TCP","4434","443  >  54867 [PSH, ACK] Seq=184579 Ack=5572 Win=83200 Len=4380 [TCP PDU reassembled in 7022]"
"7019","66.762170","FioImma.local","rr2.sn-o3o-itqz.googlevideo.com","TCP","54","54867  >  443 [ACK] Seq=5572 Ack=188959 Win=262656 Len=0"
"7020","66.762470","rr2.sn-o3o-itqz.googlevideo.com","FioImma.local","TCP","4434","443  >  54867 [ACK] Seq=188959 Ack=5572 Win=83200 Len=4380 [TCP PDU reassembled in 7022]"
"7021","66.762512","FioImma.local","rr2.sn-o3o-itqz.googlevideo.com","TCP","54","54867  >  443 [ACK] Seq=5572 Ack=193339 Win=262656 Len=0"
"7022","66.763338","rr2.sn-o3o-itqz.googlevideo.com","FioImma.local","TLSv1.3","2974","Application Data"
"7023","66.763374","FioImma.local","rr2.sn-o3o-itqz.googlevideo.com","TCP","54","54867  >  443 [ACK] Seq=5572 Ack=196259 Win=262656 Len=0"
"7024","66.763420","rr2.sn-o3o-itqz.googlevideo.com","FioImma.local","TCP","1514","443  >  54867 [ACK] Seq=196259 Ack=5572 Win=83200 Len=1460 [TCP PDU reassembled in 7030]"
"7025","66.763434","FioImma.local","rr2.sn-o3o-itqz.googlevideo.com","TCP","54","54867  >  443 [ACK] Seq=5572 Ack=197719 Win=262656 Len=0"
"7026","66.763819","rr2.sn-o3o-itqz.googlevideo.com","FioImma.local","TCP","4434","443  >  54867 [PSH, ACK] Seq=197719 Ack=5572 Win=83200 Len=4380 [TCP PDU reassembled in 7030]"
"7027","66.763864","FioImma.local","rr2.sn-o3o-itqz.googlevideo.com","TCP","54","54867  >  443 [ACK] Seq=5572 Ack=202099 Win=262656 Len=0"
"7028","66.764762","rr2.sn-o3o-itqz.googlevideo.com","FioImma.local","TCP","4434","443  >  54867 [PSH, ACK] Seq=202099 Ack=5572 Win=83200 Len=4380 [TCP PDU reassembled in 7030]"
"7029","66.764816","FioImma.local","rr2.sn-o3o-itqz.googlevideo.com","TCP","54","54867  >  443 [ACK] Seq=5572 Ack=206479 Win=262656 Len=0"
"7030","66.765064","rr2.sn-o3o-itqz.googlevideo.com","FioImma.local","TLSv1.3","4434","Application Data, Application Data, Application Data, Application Data"
"7031","66.765089","FioImma.local","rr2.sn-o3o-itqz.googlevideo.com","TCP","54","54867  >  443 [ACK] Seq=5572 Ack=210859 Win=262656 Len=0"
"7032","66.765492","rr2.sn-o3o-itqz.googlevideo.com","FioImma.local","TCP","4434","443  >  54867 [PSH, ACK] Seq=210859 Ack=5572 Win=83200 Len=4380 [TCP PDU reassembled in 7043]"
"7033","66.765536","FioImma.local","rr2.sn-o3o-itqz.googlevideo.com","TCP","54","54867  >  443 [ACK] Seq=5572 Ack=215239 Win=262656 Len=0"
"7034","66.766474","rr2.sn-o3o-itqz.googlevideo.com","FioImma.local","TCP","7354","443  >  54867 [PSH, ACK] Seq=215239 Ack=5572 Win=83200 Len=7300 [TCP PDU reassembled in 7043]"
"7035","66.766520","FioImma.local","rr2.sn-o3o-itqz.googlevideo.com","TCP","54","54867  >  443 [ACK] Seq=5572 Ack=222539 Win=262656 Len=0"
"7036","66.770848","ab.chatgpt.com","FioImma.local","TCP","11734","443  >  54679 [PSH, ACK] Seq=3610567 Ack=245066 Win=64 Len=11680 [TCP PDU reassembled in 7037]"
"7037","66.770848","ab.chatgpt.com","FioImma.local","TLSv1.2","616","Application Data"
"7038","66.770848","ab.chatgpt.com","FioImma.local","TCP","5894","443  >  54679 [ACK] Seq=3622809 Ack=245066 Win=64 Len=5840 [TCP PDU reassembled in 7039]"
"7039","66.770848","ab.chatgpt.com","FioImma.local","TLSv1.2","378","Application Data"
"7040","66.770900","FioImma.local","ab.chatgpt.com","TCP","54","54679  >  443 [ACK] Seq=245066 Ack=3628973 Win=2056 Len=0"
"7041","66.771046","ab.chatgpt.com","FioImma.local","TCP","2974","443  >  54679 [ACK] Seq=3628973 Ack=245066 Win=64 Len=2920 [TCP PDU reassembled in 7062]"
"7042","66.771063","FioImma.local","ab.chatgpt.com","TCP","54","54679  >  443 [ACK] Seq=245066 Ack=3631893 Win=2056 Len=0"
"7043","66.779134","rr2.sn-o3o-itqz.googlevideo.com","FioImma.local","TLSv1.3","10274","Application Data"
"7044","66.779180","FioImma.local","rr2.sn-o3o-itqz.googlevideo.com","TCP","54","54867  >  443 [ACK] Seq=5572 Ack=232759 Win=262656 Len=0"
"7045","66.779233","rr2.sn-o3o-itqz.googlevideo.com","FioImma.local","TCP","8814","443  >  54867 [PSH, ACK] Seq=232759 Ack=5572 Win=83200 Len=8760 [TCP PDU reassembled in 7047]"
"7046","66.779256","FioImma.local","rr2.sn-o3o-itqz.googlevideo.com","TCP","54","54867  >  443 [ACK] Seq=5572 Ack=241519 Win=262656 Len=0"
"7047","66.779785","rr2.sn-o3o-itqz.googlevideo.com","FioImma.local","TLSv1.3","4434","Application Data, Application Data, Application Data, Application Data"
"7048","66.779813","FioImma.local","rr2.sn-o3o-itqz.googlevideo.com","TCP","54","54867  >  443 [ACK] Seq=5572 Ack=245899 Win=262656 Len=0"
"7049","66.782463","rr2.sn-o3o-itqz.googlevideo.com","FioImma.local","TCP","11734","443  >  54867 [PSH, ACK] Seq=245899 Ack=5572 Win=83200 Len=11680 [TCP PDU reassembled in 7051]"
"7050","66.782496","FioImma.local","rr2.sn-o3o-itqz.googlevideo.com","TCP","54","54867  >  443 [ACK] Seq=5572 Ack=257579 Win=262656 Len=0"
"7051","66.782532","rr2.sn-o3o-itqz.googlevideo.com","FioImma.local","TLSv1.3","4434","Application Data"
"7052","66.782545","FioImma.local","rr2.sn-o3o-itqz.googlevideo.com","TCP","54","54867  >  443 [ACK] Seq=5572 Ack=261959 Win=262656 Len=0"
"7053","66.782566","rr2.sn-o3o-itqz.googlevideo.com","FioImma.local","TCP","2974","443  >  54867 [PSH, ACK] Seq=261959 Ack=5572 Win=83200 Len=2920 [TCP PDU reassembled in 7057]"
"7054","66.782574","FioImma.local","rr2.sn-o3o-itqz.googlevideo.com","TCP","54","54867  >  443 [ACK] Seq=5572 Ack=264879 Win=262656 Len=0"
"7055","66.783534","rr2.sn-o3o-itqz.googlevideo.com","FioImma.local","TCP","4434","443  >  54867 [ACK] Seq=264879 Ack=5572 Win=83200 Len=4380 [TCP PDU reassembled in 7057]"
"7056","66.783561","FioImma.local","rr2.sn-o3o-itqz.googlevideo.com","TCP","54","54867  >  443 [ACK] Seq=5572 Ack=269259 Win=262656 Len=0"
"7057","66.784914","rr2.sn-o3o-itqz.googlevideo.com","FioImma.local","TLSv1.3","10274","Application Data, Application Data, Application Data, Application Data"
"7058","66.784949","FioImma.local","rr2.sn-o3o-itqz.googlevideo.com","TCP","54","54867  >  443 [ACK] Seq=5572 Ack=279479 Win=525568 Len=0"
"7059","66.784998","rr2.sn-o3o-itqz.googlevideo.com","FioImma.local","TCP","4434","443  >  54867 [ACK] Seq=279479 Ack=5572 Win=83200 Len=4380 [TCP PDU reassembled in 7071]"
"7060","66.785013","FioImma.local","rr2.sn-o3o-itqz.googlevideo.com","TCP","54","54867  >  443 [ACK] Seq=5572 Ack=283859 Win=525568 Len=0"
"7061","66.785708","ab.chatgpt.com","FioImma.local","TCP","2974","443  >  54679 [ACK] Seq=3631893 Ack=245066 Win=64 Len=2920 [TCP PDU reassembled in 7062]"
"7062","66.785708","ab.chatgpt.com","FioImma.local","TLSv1.2","378","Application Data"
"7063","66.785708","ab.chatgpt.com","FioImma.local","TCP","5894","443  >  54679 [ACK] Seq=3635137 Ack=245066 Win=64 Len=5840 [TCP PDU reassembled in 7064]"
"7064","66.785708","ab.chatgpt.com","FioImma.local","TLSv1.2","378","Application Data"
"7065","66.785708","ab.chatgpt.com","FioImma.local","TCP","2974","443  >  54679 [ACK] Seq=3641301 Ack=245066 Win=64 Len=2920 [TCP PDU reassembled in 7066]"
"7066","66.785708","ab.chatgpt.com","FioImma.local","TLSv1.2","1353","Application Data"
"7067","66.785708","ab.chatgpt.com","FioImma.local","TCP","1514","443  >  54679 [ACK] Seq=3645520 Ack=245066 Win=64 Len=1460 [TCP PDU reassembled in 7068]"
"7068","66.785708","ab.chatgpt.com","FioImma.local","TLSv1.2","570","Application Data"
"7069","66.785708","ab.chatgpt.com","FioImma.local","TCP","4434","443  >  54679 [ACK] Seq=3647496 Ack=245066 Win=64 Len=4380 [TCP PDU reassembled in 7123]"
"7070","66.785786","FioImma.local","ab.chatgpt.com","TCP","54","54679  >  443 [ACK] Seq=245066 Ack=3651876 Win=2056 Len=0"
"7071","66.788110","rr2.sn-o3o-itqz.googlevideo.com","FioImma.local","TLSv1.3","27794","Application Data, Application Data, Application Data, Application Data, Application Data"
"7072","66.788154","FioImma.local","rr2.sn-o3o-itqz.googlevideo.com","TCP","54","54867  >  443 [ACK] Seq=5572 Ack=311599 Win=525568 Len=0"
"7073","66.788195","rr2.sn-o3o-itqz.googlevideo.com","FioImma.local","TCP","4434","443  >  54867 [PSH, ACK] Seq=311599 Ack=5572 Win=83200 Len=4380 [TCP PDU reassembled in 7075]"
"7074","66.788209","FioImma.local","rr2.sn-o3o-itqz.googlevideo.com","TCP","54","54867  >  443 [ACK] Seq=5572 Ack=315979 Win=525568 Len=0"
"7075","66.790216","rr2.sn-o3o-itqz.googlevideo.com","FioImma.local","TLSv1.3","10274","Application Data"
"7076","66.790256","FioImma.local","rr2.sn-o3o-itqz.googlevideo.com","TCP","54","54867  >  443 [ACK] Seq=5572 Ack=326199 Win=525568 Len=0"
"7077","66.790284","rr2.sn-o3o-itqz.googlevideo.com","FioImma.local","TCP","4434","443  >  54867 [ACK] Seq=326199 Ack=5572 Win=83200 Len=4380 [TCP PDU reassembled in 7081]"
"7078","66.790298","FioImma.local","rr2.sn-o3o-itqz.googlevideo.com","TCP","54","54867  >  443 [ACK] Seq=5572 Ack=330579 Win=525568 Len=0"
"7079","66.790330","rr2.sn-o3o-itqz.googlevideo.com","FioImma.local","TCP","4434","443  >  54867 [PSH, ACK] Seq=330579 Ack=5572 Win=83200 Len=4380 [TCP PDU reassembled in 7081]"
"7080","66.790343","FioImma.local","rr2.sn-o3o-itqz.googlevideo.com","TCP","54","54867  >  443 [ACK] Seq=5572 Ack=334959 Win=525568 Len=0"
"7081","66.791489","rr2.sn-o3o-itqz.googlevideo.com","FioImma.local","TLSv1.3","8814","Application Data, Application Data, Application Data, Application Data"
"7082","66.791489","maa03s41-in-f14.1e100.net","FioImma.local","TLSv1.2","135","Application Data"
"7083","66.791489","maa03s41-in-f14.1e100.net","FioImma.local","TLSv1.2","85","Application Data"
"7084","66.791489","maa03s41-in-f14.1e100.net","FioImma.local","TLSv1.2","93","Application Data"
"7085","66.791489","rr2.sn-o3o-itqz.googlevideo.com","FioImma.local","TCP","1514","443  >  54867 [ACK] Seq=343719 Ack=5572 Win=83200 Len=1460 [TCP PDU reassembled in 7091]"
"7086","66.791540","FioImma.local","rr2.sn-o3o-itqz.googlevideo.com","TCP","54","54867  >  443 [ACK] Seq=5572 Ack=345179 Win=525568 Len=0"
"7087","66.791557","FioImma.local","maa03s41-in-f14.1e100.net","TCP","54","54642  >  443 [ACK] Seq=61316 Ack=40185 Win=512 Len=0"
"7088","66.791631","rr2.sn-o3o-itqz.googlevideo.com","FioImma.local","TCP","8814","443  >  54867 [PSH, ACK] Seq=345179 Ack=5572 Win=83200 Len=8760 [TCP PDU reassembled in 7091]"
"7089","66.791666","FioImma.local","rr2.sn-o3o-itqz.googlevideo.com","TCP","54","54867  >  443 [ACK] Seq=5572 Ack=353939 Win=525568 Len=0"
"7090","66.792538","FioImma.local","maa03s41-in-f14.1e100.net","TLSv1.2","93","Application Data"
"7091","66.793925","rr2.sn-o3o-itqz.googlevideo.com","FioImma.local","TLSv1.3","7354","Application Data"
"7092","66.793957","FioImma.local","rr2.sn-o3o-itqz.googlevideo.com","TCP","54","54867  >  443 [ACK] Seq=5572 Ack=361239 Win=525568 Len=0"
"7093","66.794166","rr2.sn-o3o-itqz.googlevideo.com","FioImma.local","TLSv1.3","16114","Application Data, Application Data, Application Data, Application Data"
"7094","66.794213","FioImma.local","rr2.sn-o3o-itqz.googlevideo.com","TCP","54","54867  >  443 [ACK] Seq=5572 Ack=377299 Win=525568 Len=0"
"7095","66.796727","rr2.sn-o3o-itqz.googlevideo.com","FioImma.local","TCP","4434","443  >  54867 [PSH, ACK] Seq=377299 Ack=5572 Win=83200 Len=4380 [TCP PDU reassembled in 7099]"
"7096","66.796767","FioImma.local","rr2.sn-o3o-itqz.googlevideo.com","TCP","54","54867  >  443 [ACK] Seq=5572 Ack=381679 Win=525568 Len=0"
"7097","66.797458","rr2.sn-o3o-itqz.googlevideo.com","FioImma.local","TCP","8814","443  >  54867 [PSH, ACK] Seq=381679 Ack=5572 Win=83200 Len=8760 [TCP PDU reassembled in 7099]"
"7098","66.797483","FioImma.local","rr2.sn-o3o-itqz.googlevideo.com","TCP","54","54867  >  443 [ACK] Seq=5572 Ack=390439 Win=525568 Len=0"
"7099","66.797550","rr2.sn-o3o-itqz.googlevideo.com","FioImma.local","TLSv1.3","5894","Application Data"
"7100","66.797591","FioImma.local","rr2.sn-o3o-itqz.googlevideo.com","TCP","54","54867  >  443 [ACK] Seq=5572 Ack=396279 Win=525568 Len=0"
"7101","66.797676","rr2.sn-o3o-itqz.googlevideo.com","FioImma.local","TCP","5894","443  >  54867 [PSH, ACK] Seq=396279 Ack=5572 Win=83200 Len=5840 [TCP PDU reassembled in 7104]"
"7102","66.797693","FioImma.local","rr2.sn-o3o-itqz.googlevideo.com","TCP","54","54867  >  443 [ACK] Seq=5572 Ack=402119 Win=525568 Len=0"
"7103","66.800168","rr2.sn-o3o-itqz.googlevideo.com","FioImma.local","TCP","1514","443  >  54867 [ACK] Seq=402119 Ack=5572 Win=83200 Len=1460 [TCP PDU reassembled in 7104]"
"7104","66.800168","rr2.sn-o3o-itqz.googlevideo.com","FioImma.local","TLSv1.3","14654","Application Data, Application Data, Application Data, Application Data, Application Data, Application Data, Application Data, Application Data, Application Data, Application Data, Application Data, Application Data, Application Data, Application Data"
"7105","66.800201","FioImma.local","rr2.sn-o3o-itqz.googlevideo.com","TCP","54","54867  >  443 [ACK] Seq=5572 Ack=418179 Win=525568 Len=0"
"7106","66.800237","rr2.sn-o3o-itqz.googlevideo.com","FioImma.local","TCP","10274","443  >  54867 [PSH, ACK] Seq=418179 Ack=5572 Win=83200 Len=10220 [TCP PDU reassembled in 7109]"
"7107","66.800264","FioImma.local","rr2.sn-o3o-itqz.googlevideo.com","TCP","54","54867  >  443 [ACK] Seq=5572 Ack=428399 Win=525568 Len=0"
"7108","66.802187","maa03s41-in-f14.1e100.net","FioImma.local","TCP","60","443  >  54642 [ACK] Seq=40185 Ack=61355 Win=2048 Len=0"
"7109","66.802187","rr2.sn-o3o-itqz.googlevideo.com","FioImma.local","TLSv1.3","4434","Application Data"
"7110","66.802241","FioImma.local","rr2.sn-o3o-itqz.googlevideo.com","TCP","54","54867  >  443 [ACK] Seq=5572 Ack=432779 Win=525568 Len=0"
"7111","66.802665","rr2.sn-o3o-itqz.googlevideo.com","FioImma.local","TCP","1514","443  >  54867 [PSH, ACK] Seq=432779 Ack=5572 Win=83200 Len=1460 [TCP PDU reassembled in 7119]"
"7112","66.802665","rr2.sn-o3o-itqz.googlevideo.com","FioImma.local","TCP","4434","443  >  54867 [ACK] Seq=434239 Ack=5572 Win=83200 Len=4380 [TCP PDU reassembled in 7119]"
"7113","66.802701","FioImma.local","rr2.sn-o3o-itqz.googlevideo.com","TCP","54","54867  >  443 [ACK] Seq=5572 Ack=438619 Win=525568 Len=0"
"7114","66.804396","rr2.sn-o3o-itqz.googlevideo.com","FioImma.local","TCP","1514","443  >  54867 [ACK] Seq=438619 Ack=5572 Win=83200 Len=1460 [TCP PDU reassembled in 7119]"
"7115","66.804396","rr2.sn-o3o-itqz.googlevideo.com","FioImma.local","TCP","1514","443  >  54867 [ACK] Seq=440079 Ack=5572 Win=83200 Len=1460 [TCP PDU reassembled in 7119]"
"7116","66.804396","rr2.sn-o3o-itqz.googlevideo.com","FioImma.local","TCP","1514","443  >  54867 [PSH, ACK] Seq=441539 Ack=5572 Win=83200 Len=1460 [TCP PDU reassembled in 7119]"
"7117","66.804396","rr2.sn-o3o-itqz.googlevideo.com","FioImma.local","TCP","1514","443  >  54867 [ACK] Seq=442999 Ack=5572 Win=83200 Len=1460 [TCP PDU reassembled in 7119]"
"7118","66.804396","rr2.sn-o3o-itqz.googlevideo.com","FioImma.local","TCP","1514","443  >  54867 [ACK] Seq=444459 Ack=5572 Win=83200 Len=1460 [TCP PDU reassembled in 7119]"
"7119","66.804396","rr2.sn-o3o-itqz.googlevideo.com","FioImma.local","TLSv1.3","2974","Application Data, Application Data, Application Data, Application Data"
"7120","66.804396","rr2.sn-o3o-itqz.googlevideo.com","FioImma.local","TCP","1514","443  >  54867 [ACK] Seq=448839 Ack=5572 Win=83200 Len=1460 [TCP PDU reassembled in 7136]"
"7121","66.804438","FioImma.local","rr2.sn-o3o-itqz.googlevideo.com","TCP","54","54867  >  443 [ACK] Seq=5572 Ack=450299 Win=525568 Len=0"
"7122","66.804666","ab.chatgpt.com","FioImma.local","TCP","1514","443  >  54679 [ACK] Seq=3651876 Ack=245066 Win=64 Len=1460 [TCP PDU reassembled in 7123]"
"7123","66.804666","ab.chatgpt.com","FioImma.local","TLSv1.2","378","Application Data"
"7124","66.804666","ab.chatgpt.com","FioImma.local","TCP","5894","443  >  54679 [ACK] Seq=3653660 Ack=245066 Win=64 Len=5840 [TCP PDU reassembled in 7125]"
"7125","66.804666","ab.chatgpt.com","FioImma.local","TLSv1.2","378","Application Data"
"7126","66.804666","ab.chatgpt.com","FioImma.local","TCP","1514","443  >  54679 [ACK] Seq=3659824 Ack=245066 Win=64 Len=1460 [TCP PDU reassembled in 7129]"
"7127","66.804714","FioImma.local","ab.chatgpt.com","TCP","54","54679  >  443 [ACK] Seq=245066 Ack=3661284 Win=2056 Len=0"
"7128","66.804757","ab.chatgpt.com","FioImma.local","TCP","4434","443  >  54679 [ACK] Seq=3661284 Ack=245066 Win=64 Len=4380 [TCP PDU reassembled in 7129]"
"7129","66.804757","ab.chatgpt.com","FioImma.local","TLSv1.2","378","Application Data"
"7130","66.804757","ab.chatgpt.com","FioImma.local","TCP","1514","443  >  54679 [ACK] Seq=3665988 Ack=245066 Win=64 Len=1460 [TCP PDU reassembled in 7204]"
"7131","66.804775","FioImma.local","ab.chatgpt.com","TCP","54","54679  >  443 [ACK] Seq=245066 Ack=3667448 Win=2056 Len=0"
"7132","66.805888","ab.chatgpt.com","FioImma.local","TCP","4434","443  >  54679 [ACK] Seq=3667448 Ack=245066 Win=64 Len=4380 [TCP PDU reassembled in 7204]"
"7133","66.805888","rr2.sn-o3o-itqz.googlevideo.com","FioImma.local","TCP","4434","443  >  54867 [PSH, ACK] Seq=450299 Ack=5572 Win=83200 Len=4380 [TCP PDU reassembled in 7136]"
"7134","66.805921","FioImma.local","ab.chatgpt.com","TCP","54","54679  >  443 [ACK] Seq=245066 Ack=3671828 Win=2056 Len=0"
"7135","66.805936","FioImma.local","rr2.sn-o3o-itqz.googlevideo.com","TCP","54","54867  >  443 [ACK] Seq=5572 Ack=454679 Win=525568 Len=0"
"7136","66.806065","rr2.sn-o3o-itqz.googlevideo.com","FioImma.local","TLSv1.3","16114","Application Data"
"7137","66.806096","FioImma.local","rr2.sn-o3o-itqz.googlevideo.com","TCP","54","54867  >  443 [ACK] Seq=5572 Ack=470739 Win=525568 Len=0"
"7138","66.807341","rr2.sn-o3o-itqz.googlevideo.com","FioImma.local","TCP","1514","443  >  54867 [PSH, ACK] Seq=470739 Ack=5572 Win=83200 Len=1460 [TCP PDU reassembled in 7142]"
"7139","66.807341","rr2.sn-o3o-itqz.googlevideo.com","FioImma.local","TCP","1514","443  >  54867 [ACK] Seq=472199 Ack=5572 Win=83200 Len=1460 [TCP PDU reassembled in 7142]"
"7140","66.807367","FioImma.local","rr2.sn-o3o-itqz.googlevideo.com","TCP","54","54867  >  443 [ACK] Seq=5572 Ack=473659 Win=525568 Len=0"
"7141","66.812568","rr2.sn-o3o-itqz.googlevideo.com","FioImma.local","TCP","1514","443  >  54867 [ACK] Seq=473659 Ack=5572 Win=83200 Len=1460 [TCP PDU reassembled in 7142]"
"7142","66.812568","rr2.sn-o3o-itqz.googlevideo.com","FioImma.local","TLSv1.3","7354","Application Data, Application Data, Application Data, Application Data"
"7143","66.812568","rr2.sn-o3o-itqz.googlevideo.com","FioImma.local","TCP","1514","443  >  54867 [ACK] Seq=482419 Ack=5572 Win=83200 Len=1460 [TCP PDU reassembled in 7145]"
"7144","66.812568","rr2.sn-o3o-itqz.googlevideo.com","FioImma.local","TCP","1514","443  >  54867 [ACK] Seq=483879 Ack=5572 Win=83200 Len=1460 [TCP PDU reassembled in 7145]"
"7145","66.812568","rr2.sn-o3o-itqz.googlevideo.com","FioImma.local","TLSv1.3","1514","Application Data, Application Data, Application Data, Application Data, Application Data, Application Data, Application Data"
"7146","66.812568","rr2.sn-o3o-itqz.googlevideo.com","FioImma.local","TCP","1514","443  >  54867 [ACK] Seq=486799 Ack=5572 Win=83200 Len=1460 [TCP PDU reassembled in 7156]"
"7147","66.812568","rr2.sn-o3o-itqz.googlevideo.com","FioImma.local","TCP","1514","443  >  54867 [PSH, ACK] Seq=488259 Ack=5572 Win=83200 Len=1460 [TCP PDU reassembled in 7156]"
"7148","66.812568","rr2.sn-o3o-itqz.googlevideo.com","FioImma.local","TCP","1514","443  >  54867 [ACK] Seq=489719 Ack=5572 Win=83200 Len=1460 [TCP PDU reassembled in 7156]"
"7149","66.812568","rr2.sn-o3o-itqz.googlevideo.com","FioImma.local","TCP","1514","443  >  54867 [ACK] Seq=491179 Ack=5572 Win=83200 Len=1460 [TCP PDU reassembled in 7156]"
"7150","66.812568","rr2.sn-o3o-itqz.googlevideo.com","FioImma.local","TCP","1514","443  >  54867 [ACK] Seq=492639 Ack=5572 Win=83200 Len=1460 [TCP PDU reassembled in 7156]"
"7151","66.812568","rr2.sn-o3o-itqz.googlevideo.com","FioImma.local","TCP","1514","443  >  54867 [ACK] Seq=494099 Ack=5572 Win=83200 Len=1460 [TCP PDU reassembled in 7156]"
"7152","66.812568","rr2.sn-o3o-itqz.googlevideo.com","FioImma.local","TCP","1514","443  >  54867 [ACK] Seq=495559 Ack=5572 Win=83200 Len=1460 [TCP PDU reassembled in 7156]"
"7153","66.812568","rr2.sn-o3o-itqz.googlevideo.com","FioImma.local","TCP","1514","443  >  54867 [ACK] Seq=497019 Ack=5572 Win=83200 Len=1460 [TCP PDU reassembled in 7156]"
"7154","66.812568","rr2.sn-o3o-itqz.googlevideo.com","FioImma.local","TCP","1514","443  >  54867 [PSH, ACK] Seq=498479 Ack=5572 Win=83200 Len=1460 [TCP PDU reassembled in 7156]"
"7155","66.812568","rr2.sn-o3o-itqz.googlevideo.com","FioImma.local","TCP","1514","443  >  54867 [ACK] Seq=499939 Ack=5572 Win=83200 Len=1460 [TCP PDU reassembled in 7156]"
"7156","66.812568","rr2.sn-o3o-itqz.googlevideo.com","FioImma.local","TLSv1.3","1514","Application Data"
"7157","66.812568","rr2.sn-o3o-itqz.googlevideo.com","FioImma.local","TCP","1514","443  >  54867 [ACK] Seq=502859 Ack=5572 Win=83200 Len=1460 [TCP PDU reassembled in 7169]"
"7158","66.812568","rr2.sn-o3o-itqz.googlevideo.com","FioImma.local","TCP","1514","443  >  54867 [ACK] Seq=504319 Ack=5572 Win=83200 Len=1460 [TCP PDU reassembled in 7169]"
"7159","66.812568","rr2.sn-o3o-itqz.googlevideo.com","FioImma.local","TCP","1514","443  >  54867 [ACK] Seq=505779 Ack=5572 Win=83200 Len=1460 [TCP PDU reassembled in 7169]"
"7160","66.812681","FioImma.local","rr2.sn-o3o-itqz.googlevideo.com","TCP","54","54867  >  443 [ACK] Seq=5572 Ack=507239 Win=525568 Len=0"
"7161","66.812792","rr2.sn-o3o-itqz.googlevideo.com","FioImma.local","TCP","1514","443  >  54867 [ACK] Seq=507239 Ack=5572 Win=83200 Len=1460 [TCP PDU reassembled in 7169]"
"7162","66.812792","rr2.sn-o3o-itqz.googlevideo.com","FioImma.local","TCP","1514","443  >  54867 [PSH, ACK] Seq=508699 Ack=5572 Win=83200 Len=1460 [TCP PDU reassembled in 7169]"
"7163","66.812792","rr2.sn-o3o-itqz.googlevideo.com","FioImma.local","TCP","1514","443  >  54867 [ACK] Seq=510159 Ack=5572 Win=83200 Len=1460 [TCP PDU reassembled in 7169]"
"7164","66.812792","rr2.sn-o3o-itqz.googlevideo.com","FioImma.local","TCP","1514","443  >  54867 [ACK] Seq=511619 Ack=5572 Win=83200 Len=1460 [TCP PDU reassembled in 7169]"
"7165","66.812792","rr2.sn-o3o-itqz.googlevideo.com","FioImma.local","TCP","1514","443  >  54867 [ACK] Seq=513079 Ack=5572 Win=83200 Len=1460 [TCP PDU reassembled in 7169]"
"7166","66.812792","rr2.sn-o3o-itqz.googlevideo.com","FioImma.local","TCP","1514","443  >  54867 [ACK] Seq=514539 Ack=5572 Win=83200 Len=1460 [TCP PDU reassembled in 7169]"
"7167","66.812792","rr2.sn-o3o-itqz.googlevideo.com","FioImma.local","TCP","1514","443  >  54867 [ACK] Seq=515999 Ack=5572 Win=83200 Len=1460 [TCP PDU reassembled in 7169]"
"7168","66.812792","rr2.sn-o3o-itqz.googlevideo.com","FioImma.local","TCP","1514","443  >  54867 [ACK] Seq=517459 Ack=5572 Win=83200 Len=1460 [TCP PDU reassembled in 7169]"
"7169","66.812792","rr2.sn-o3o-itqz.googlevideo.com","FioImma.local","TLSv1.3","1514","Application Data, Application Data, Application Data, Application Data, Application Data, Application Data, Application Data"
"7170","66.812792","rr2.sn-o3o-itqz.googlevideo.com","FioImma.local","TCP","1514","443  >  54867 [ACK] Seq=520379 Ack=5572 Win=83200 Len=1460 [TCP PDU reassembled in 7172]"
"7171","66.812828","FioImma.local","rr2.sn-o3o-itqz.googlevideo.com","TCP","54","54867  >  443 [ACK] Seq=5572 Ack=521839 Win=525568 Len=0"
"7172","66.814577","rr2.sn-o3o-itqz.googlevideo.com","FioImma.local","TLSv1.3","19034","Application Data"
"7173","66.814577","rr2.sn-o3o-itqz.googlevideo.com","FioImma.local","TCP","1514","443  >  54867 [ACK] Seq=540819 Ack=5572 Win=83200 Len=1460 [TCP PDU reassembled in 7176]"
"7174","66.814577","rr2.sn-o3o-itqz.googlevideo.com","FioImma.local","TCP","1514","443  >  54867 [ACK] Seq=542279 Ack=5572 Win=83200 Len=1460 [TCP PDU reassembled in 7176]"
"7175","66.814653","FioImma.local","rr2.sn-o3o-itqz.googlevideo.com","TCP","54","54867  >  443 [ACK] Seq=5572 Ack=543739 Win=1051136 Len=0"
"7176","66.815096","rr2.sn-o3o-itqz.googlevideo.com","FioImma.local","TLSv1.3","8814","Application Data, Application Data, Application Data, Application Data"
"7177","66.815131","FioImma.local","rr2.sn-o3o-itqz.googlevideo.com","TCP","54","54867  >  443 [ACK] Seq=5572 Ack=552499 Win=1051136 Len=0"
"7178","66.815634","rr2.sn-o3o-itqz.googlevideo.com","FioImma.local","TCP","10274","443  >  54867 [PSH, ACK] Seq=552499 Ack=5572 Win=83200 Len=10220 [TCP PDU reassembled in 7180]"
"7179","66.815689","FioImma.local","rr2.sn-o3o-itqz.googlevideo.com","TCP","54","54867  >  443 [ACK] Seq=5572 Ack=562719 Win=1051136 Len=0"
"7180","66.816875","rr2.sn-o3o-itqz.googlevideo.com","FioImma.local","TLSv1.3","27794","Application Data, Application Data, Application Data, Application Data, Application Data"
"7181","66.816930","FioImma.local","rr2.sn-o3o-itqz.googlevideo.com","TCP","54","54867  >  443 [ACK] Seq=5572 Ack=590459 Win=1051136 Len=0"
"7182","66.819539","rr2.sn-o3o-itqz.googlevideo.com","FioImma.local","TLSv1.3","21954","Application Data"
"7183","66.819652","FioImma.local","rr2.sn-o3o-itqz.googlevideo.com","TCP","54","54867  >  443 [ACK] Seq=5572 Ack=612359 Win=1051136 Len=0"
"7184","66.820380","rr2.sn-o3o-itqz.googlevideo.com","FioImma.local","TLSv1.3","10274","Application Data, Application Data, Application Data, Application Data"
"7185","66.820422","FioImma.local","rr2.sn-o3o-itqz.googlevideo.com","TCP","54","54867  >  443 [ACK] Seq=5572 Ack=622579 Win=1051136 Len=0"
"7186","66.820469","rr2.sn-o3o-itqz.googlevideo.com","FioImma.local","TCP","7354","443  >  54867 [PSH, ACK] Seq=622579 Ack=5572 Win=83200 Len=7300 [TCP PDU reassembled in 7188]"
"7187","66.820487","FioImma.local","rr2.sn-o3o-itqz.googlevideo.com","TCP","54","54867  >  443 [ACK] Seq=5572 Ack=629879 Win=1051136 Len=0"
"7188","66.820517","rr2.sn-o3o-itqz.googlevideo.com","FioImma.local","TLSv1.3","5894","Application Data"
"7189","66.820535","FioImma.local","rr2.sn-o3o-itqz.googlevideo.com","TCP","54","54867  >  443 [ACK] Seq=5572 Ack=635719 Win=1051136 Len=0"
"7190","66.821563","rr2.sn-o3o-itqz.googlevideo.com","FioImma.local","TLSv1.3","17574","Application Data, Application Data, Application Data, Application Data, Application Data, Application Data, Application Data, Application Data, Application Data, Application Data"
"7191","66.821607","FioImma.local","rr2.sn-o3o-itqz.googlevideo.com","TCP","54","54867  >  443 [ACK] Seq=5572 Ack=653239 Win=1051136 Len=0"
"7192","66.821975","rr2.sn-o3o-itqz.googlevideo.com","FioImma.local","TLSv1.3","5894","Application Data"
"7193","66.821999","FioImma.local","rr2.sn-o3o-itqz.googlevideo.com","TCP","54","54867  >  443 [ACK] Seq=5572 Ack=659079 Win=1051136 Len=0"
"7194","66.823860","rr2.sn-o3o-itqz.googlevideo.com","FioImma.local","TCP","7354","443  >  54867 [ACK] Seq=659079 Ack=5572 Win=83200 Len=7300 [TCP PDU reassembled in 7196]"
"7195","66.823884","FioImma.local","rr2.sn-o3o-itqz.googlevideo.com","TCP","54","54867  >  443 [ACK] Seq=5572 Ack=666379 Win=1051136 Len=0"
"7196","66.823920","rr2.sn-o3o-itqz.googlevideo.com","FioImma.local","TLSv1.3","5894","Application Data, Application Data, Application Data, Application Data"
"7197","66.823933","FioImma.local","rr2.sn-o3o-itqz.googlevideo.com","TCP","54","54867  >  443 [ACK] Seq=5572 Ack=672219 Win=1051136 Len=0"
"7198","66.824126","rr2.sn-o3o-itqz.googlevideo.com","FioImma.local","TCP","7354","443  >  54867 [ACK] Seq=672219 Ack=5572 Win=83200 Len=7300 [TCP PDU reassembled in 7200]"
"7199","66.824153","FioImma.local","rr2.sn-o3o-itqz.googlevideo.com","TCP","54","54867  >  443 [ACK] Seq=5572 Ack=679519 Win=1051136 Len=0"
"7200","66.825213","rr2.sn-o3o-itqz.googlevideo.com","FioImma.local","TLSv1.3","10274","Application Data"
"7201","66.825258","FioImma.local","rr2.sn-o3o-itqz.googlevideo.com","TCP","54","54867  >  443 [ACK] Seq=5572 Ack=689739 Win=1051136 Len=0"
"7202","66.825331","rr2.sn-o3o-itqz.googlevideo.com","FioImma.local","TCP","8814","443  >  54867 [PSH, ACK] Seq=689739 Ack=5572 Win=83200 Len=8760 [TCP PDU reassembled in 7217]"
"7203","66.825351","FioImma.local","rr2.sn-o3o-itqz.googlevideo.com","TCP","54","54867  >  443 [ACK] Seq=5572 Ack=698499 Win=1051136 Len=0"
"7204","66.825652","ab.chatgpt.com","FioImma.local","TLSv1.2","367","Application Data"
"7205","66.825652","rr2.sn-o3o-itqz.googlevideo.com","FioImma.local","TCP","1514","443  >  54867 [ACK] Seq=698499 Ack=5572 Win=83200 Len=1460 [TCP PDU reassembled in 7217]"
"7206","66.825652","ab.chatgpt.com","FioImma.local","TCP","4434","443  >  54679 [ACK] Seq=3672141 Ack=245066 Win=64 Len=4380 [TCP PDU reassembled in 7210]"
"7207","66.825708","FioImma.local","ab.chatgpt.com","TCP","54","54679  >  443 [ACK] Seq=245066 Ack=3676521 Win=2056 Len=0"
"7208","66.825731","FioImma.local","rr2.sn-o3o-itqz.googlevideo.com","TCP","54","54867  >  443 [ACK] Seq=5572 Ack=699959 Win=1051136 Len=0"
"7209","66.825770","ab.chatgpt.com","FioImma.local","TCP","1514","443  >  54679 [ACK] Seq=3676521 Ack=245066 Win=64 Len=1460 [TCP PDU reassembled in 7210]"
"7210","66.825770","ab.chatgpt.com","FioImma.local","TLSv1.2","410","Application Data"
"7211","66.825770","ab.chatgpt.com","FioImma.local","TCP","2974","443  >  54679 [ACK] Seq=3678337 Ack=245066 Win=64 Len=2920 [TCP PDU reassembled in 7216]"
"7212","66.825797","FioImma.local","ab.chatgpt.com","TCP","54","54679  >  443 [ACK] Seq=245066 Ack=3681257 Win=2056 Len=0"
"7213","66.825836","ab.chatgpt.com","FioImma.local","TCP","7354","443  >  54679 [PSH, ACK] Seq=3681257 Ack=245066 Win=64 Len=7300 [TCP PDU reassembled in 7216]"
"7214","66.825865","FioImma.local","ab.chatgpt.com","TCP","54","54679  >  443 [ACK] Seq=245066 Ack=3688557 Win=2056 Len=0"
"7215","66.826685","ab.chatgpt.com","FioImma.local","TCP","1514","443  >  54679 [ACK] Seq=3688557 Ack=245066 Win=64 Len=1460 [TCP PDU reassembled in 7216]"
"7216","66.826685","ab.chatgpt.com","FioImma.local","TLSv1.2","744","Application Data"
"7217","66.826685","rr2.sn-o3o-itqz.googlevideo.com","FioImma.local","TLSv1.3","8814","Application Data, Application Data, Application Data, Application Data"
"7218","66.826738","FioImma.local","ab.chatgpt.com","TCP","54","54679  >  443 [ACK] Seq=245066 Ack=3690707 Win=2056 Len=0"
"7219","66.826763","FioImma.local","rr2.sn-o3o-itqz.googlevideo.com","TCP","54","54867  >  443 [ACK] Seq=5572 Ack=708719 Win=1051136 Len=0"
"7220","66.826807","rr2.sn-o3o-itqz.googlevideo.com","FioImma.local","TCP","5894","443  >  54867 [ACK] Seq=708719 Ack=5572 Win=83200 Len=5840 [TCP PDU reassembled in 7222]"
"7221","66.826828","FioImma.local","rr2.sn-o3o-itqz.googlevideo.com","TCP","54","54867  >  443 [ACK] Seq=5572 Ack=714559 Win=1051136 Len=0"
"7222","66.826871","rr2.sn-o3o-itqz.googlevideo.com","FioImma.local","TLSv1.3","5894","Application Data"
"7223","66.826885","FioImma.local","rr2.sn-o3o-itqz.googlevideo.com","TCP","54","54867  >  443 [ACK] Seq=5572 Ack=720399 Win=1051136 Len=0"
"7224","66.827100","rr2.sn-o3o-itqz.googlevideo.com","FioImma.local","TCP","10274","443  >  54867 [ACK] Seq=720399 Ack=5572 Win=83200 Len=10220 [TCP PDU reassembled in 7226]"
"7225","66.827164","FioImma.local","rr2.sn-o3o-itqz.googlevideo.com","TCP","54","54867  >  443 [ACK] Seq=5572 Ack=730619 Win=1051136 Len=0"
"7226","66.829018","rr2.sn-o3o-itqz.googlevideo.com","FioImma.local","TLSv1.3","23414","Application Data, Application Data, Application Data, Application Data, Application Data"
"7227","66.829085","FioImma.local","rr2.sn-o3o-itqz.googlevideo.com","TCP","54","54867  >  443 [ACK] Seq=5572 Ack=753979 Win=1051136 Len=0"
"7228","66.829148","rr2.sn-o3o-itqz.googlevideo.com","FioImma.local","TCP","5894","443  >  54867 [ACK] Seq=753979 Ack=5572 Win=83200 Len=5840 [TCP PDU reassembled in 7230]"
"7229","66.829172","FioImma.local","rr2.sn-o3o-itqz.googlevideo.com","TCP","54","54867  >  443 [ACK] Seq=5572 Ack=759819 Win=1051136 Len=0"
"7230","66.829275","rr2.sn-o3o-itqz.googlevideo.com","FioImma.local","TLSv1.3","10274","Application Data, Application Data, Application Data, Application Data"
"7231","66.829309","FioImma.local","rr2.sn-o3o-itqz.googlevideo.com","TCP","54","54867  >  443 [ACK] Seq=5572 Ack=770039 Win=1051136 Len=0"
"7232","66.830349","rr2.sn-o3o-itqz.googlevideo.com","FioImma.local","TCP","7354","443  >  54867 [PSH, ACK] Seq=770039 Ack=5572 Win=83200 Len=7300 [TCP PDU reassembled in 7234]"
"7233","66.830433","FioImma.local","rr2.sn-o3o-itqz.googlevideo.com","TCP","54","54867  >  443 [ACK] Seq=5572 Ack=777339 Win=1051136 Len=0"
"7234","66.831971","rr2.sn-o3o-itqz.googlevideo.com","FioImma.local","TLSv1.3","19034","Application Data"
"7235","66.832112","FioImma.local","rr2.sn-o3o-itqz.googlevideo.com","TCP","54","54867  >  443 [ACK] Seq=5572 Ack=796319 Win=1051136 Len=0"
"7236","66.832932","rr2.sn-o3o-itqz.googlevideo.com","FioImma.local","TLSv1.3","10274","Application Data, Application Data, Application Data, Application Data"
"7237","66.832983","FioImma.local","rr2.sn-o3o-itqz.googlevideo.com","TCP","54","54867  >  443 [ACK] Seq=5572 Ack=806539 Win=1051136 Len=0"
"7238","66.833065","rr2.sn-o3o-itqz.googlevideo.com","FioImma.local","TCP","10274","443  >  54867 [PSH, ACK] Seq=806539 Ack=5572 Win=83200 Len=10220 [TCP PDU reassembled in 7240]"
"7239","66.833105","FioImma.local","rr2.sn-o3o-itqz.googlevideo.com","TCP","54","54867  >  443 [ACK] Seq=5572 Ack=816759 Win=1051136 Len=0"
"7240","66.834010","rr2.sn-o3o-itqz.googlevideo.com","FioImma.local","TLSv1.3","2974","Application Data"
"7241","66.834010","rr2.sn-o3o-itqz.googlevideo.com","FioImma.local","TCP","1514","443  >  54867 [ACK] Seq=819679 Ack=5572 Win=83200 Len=1460 [TCP PDU reassembled in 7246]"
"7242","66.834010","rr2.sn-o3o-itqz.googlevideo.com","FioImma.local","TCP","2974","443  >  54867 [ACK] Seq=821139 Ack=5572 Win=83200 Len=2920 [TCP PDU reassembled in 7246]"
"7243","66.834056","FioImma.local","rr2.sn-o3o-itqz.googlevideo.com","TCP","54","54867  >  443 [ACK] Seq=5572 Ack=824059 Win=1051136 Len=0"
"7244","66.834488","rr2.sn-o3o-itqz.googlevideo.com","FioImma.local","TCP","5894","443  >  54867 [PSH, ACK] Seq=824059 Ack=5572 Win=83200 Len=5840 [TCP PDU reassembled in 7246]"
"7245","66.834520","FioImma.local","rr2.sn-o3o-itqz.googlevideo.com","TCP","54","54867  >  443 [ACK] Seq=5572 Ack=829899 Win=1051136 Len=0"
"7246","66.834564","rr2.sn-o3o-itqz.googlevideo.com","FioImma.local","TLSv1.3","5894","Application Data, Application Data, Application Data, Application Data"
"7247","66.834582","FioImma.local","rr2.sn-o3o-itqz.googlevideo.com","TCP","54","54867  >  443 [ACK] Seq=5572 Ack=835739 Win=1051136 Len=0"
"7248","66.836112","rr2.sn-o3o-itqz.googlevideo.com","FioImma.local","TCP","11734","443  >  54867 [PSH, ACK] Seq=835739 Ack=5572 Win=83200 Len=11680 [TCP PDU reassembled in 7250]"
"7249","66.836156","FioImma.local","rr2.sn-o3o-itqz.googlevideo.com","TCP","54","54867  >  443 [ACK] Seq=5572 Ack=847419 Win=1051136 Len=0"
"7250","66.840332","rr2.sn-o3o-itqz.googlevideo.com","FioImma.local","TLSv1.3","19034","Application Data"
"7251","66.840411","FioImma.local","rr2.sn-o3o-itqz.googlevideo.com","TCP","54","54867  >  443 [ACK] Seq=5572 Ack=866399 Win=1051136 Len=0"
"7252","66.840995","rr2.sn-o3o-itqz.googlevideo.com","FioImma.local","TLSv1.3","7354","Application Data, Application Data, Application Data, Application Data"
"7253","66.841029","FioImma.local","rr2.sn-o3o-itqz.googlevideo.com","TCP","54","54867  >  443 [ACK] Seq=5572 Ack=873699 Win=1051136 Len=0"
"7254","66.842291","rr2.sn-o3o-itqz.googlevideo.com","FioImma.local","TLSv1.3","24874","Application Data"
"7255","66.842330","FioImma.local","rr2.sn-o3o-itqz.googlevideo.com","TCP","54","54867  >  443 [ACK] Seq=5572 Ack=898519 Win=1051136 Len=0"
"7256","66.842377","rr2.sn-o3o-itqz.googlevideo.com","FioImma.local","TLSv1.3","7354","Application Data, Application Data, Application Data, Application Data"
"7257","66.842399","FioImma.local","rr2.sn-o3o-itqz.googlevideo.com","TCP","54","54867  >  443 [ACK] Seq=5572 Ack=905819 Win=1051136 Len=0"
"7258","66.842432","rr2.sn-o3o-itqz.googlevideo.com","FioImma.local","TCP","7354","443  >  54867 [PSH, ACK] Seq=905819 Ack=5572 Win=83200 Len=7300 [TCP PDU reassembled in 7260]"
"7259","66.842444","FioImma.local","rr2.sn-o3o-itqz.googlevideo.com","TCP","54","54867  >  443 [ACK] Seq=5572 Ack=913119 Win=1051136 Len=0"
"7260","66.844775","rr2.sn-o3o-itqz.googlevideo.com","FioImma.local","TLSv1.3","48234","Application Data, Application Data, Application Data, Application Data, Application Data, Application Data, Application Data, Application Data, Application Data, Application Data, Application Data, Application Data"
"7261","66.844859","FioImma.local","rr2.sn-o3o-itqz.googlevideo.com","TCP","54","54867  >  443 [ACK] Seq=5572 Ack=961299 Win=1051136 Len=0"
"7262","66.847546","rr2.sn-o3o-itqz.googlevideo.com","FioImma.local","TLSv1.3","1514","Application Data, Application Data, Application Data, Application Data"
"7263","66.847546","rr2.sn-o3o-itqz.googlevideo.com","FioImma.local","TLSv1.3","104","Application Data, Application Data"
"7264","66.847546","ab.chatgpt.com","FioImma.local","TCP","1514","443  >  54679 [ACK] Seq=3690707 Ack=245066 Win=64 Len=1460 [TCP PDU reassembled in 7270]"
"7265","66.847546","ab.chatgpt.com","FioImma.local","TCP","1514","443  >  54679 [ACK] Seq=3692167 Ack=245066 Win=64 Len=1460 [TCP PDU reassembled in 7270]"
"7266","66.847546","ab.chatgpt.com","FioImma.local","TCP","1514","443  >  54679 [ACK] Seq=3693627 Ack=245066 Win=64 Len=1460 [TCP PDU reassembled in 7270]"
"7267","66.847614","FioImma.local","rr2.sn-o3o-itqz.googlevideo.com","TCP","54","54867  >  443 [ACK] Seq=5572 Ack=962809 Win=1051136 Len=0"
"7268","66.847643","FioImma.local","ab.chatgpt.com","TCP","54","54679  >  443 [ACK] Seq=245066 Ack=3695087 Win=2056 Len=0"
"7269","66.847806","ab.chatgpt.com","FioImma.local","TCP","1514","443  >  54679 [ACK] Seq=3695087 Ack=245066 Win=64 Len=1460 [TCP PDU reassembled in 7270]"
"7270","66.847806","ab.chatgpt.com","FioImma.local","TLSv1.2","399","Application Data"
"7271","66.847806","ab.chatgpt.com","FioImma.local","TCP","1514","443  >  54679 [ACK] Seq=3696892 Ack=245066 Win=64 Len=1460 [TCP PDU reassembled in 7275]"
"7272","66.847806","ab.chatgpt.com","FioImma.local","TCP","1514","443  >  54679 [ACK] Seq=3698352 Ack=245066 Win=64 Len=1460 [TCP PDU reassembled in 7275]"
"7273","66.847806","ab.chatgpt.com","FioImma.local","TCP","1514","443  >  54679 [ACK] Seq=3699812 Ack=245066 Win=64 Len=1460 [TCP PDU reassembled in 7275]"
"7274","66.847806","ab.chatgpt.com","FioImma.local","TCP","1514","443  >  54679 [ACK] Seq=3701272 Ack=245066 Win=64 Len=1460 [TCP PDU reassembled in 7275]"
"7275","66.847806","ab.chatgpt.com","FioImma.local","TLSv1.2","442","Application Data"
"7276","66.847806","ab.chatgpt.com","FioImma.local","TCP","1514","443  >  54679 [ACK] Seq=3703120 Ack=245066 Win=64 Len=1460 [TCP PDU reassembled in 7291]"
"7277","66.847806","ab.chatgpt.com","FioImma.local","TCP","1514","443  >  54679 [ACK] Seq=3704580 Ack=245066 Win=64 Len=1460 [TCP PDU reassembled in 7291]"
"7278","66.847806","ab.chatgpt.com","FioImma.local","TCP","1514","443  >  54679 [ACK] Seq=3706040 Ack=245066 Win=64 Len=1460 [TCP PDU reassembled in 7291]"
"7279","66.847806","ab.chatgpt.com","FioImma.local","TCP","1514","443  >  54679 [ACK] Seq=3707500 Ack=245066 Win=64 Len=1460 [TCP PDU reassembled in 7291]"
"7280","66.847806","ab.chatgpt.com","FioImma.local","TCP","1514","443  >  54679 [ACK] Seq=3708960 Ack=245066 Win=64 Len=1460 [TCP PDU reassembled in 7291]"
"7281","66.847806","ab.chatgpt.com","FioImma.local","TCP","1514","443  >  54679 [ACK] Seq=3710420 Ack=245066 Win=64 Len=1460 [TCP PDU reassembled in 7291]"
"7282","66.847872","FioImma.local","ab.chatgpt.com","TCP","54","54679  >  443 [ACK] Seq=245066 Ack=3711880 Win=2056 Len=0"
"7283","66.862714","FioImma.local","maa03s41-in-f14.1e100.net","TCP","1466","54642  >  443 [ACK] Seq=61355 Ack=40185 Win=512 Len=1412 [TCP PDU reassembled in 7286]"
"7284","66.862714","FioImma.local","maa03s41-in-f14.1e100.net","TCP","1466","54642  >  443 [ACK] Seq=62767 Ack=40185 Win=512 Len=1412 [TCP PDU reassembled in 7286]"
"7285","66.862714","FioImma.local","maa03s41-in-f14.1e100.net","TCP","1466","54642  >  443 [ACK] Seq=64179 Ack=40185 Win=512 Len=1412 [TCP PDU reassembled in 7286]"
"7286","66.862714","FioImma.local","maa03s41-in-f14.1e100.net","TLSv1.2","488","Application Data"
"7287","66.863036","FioImma.local","maa03s41-in-f14.1e100.net","TCP","1466","54642  >  443 [ACK] Seq=66025 Ack=40185 Win=512 Len=1412 [TCP PDU reassembled in 7289]"
"7288","66.863036","FioImma.local","maa03s41-in-f14.1e100.net","TCP","1466","54642  >  443 [ACK] Seq=67437 Ack=40185 Win=512 Len=1412 [TCP PDU reassembled in 7289]"
"7289","66.863036","FioImma.local","maa03s41-in-f14.1e100.net","TLSv1.2","965","Application Data"
"7290","66.865018","ab.chatgpt.com","FioImma.local","TCP","2974","443  >  54679 [PSH, ACK] Seq=3711880 Ack=245066 Win=64 Len=2920 [TCP PDU reassembled in 7291]"
"7291","66.865018","ab.chatgpt.com","FioImma.local","TLSv1.2","808","Application Data"
"7292","66.865018","ab.chatgpt.com","FioImma.local","TCP","4434","443  >  54679 [ACK] Seq=3715554 Ack=245066 Win=64 Len=4380 [TCP PDU reassembled in 7295]"
"7293","66.865126","FioImma.local","ab.chatgpt.com","TCP","54","54679  >  443 [ACK] Seq=245066 Ack=3719934 Win=2056 Len=0"
"7294","66.865211","ab.chatgpt.com","FioImma.local","TCP","1514","443  >  54679 [ACK] Seq=3719934 Ack=245066 Win=64 Len=1460 [TCP PDU reassembled in 7295]"
"7295","66.865211","ab.chatgpt.com","FioImma.local","TLSv1.2","442","Application Data"
"7296","66.865211","ab.chatgpt.com","FioImma.local","TCP","4434","443  >  54679 [ACK] Seq=3721782 Ack=245066 Win=64 Len=4380 [TCP PDU reassembled in 7299]"
"7297","66.865253","FioImma.local","ab.chatgpt.com","TCP","54","54679  >  443 [ACK] Seq=245066 Ack=3726162 Win=2056 Len=0"
"7298","66.865290","ab.chatgpt.com","FioImma.local","TCP","1514","443  >  54679 [ACK] Seq=3726162 Ack=245066 Win=64 Len=1460 [TCP PDU reassembled in 7299]"
"7299","66.865290","ab.chatgpt.com","FioImma.local","TLSv1.2","442","Application Data"
"7300","66.865290","ab.chatgpt.com","FioImma.local","TCP","4434","443  >  54679 [ACK] Seq=3728010 Ack=245066 Win=64 Len=4380 [TCP PDU reassembled in 7303]"
"7301","66.865305","FioImma.local","ab.chatgpt.com","TCP","54","54679  >  443 [ACK] Seq=245066 Ack=3732390 Win=2056 Len=0"
"7302","66.874853","ab.chatgpt.com","FioImma.local","TCP","1514","443  >  54679 [ACK] Seq=3732390 Ack=245066 Win=64 Len=1460 [TCP PDU reassembled in 7303]"
"7303","66.874853","ab.chatgpt.com","FioImma.local","TLSv1.2","442","Application Data"
"7304","66.874853","ab.chatgpt.com","FioImma.local","TCP","5894","443  >  54679 [ACK] Seq=3734238 Ack=245066 Win=64 Len=5840 [TCP PDU reassembled in 7305]"
"7305","66.874853","ab.chatgpt.com","FioImma.local","TLSv1.2","442","Application Data"
"7306","66.874853","ab.chatgpt.com","FioImma.local","TCP","2974","443  >  54679 [ACK] Seq=3740466 Ack=245066 Win=64 Len=2920 [TCP PDU reassembled in 7309]"
"7307","66.874969","FioImma.local","ab.chatgpt.com","TCP","54","54679  >  443 [ACK] Seq=245066 Ack=3743386 Win=2056 Len=0"
"7308","66.875068","ab.chatgpt.com","FioImma.local","TCP","2974","443  >  54679 [ACK] Seq=3743386 Ack=245066 Win=64 Len=2920 [TCP PDU reassembled in 7309]"
"7309","66.875068","ab.chatgpt.com","FioImma.local","TLSv1.2","442","Application Data"
"7310","66.875068","ab.chatgpt.com","FioImma.local","TCP","1514","443  >  54679 [ACK] Seq=3746694 Ack=245066 Win=64 Len=1460 [TCP PDU reassembled in 7318]"
"7311","66.875094","FioImma.local","ab.chatgpt.com","TCP","54","54679  >  443 [ACK] Seq=245066 Ack=3748154 Win=2056 Len=0"
"7312","66.878760","ab.chatgpt.com","FioImma.local","TCP","4434","443  >  54679 [ACK] Seq=3748154 Ack=245066 Win=64 Len=4380 [TCP PDU reassembled in 7318]"
"7313","66.878815","FioImma.local","ab.chatgpt.com","TCP","54","54679  >  443 [ACK] Seq=245066 Ack=3752534 Win=2056 Len=0"
"7314","66.893827","maa03s41-in-f14.1e100.net","FioImma.local","TCP","60","443  >  54642 [ACK] Seq=40185 Ack=64179 Win=2048 Len=0"
"7315","66.893827","maa03s41-in-f14.1e100.net","FioImma.local","TCP","60","443  >  54642 [ACK] Seq=40185 Ack=66025 Win=2048 Len=0"
"7316","66.893827","maa03s41-in-f14.1e100.net","FioImma.local","TCP","60","443  >  54642 [ACK] Seq=40185 Ack=68849 Win=2048 Len=0"
"7317","66.893827","maa03s41-in-f14.1e100.net","FioImma.local","TCP","60","443  >  54642 [ACK] Seq=40185 Ack=69760 Win=2048 Len=0"
"7318","66.894705","ab.chatgpt.com","FioImma.local","TLSv1.2","431","Application Data"
"7319","66.894705","ab.chatgpt.com","FioImma.local","TCP","5894","443  >  54679 [ACK] Seq=3752911 Ack=245066 Win=64 Len=5840 [TCP PDU reassembled in 7320]"
"7320","66.894705","ab.chatgpt.com","FioImma.local","TLSv1.2","474","Application Data"
"7321","66.894705","ab.chatgpt.com","FioImma.local","TCP","2974","443  >  54679 [ACK] Seq=3759171 Ack=245066 Win=64 Len=2920 [TCP PDU reassembled in 7324]"
"7322","66.894795","FioImma.local","ab.chatgpt.com","TCP","54","54679  >  443 [ACK] Seq=245066 Ack=3762091 Win=2056 Len=0"
"7323","66.894906","ab.chatgpt.com","FioImma.local","TCP","2974","443  >  54679 [ACK] Seq=3762091 Ack=245066 Win=64 Len=2920 [TCP PDU reassembled in 7324]"
"7324","66.894906","ab.chatgpt.com","FioImma.local","TLSv1.2","474","Application Data"
"7325","66.894906","ab.chatgpt.com","FioImma.local","TCP","2974","443  >  54679 [ACK] Seq=3765431 Ack=245066 Win=64 Len=2920 [TCP PDU reassembled in 7330]"
"7326","66.894933","FioImma.local","ab.chatgpt.com","TCP","54","54679  >  443 [ACK] Seq=245066 Ack=3768351 Win=2056 Len=0"
"7327","66.897034","ab.chatgpt.com","FioImma.local","TCP","4434","443  >  54679 [ACK] Seq=3768351 Ack=245066 Win=64 Len=4380 [TCP PDU reassembled in 7330]"
"7328","66.897088","FioImma.local","ab.chatgpt.com","TCP","54","54679  >  443 [ACK] Seq=245066 Ack=3772731 Win=2056 Len=0"
"7329","66.907407","ab.chatgpt.com","FioImma.local","TCP","4434","443  >  54679 [PSH, ACK] Seq=3772731 Ack=245066 Win=64 Len=4380 [TCP PDU reassembled in 7330]"
"7330","66.907407","ab.chatgpt.com","FioImma.local","TLSv1.2","872","Application Data"
"7331","66.907407","ab.chatgpt.com","FioImma.local","TCP","5894","443  >  54679 [ACK] Seq=3777929 Ack=245066 Win=64 Len=5840 [TCP PDU reassembled in 7332]"
"7332","66.907407","ab.chatgpt.com","FioImma.local","TLSv1.2","506","Application Data"
"7333","66.907407","ab.chatgpt.com","FioImma.local","TCP","2974","443  >  54679 [ACK] Seq=3784221 Ack=245066 Win=64 Len=2920 [TCP PDU reassembled in 7336]"
"7334","66.907502","FioImma.local","ab.chatgpt.com","TCP","54","54679  >  443 [ACK] Seq=245066 Ack=3787141 Win=2056 Len=0"
"7335","66.907653","ab.chatgpt.com","FioImma.local","TCP","2974","443  >  54679 [ACK] Seq=3787141 Ack=245066 Win=64 Len=2920 [TCP PDU reassembled in 7336]"
"7336","66.907653","ab.chatgpt.com","FioImma.local","TLSv1.2","506","Application Data"
"7337","66.907653","ab.chatgpt.com","FioImma.local","TCP","2974","443  >  54679 [ACK] Seq=3790513 Ack=245066 Win=64 Len=2920 [TCP PDU reassembled in 7340]"
"7338","66.907673","FioImma.local","ab.chatgpt.com","TCP","54","54679  >  443 [ACK] Seq=245066 Ack=3793433 Win=2056 Len=0"
"7339","66.929683","ab.chatgpt.com","FioImma.local","TCP","2974","443  >  54679 [ACK] Seq=3793433 Ack=245066 Win=64 Len=2920 [TCP PDU reassembled in 7340]"
"7340","66.929683","ab.chatgpt.com","FioImma.local","TLSv1.2","506","Application Data"
"7341","66.929748","FioImma.local","ab.chatgpt.com","TCP","54","54679  >  443 [ACK] Seq=245066 Ack=3796805 Win=2056 Len=0"
"7342","66.944199","maa03s41-in-f14.1e100.net","FioImma.local","TLSv1.2","208","Application Data, Application Data"
"7343","66.944199","maa03s41-in-f14.1e100.net","FioImma.local","TLSv1.2","85","Application Data"
"7344","66.944199","maa03s41-in-f14.1e100.net","FioImma.local","TLSv1.2","93","Application Data"
"7345","66.944199","maa03s41-in-f14.1e100.net","FioImma.local","TLSv1.2","85","Application Data"
"7346","66.944300","FioImma.local","maa03s41-in-f14.1e100.net","TCP","54","54642  >  443 [ACK] Seq=69760 Ack=40440 Win=511 Len=0"
"7347","66.944835","FioImma.local","maa03s41-in-f14.1e100.net","TLSv1.2","93","Application Data"
"7348","66.948074","ab.chatgpt.com","FioImma.local","TCP","5894","443  >  54679 [ACK] Seq=3796805 Ack=245066 Win=64 Len=5840 [TCP PDU reassembled in 7349]"
"7349","66.948074","ab.chatgpt.com","FioImma.local","TLSv1.2","506","Application Data"
"7350","66.948074","ab.chatgpt.com","FioImma.local","TCP","4434","443  >  54679 [ACK] Seq=3803097 Ack=245066 Win=64 Len=4380 [TCP PDU reassembled in 7353]"
"7351","66.948161","FioImma.local","ab.chatgpt.com","TCP","54","54679  >  443 [ACK] Seq=245066 Ack=3807477 Win=2056 Len=0"
"7352","66.948378","ab.chatgpt.com","FioImma.local","TCP","1514","443  >  54679 [ACK] Seq=3807477 Ack=245066 Win=64 Len=1460 [TCP PDU reassembled in 7353]"
"7353","66.948378","ab.chatgpt.com","FioImma.local","TLSv1.2","506","Application Data"
"7354","66.948378","ab.chatgpt.com","FioImma.local","TCP","1514","443  >  54679 [ACK] Seq=3809389 Ack=245066 Win=64 Len=1460 [TCP PDU reassembled in 7358]"
"7355","66.948378","ab.chatgpt.com","FioImma.local","TCP","1514","443  >  54679 [ACK] Seq=3810849 Ack=245066 Win=64 Len=1460 [TCP PDU reassembled in 7358]"
"7356","66.948378","ab.chatgpt.com","FioImma.local","TCP","1514","443  >  54679 [ACK] Seq=3812309 Ack=245066 Win=64 Len=1460 [TCP PDU reassembled in 7358]"
"7357","66.948378","ab.chatgpt.com","FioImma.local","TCP","1514","443  >  54679 [ACK] Seq=3813769 Ack=245066 Win=64 Len=1460 [TCP PDU reassembled in 7358]"
"7358","66.948378","ab.chatgpt.com","FioImma.local","TLSv1.2","506","Application Data"
"7359","66.948434","FioImma.local","ab.chatgpt.com","TCP","54","54679  >  443 [ACK] Seq=245066 Ack=3815681 Win=2056 Len=0"
"7360","66.969298","tattle.api.osano.com","FioImma.local","TCP","60","443  >  54866 [ACK] Seq=4347 Ack=1979 Win=47872 Len=0"
"7361","66.969298","tattle.api.osano.com","FioImma.local","TLSv1.3","200","Application Data"
"7362","66.969298","tattle.api.osano.com","FioImma.local","TLSv1.3","116","Application Data"
"7363","66.969298","tattle.api.osano.com","FioImma.local","TLSv1.3","85","Application Data"
"7364","66.969298","tattle.api.osano.com","FioImma.local","TLSv1.3","271","Application Data"
"7365","66.969298","maa03s41-in-f14.1e100.net","FioImma.local","TCP","60","443  >  54642 [ACK] Seq=40440 Ack=69799 Win=2048 Len=0"
"7366","66.969424","FioImma.local","tattle.api.osano.com","TCP","54","54866  >  443 [ACK] Seq=2442 Ack=4803 Win=130816 Len=0"
"7367","66.969873","FioImma.local","tattle.api.osano.com","TLSv1.3","85","Application Data"
"7368","66.971864","FioImma.local","tattle.api.osano.com","TLSv1.3","239","Application Data"
"7369","66.971975","FioImma.local","tattle.api.osano.com","TLSv1.3","800","Application Data"
"7370","66.974725","ab.chatgpt.com","FioImma.local","TCP","7354","443  >  54679 [ACK] Seq=3815681 Ack=245066 Win=64 Len=7300 [TCP PDU reassembled in 7371]"
"7371","66.974725","ab.chatgpt.com","FioImma.local","TLSv1.2","977","Application Data"
"7372","66.974725","ab.chatgpt.com","FioImma.local","TCP","10274","443  >  54679 [PSH, ACK] Seq=3823904 Ack=245066 Win=64 Len=10220 [TCP PDU reassembled in 7373]"
"7373","66.974725","ab.chatgpt.com","FioImma.local","TLSv1.2","561","Application Data"
"7374","66.974725","ab.chatgpt.com","FioImma.local","TCP","2974","443  >  54679 [ACK] Seq=3834631 Ack=245066 Win=64 Len=2920 [TCP PDU reassembled in 7377]"
"7375","66.974804","FioImma.local","ab.chatgpt.com","TCP","54","54679  >  443 [ACK] Seq=245066 Ack=3837551 Win=2056 Len=0"
"7376","66.996751","ab.chatgpt.com","FioImma.local","TCP","2974","443  >  54679 [ACK] Seq=3837551 Ack=245066 Win=64 Len=2920 [TCP PDU reassembled in 7377]"
"7377","66.996751","ab.chatgpt.com","FioImma.local","TLSv1.2","570","Application Data"
"7378","66.996751","ab.chatgpt.com","FioImma.local","TCP","5894","443  >  54679 [ACK] Seq=3840987 Ack=245066 Win=64 Len=5840 [TCP PDU reassembled in 7379]"
"7379","66.996751","ab.chatgpt.com","FioImma.local","TLSv1.2","570","Application Data"
"7380","66.996837","FioImma.local","ab.chatgpt.com","TCP","54","54679  >  443 [ACK] Seq=245066 Ack=3847343 Win=2056 Len=0"
"7381","67.054594","ab.chatgpt.com","FioImma.local","TCP","5894","443  >  54679 [ACK] Seq=3847343 Ack=245066 Win=64 Len=5840 [TCP PDU reassembled in 7382]"
"7382","67.054594","ab.chatgpt.com","FioImma.local","TLSv1.2","570","Application Data"
"7383","67.054594","ab.chatgpt.com","FioImma.local","TCP","5894","443  >  54679 [ACK] Seq=3853699 Ack=245066 Win=64 Len=5840 [TCP PDU reassembled in 7384]"
"7384","67.054594","ab.chatgpt.com","FioImma.local","TLSv1.2","570","Application Data"
"7385","67.054693","FioImma.local","ab.chatgpt.com","TCP","54","54679  >  443 [ACK] Seq=245066 Ack=3860055 Win=2056 Len=0"
"7386","67.062040","ab.chatgpt.com","FioImma.local","TCP","1514","443  >  54679 [ACK] Seq=3860055 Ack=245066 Win=64 Len=1460 [TCP PDU reassembled in 7388]"
"7387","67.079667","ab.chatgpt.com","FioImma.local","TCP","4434","443  >  54679 [ACK] Seq=3861515 Ack=245066 Win=64 Len=4380 [TCP PDU reassembled in 7388]"
"7388","67.079667","ab.chatgpt.com","FioImma.local","TLSv1.2","559","Application Data"
"7389","67.079667","ab.chatgpt.com","FioImma.local","TCP","5894","443  >  54679 [ACK] Seq=3866400 Ack=245066 Win=64 Len=5840 [TCP PDU reassembled in 7390]"
"7390","67.079667","ab.chatgpt.com","FioImma.local","TLSv1.2","602","Application Data"
"7391","67.079771","FioImma.local","ab.chatgpt.com","TCP","54","54679  >  443 [ACK] Seq=245066 Ack=3872788 Win=2056 Len=0"
"7392","67.096284","ab.chatgpt.com","FioImma.local","TCP","5894","443  >  54679 [ACK] Seq=3872788 Ack=245066 Win=64 Len=5840 [TCP PDU reassembled in 7393]"
"7393","67.096284","ab.chatgpt.com","FioImma.local","TLSv1.2","602","Application Data"
"7394","67.096284","ab.chatgpt.com","FioImma.local","TCP","5894","443  >  54679 [ACK] Seq=3879176 Ack=245066 Win=64 Len=5840 [TCP PDU reassembled in 7395]"
"7395","67.096284","ab.chatgpt.com","FioImma.local","TLSv1.2","602","Application Data"
"7396","67.096284","ab.chatgpt.com","FioImma.local","TCP","1514","443  >  54679 [ACK] Seq=3885564 Ack=245066 Win=64 Len=1460 [TCP PDU reassembled in 7399]"
"7397","67.096418","FioImma.local","ab.chatgpt.com","TCP","54","54679  >  443 [ACK] Seq=245066 Ack=3887024 Win=2056 Len=0"
"7398","67.096516","ab.chatgpt.com","FioImma.local","TCP","4434","443  >  54679 [ACK] Seq=3887024 Ack=245066 Win=64 Len=4380 [TCP PDU reassembled in 7399]"
"7399","67.096516","ab.chatgpt.com","FioImma.local","TLSv1.2","634","Application Data"
"7400","67.096516","ab.chatgpt.com","FioImma.local","TLSv1.2","1477","Application Data"
"7401","67.096539","FioImma.local","ab.chatgpt.com","TCP","54","54679  >  443 [ACK] Seq=245066 Ack=3893407 Win=2056 Len=0"
"7402","67.117259","ab.chatgpt.com","FioImma.local","TCP","4434","443  >  54679 [ACK] Seq=3893407 Ack=245066 Win=64 Len=4380 [TCP PDU reassembled in 7403]"
"7403","67.117259","ab.chatgpt.com","FioImma.local","TLSv1.2","702","Application Data"
"7404","67.117259","ab.chatgpt.com","FioImma.local","TCP","4434","443  >  54679 [ACK] Seq=3898435 Ack=245066 Win=64 Len=4380 [TCP PDU reassembled in 7408]"
"7405","67.117398","FioImma.local","ab.chatgpt.com","TCP","54","54679  >  443 [ACK] Seq=245066 Ack=3902815 Win=2056 Len=0"
"7406","67.119956","ab.chatgpt.com","FioImma.local","TCP","1514","443  >  54679 [ACK] Seq=3902815 Ack=245066 Win=64 Len=1460 [TCP PDU reassembled in 7408]"
"7407","67.120023","FioImma.local","ab.chatgpt.com","TCP","54","54679  >  443 [ACK] Seq=245066 Ack=3904275 Win=2056 Len=0"
"7408","67.120140","ab.chatgpt.com","FioImma.local","TLSv1.2","634","Application Data"
"7409","67.142578","ab.chatgpt.com","FioImma.local","TCP","7354","443  >  54679 [ACK] Seq=3904855 Ack=245066 Win=64 Len=7300 [TCP PDU reassembled in 7410]"
"7410","67.142578","ab.chatgpt.com","FioImma.local","TLSv1.2","977","Application Data"
"7411","67.142578","ab.chatgpt.com","FioImma.local","TCP","5894","443  >  54679 [ACK] Seq=3913078 Ack=245066 Win=64 Len=5840 [TCP PDU reassembled in 7414]"
"7412","67.142695","FioImma.local","ab.chatgpt.com","TCP","54","54679  >  443 [ACK] Seq=245066 Ack=3918918 Win=2056 Len=0"
"7413","67.142811","ab.chatgpt.com","FioImma.local","TCP","4434","443  >  54679 [PSH, ACK] Seq=3918918 Ack=245066 Win=64 Len=4380 [TCP PDU reassembled in 7414]"
"7414","67.142811","ab.chatgpt.com","FioImma.local","TLSv1.2","913","Application Data"
"7415","67.142811","ab.chatgpt.com","FioImma.local","TCP","2974","443  >  54679 [ACK] Seq=3924157 Ack=245066 Win=64 Len=2920 [TCP PDU reassembled in 7419]"
"7416","67.142872","FioImma.local","ab.chatgpt.com","TCP","54","54679  >  443 [ACK] Seq=245066 Ack=3927077 Win=2056 Len=0"
"7417","67.145181","FioImma.local","ab.chatgpt.com","TLSv1.2","89","Application Data"
"7418","67.171212","ab.chatgpt.com","FioImma.local","TCP","2974","443  >  54679 [ACK] Seq=3927077 Ack=245066 Win=64 Len=2920 [TCP PDU reassembled in 7419]"
"7419","67.171212","ab.chatgpt.com","FioImma.local","TLSv1.2","676","Application Data"
"7420","67.171317","FioImma.local","ab.chatgpt.com","TCP","54","54679  >  443 [ACK] Seq=245101 Ack=3930619 Win=2056 Len=0"
"7421","67.188595","ab.chatgpt.com","FioImma.local","TCP","1514","443  >  54679 [ACK] Seq=3930619 Ack=245066 Win=64 Len=1460 [TCP PDU reassembled in 7425]"
"7422","67.188595","ab.chatgpt.com","FioImma.local","TCP","1514","443  >  54679 [ACK] Seq=3932079 Ack=245066 Win=64 Len=1460 [TCP PDU reassembled in 7425]"
"7423","67.188595","ab.chatgpt.com","FioImma.local","TCP","1514","443  >  54679 [ACK] Seq=3933539 Ack=245066 Win=64 Len=1460 [TCP PDU reassembled in 7425]"
"7424","67.188595","ab.chatgpt.com","FioImma.local","TCP","1514","443  >  54679 [ACK] Seq=3934999 Ack=245066 Win=64 Len=1460 [TCP PDU reassembled in 7425]"
"7425","67.188595","ab.chatgpt.com","FioImma.local","TLSv1.2","758","Application Data"
"7426","67.188595","ab.chatgpt.com","FioImma.local","TCP","1514","443  >  54679 [ACK] Seq=3937163 Ack=245066 Win=64 Len=1460 [TCP PDU reassembled in 7430]"
"7427","67.188595","ab.chatgpt.com","FioImma.local","TCP","1514","443  >  54679 [ACK] Seq=3938623 Ack=245066 Win=64 Len=1460 [TCP PDU reassembled in 7430]"
"7428","67.188595","ab.chatgpt.com","FioImma.local","TCP","1514","443  >  54679 [ACK] Seq=3940083 Ack=245066 Win=64 Len=1460 [TCP PDU reassembled in 7430]"
"7429","67.188595","ab.chatgpt.com","FioImma.local","TCP","1514","443  >  54679 [ACK] Seq=3941543 Ack=245066 Win=64 Len=1460 [TCP PDU reassembled in 7430]"
"7430","67.188595","ab.chatgpt.com","FioImma.local","TLSv1.2","758","Application Data"
"7431","67.188727","FioImma.local","ab.chatgpt.com","TCP","54","54679  >  443 [ACK] Seq=245101 Ack=3943707 Win=2056 Len=0"
"7432","67.206767","tattle.api.osano.com","FioImma.local","TCP","60","443  >  54866 [ACK] Seq=4803 Ack=2658 Win=53760 Len=0"
"7433","67.206767","tattle.api.osano.com","FioImma.local","TLSv1.3","201","Application Data"
"7434","67.242486","ab.chatgpt.com","FioImma.local","TCP","60","443  >  54679 [ACK] Seq=3943707 Ack=245101 Win=64 Len=0"
"7435","67.251260","FioImma.local","tattle.api.osano.com","TCP","54","54866  >  443 [ACK] Seq=3404 Ack=4950 Win=130560 Len=0"
"7436","67.346315","ieee.org.ssl.sc.omtrdc.net","FioImma.local","TLSv1.3","93","Application Data"
"7437","67.346750","FioImma.local","ieee.org.ssl.sc.omtrdc.net","TCP","54","54834  >  443 [FIN, ACK] Seq=4734 Ack=4462 Win=130048 Len=0"
"7438","67.385260","FioImma.local","mars.octa.edu","DNS","79","Standard query 0xeeae A teams.microsoft.com"
"7439","67.385571","FioImma.local","mars.octa.edu","DNS","79","Standard query 0x818e HTTPS teams.microsoft.com"
"7440","67.414098","ieee.org.ssl.sc.omtrdc.net","FioImma.local","TLSv1.3","78","Application Data"
"7441","67.414098","ieee.org.ssl.sc.omtrdc.net","FioImma.local","TCP","54","443  >  54834 [FIN, ACK] Seq=4486 Ack=4735 Win=58240 Len=0"
"7442","67.414098","mars.octa.edu","FioImma.local","DNS","233","Standard query response 0xeeae A teams.microsoft.com CNAME teams.office.com CNAME tmc-g2.tm-4.office.com CNAME teams-office-com.s-0005.dual-s-msedge.net CNAME s-0005.dual-s-msedge.net A 52.123.129.14 A 52.123.128.14"
"7443","67.414098","mars.octa.edu","FioImma.local","DNS","132","Standard query response 0x818e HTTPS teams.microsoft.com CNAME teams.office.com CNAME tmc-g2.tm-4.office.com"
"7444","67.414150","FioImma.local","ieee.org.ssl.sc.omtrdc.net","TCP","54","54834  >  443 [RST, ACK] Seq=4735 Ack=4486 Win=0 Len=0"
"7445","67.415556","FioImma.local","s-0005.dual-s-msedge.net","TCP","66","54868  >  443 [SYN] Seq=0 Win=64240 Len=0 MSS=1460 WS=256 SACK_PERM"
"7446","67.475827","s-0005.dual-s-msedge.net","FioImma.local","TCP","66","443  >  54868 [SYN, ACK] Seq=0 Ack=1 Win=65535 Len=0 MSS=1440 WS=256 SACK_PERM"
"7447","67.475947","FioImma.local","s-0005.dual-s-msedge.net","TCP","54","54868  >  443 [ACK] Seq=1 Ack=1 Win=132352 Len=0"
"7448","67.477508","FioImma.local","s-0005.dual-s-msedge.net","TCP","1494","54868  >  443 [ACK] Seq=1 Ack=1 Win=132352 Len=1440 [TCP PDU reassembled in 7449]"
"7449","67.477508","FioImma.local","s-0005.dual-s-msedge.net","TLSv1.3","826","Client Hello (SNI=teams.microsoft.com)"
"7450","67.494134","FioImma.local","239.255.255.250","SSDP","212","M-SEARCH * HTTP/1.1 "
"7451","67.539484","s-0005.dual-s-msedge.net","FioImma.local","TCP","60","443  >  54868 [ACK] Seq=1 Ack=1441 Win=524288 Len=0"
"7452","67.539484","s-0005.dual-s-msedge.net","FioImma.local","TCP","60","443  >  54868 [ACK] Seq=1 Ack=2213 Win=524288 Len=0"
"7453","67.539484","s-0005.dual-s-msedge.net","FioImma.local","TLSv1.3","153","Hello Retry Request, Change Cipher Spec"
"7454","67.541838","FioImma.local","s-0005.dual-s-msedge.net","TLSv1.3","1112","Change Cipher Spec, Client Hello (SNI=teams.microsoft.com)"
"7455","67.576097","20.212.88.117","FioImma.local","TLSv1.2","113","Application Data"
"7456","67.577582","FioImma.local","20.212.88.117","TLSv1.2","120","Ignored Unknown Record"
"7457","67.592464","s-0005.dual-s-msedge.net","FioImma.local","TCP","60","443  >  54868 [ACK] Seq=100 Ack=3271 Win=524288 Len=0"
"7458","67.596104","s-0005.dual-s-msedge.net","FioImma.local","TLSv1.3","1514","Server Hello"
"7459","67.596104","s-0005.dual-s-msedge.net","FioImma.local","TCP","1514","443  >  54868 [ACK] Seq=1560 Ack=3271 Win=524288 Len=1460 [TCP PDU reassembled in 7462]"
"7460","67.596104","s-0005.dual-s-msedge.net","FioImma.local","TCP","1514","443  >  54868 [ACK] Seq=3020 Ack=3271 Win=524288 Len=1460 [TCP PDU reassembled in 7462]"
"7461","67.596104","s-0005.dual-s-msedge.net","FioImma.local","TCP","1514","443  >  54868 [ACK] Seq=4480 Ack=3271 Win=524288 Len=1460 [TCP PDU reassembled in 7462]"
"7462","67.596104","s-0005.dual-s-msedge.net","FioImma.local","TLSv1.3","250","Application Data"
"7463","67.596170","FioImma.local","s-0005.dual-s-msedge.net","TCP","54","54868  >  443 [ACK] Seq=3271 Ack=6136 Win=132352 Len=0"
"7464","67.598524","FioImma.local","s-0005.dual-s-msedge.net","TLSv1.3","128","Application Data"
"7465","67.598855","FioImma.local","s-0005.dual-s-msedge.net","TLSv1.3","146","Application Data"
"7466","67.599517","FioImma.local","s-0005.dual-s-msedge.net","TCP","1494","54868  >  443 [ACK] Seq=3437 Ack=6136 Win=132352 Len=1440 [TCP PDU reassembled in 7467]"
"7467","67.599517","FioImma.local","s-0005.dual-s-msedge.net","TLSv1.3","1240","Application Data"
"7468","67.614816","192.168.1.1","all-systems.mcast.net","IGMPv3","50","Membership Query, general"
"7469","67.648103","s-0005.dual-s-msedge.net","FioImma.local","TCP","60","443  >  54868 [ACK] Seq=6136 Ack=3437 Win=524288 Len=0"
"7470","67.648103","s-0005.dual-s-msedge.net","FioImma.local","TLSv1.3","513","Application Data"
"7471","67.648103","s-0005.dual-s-msedge.net","FioImma.local","TLSv1.3","116","Application Data"
"7472","67.648103","s-0005.dual-s-msedge.net","FioImma.local","TLSv1.3","85","Application Data"
"7473","67.648174","FioImma.local","s-0005.dual-s-msedge.net","TCP","54","54868  >  443 [ACK] Seq=6063 Ack=6688 Win=131840 Len=0"
"7474","67.648615","FioImma.local","s-0005.dual-s-msedge.net","TLSv1.3","85","Application Data"
"7475","67.671770","s-0005.dual-s-msedge.net","FioImma.local","TLSv1.3","415","Application Data"
"7476","67.671770","s-0005.dual-s-msedge.net","FioImma.local","TLSv1.3","232","Application Data"
"7477","67.671770","s-0005.dual-s-msedge.net","FioImma.local","TLSv1.3","95","Application Data"
"7478","67.671770","s-0005.dual-s-msedge.net","FioImma.local","TLSv1.3","85","Application Data"
"7479","67.671770","20.212.88.117","FioImma.local","TCP","60","443  >  54586 [ACK] Seq=60 Ack=68 Win=251 Len=0"
"7480","67.671863","FioImma.local","s-0005.dual-s-msedge.net","TCP","54","54868  >  443 [ACK] Seq=6094 Ack=7299 Win=131072 Len=0"
"7481","67.699958","s-0005.dual-s-msedge.net","FioImma.local","TCP","60","443  >  54868 [ACK] Seq=7299 Ack=6094 Win=524288 Len=0"
"7482","67.775175","FioImma.local","igmp.mcast.net","IGMPv3","54","Membership Report / Join group 224.0.0.252 for any sources"
"7483","67.816255","maa03s41-in-f14.1e100.net","FioImma.local","TLSv1.2","607","Application Data"
"7484","67.816255","maa03s41-in-f14.1e100.net","FioImma.local","TLSv1.2","14174","Application Data, Application Data, Application Data, Application Data, Application Data, Application Data, Application Data, Application Data, Application Data, Application Data"
"7485","67.816255","maa03s41-in-f14.1e100.net","FioImma.local","TLSv1.2","1109","Application Data"
"7486","67.816255","maa03s41-in-f14.1e100.net","FioImma.local","TLSv1.2","15586","Application Data, Application Data, Application Data, Application Data, Application Data, Application Data, Application Data, Application Data, Application Data, Application Data, Application Data"
"7487","67.816255","maa03s41-in-f14.1e100.net","FioImma.local","TLSv1.2","1179","Application Data"
"7488","67.816255","maa03s41-in-f14.1e100.net","FioImma.local","TLSv1.2","8526","Application Data, Application Data, Application Data, Application Data, Application Data, Application Data"
"7489","67.816255","maa03s41-in-f14.1e100.net","FioImma.local","TLSv1.2","326","Application Data"
"7490","67.816255","maa03s41-in-f14.1e100.net","FioImma.local","TLSv1.2","7114","Application Data, Application Data, Application Data, Application Data, Application Data"
"7491","67.816255","maa03s41-in-f14.1e100.net","FioImma.local","TLSv1.2","1179","Application Data"
"7492","67.816255","maa03s41-in-f14.1e100.net","FioImma.local","TLSv1.2","15586","Application Data, Application Data, Application Data, Application Data, Application Data, Application Data, Application Data, Application Data, Application Data, Application Data, Application Data"
"7493","67.816468","FioImma.local","maa03s41-in-f14.1e100.net","TCP","54","54642  >  443 [ACK] Seq=69799 Ack=105286 Win=512 Len=0"
"7494","67.828450","maa03s41-in-f14.1e100.net","FioImma.local","TLSv1.2","823","Application Data"
"7495","67.854431","maa03s41-in-f14.1e100.net","FioImma.local","TLSv1.2","413","Application Data"
"7496","67.854431","maa03s41-in-f14.1e100.net","FioImma.local","TLSv1.2","321","Application Data"
"7497","67.854431","maa03s41-in-f14.1e100.net","FioImma.local","TLSv1.2","85","Application Data"
"7498","67.854431","maa03s41-in-f14.1e100.net","FioImma.local","TLSv1.2","93","Application Data"
"7499","67.854509","FioImma.local","maa03s41-in-f14.1e100.net","TCP","54","54642  >  443 [ACK] Seq=69799 Ack=106751 Win=512 Len=0"
"7500","67.855411","FioImma.local","maa03s41-in-f14.1e100.net","TLSv1.2","93","Application Data"
"7501","67.874650","maa03s41-in-f14.1e100.net","FioImma.local","TCP","60","443  >  54642 [ACK] Seq=106751 Ack=69838 Win=2048 Len=0"
"7502","67.921856","FioImma.local","clients.l.google.com","TLSv1.2","235","Ignored Unknown Record"
"7503","67.921985","FioImma.local","clients.l.google.com","TLSv1.2","93","Application Data"
"7504","67.922009","FioImma.local","clients.l.google.com","TLSv1.2","686","Application Data"
"7505","67.923885","FioImma.local","maa03s41-in-f14.1e100.net","TCP","1466","54642  >  443 [ACK] Seq=69838 Ack=106751 Win=512 Len=1412 [TCP PDU reassembled in 7508]"
"7506","67.923885","FioImma.local","maa03s41-in-f14.1e100.net","TCP","1466","54642  >  443 [ACK] Seq=71250 Ack=106751 Win=512 Len=1412 [TCP PDU reassembled in 7508]"
"7507","67.923885","FioImma.local","maa03s41-in-f14.1e100.net","TCP","1466","54642  >  443 [ACK] Seq=72662 Ack=106751 Win=512 Len=1412 [TCP PDU reassembled in 7508]"
"7508","67.923885","FioImma.local","maa03s41-in-f14.1e100.net","TLSv1.2","426","Application Data"
"7509","67.923993","FioImma.local","maa03s41-in-f14.1e100.net","TCP","1466","54642  >  443 [ACK] Seq=74446 Ack=106751 Win=512 Len=1412 [TCP PDU reassembled in 7510]"
"7510","67.923993","FioImma.local","maa03s41-in-f14.1e100.net","TLSv1.2","851","Application Data"
"7511","67.944109","clients.l.google.com","FioImma.local","TCP","60","443  >  54628 [ACK] Seq=1 Ack=183 Win=489 Len=0"
"7512","67.944109","clients.l.google.com","FioImma.local","TCP","60","443  >  54628 [ACK] Seq=1 Ack=222 Win=489 Len=0"
"7513","67.944109","clients.l.google.com","FioImma.local","TCP","60","443  >  54628 [ACK] Seq=1 Ack=854 Win=489 Len=0"
"7514","67.944109","maa03s41-in-f14.1e100.net","FioImma.local","TCP","60","443  >  54642 [ACK] Seq=106751 Ack=71250 Win=2048 Len=0"
"7515","67.944109","maa03s41-in-f14.1e100.net","FioImma.local","TCP","60","443  >  54642 [ACK] Seq=106751 Ack=72662 Win=2048 Len=0"
"7516","67.944109","maa03s41-in-f14.1e100.net","FioImma.local","TCP","60","443  >  54642 [ACK] Seq=106751 Ack=74074 Win=2048 Len=0"
"7517","67.944109","maa03s41-in-f14.1e100.net","FioImma.local","TCP","60","443  >  54642 [ACK] Seq=106751 Ack=74446 Win=2048 Len=0"
"7518","67.944109","maa03s41-in-f14.1e100.net","FioImma.local","TCP","60","443  >  54642 [ACK] Seq=106751 Ack=75858 Win=2048 Len=0"
"7519","67.944109","maa03s41-in-f14.1e100.net","FioImma.local","TCP","60","443  >  54642 [ACK] Seq=106751 Ack=76655 Win=2048 Len=0"
"7520","67.944109","clients.l.google.com","FioImma.local","TLSv1.2","93","Application Data"
"7521","67.993738","maa03s41-in-f14.1e100.net","FioImma.local","TLSv1.2","135","Application Data"
"7522","67.993738","maa03s41-in-f14.1e100.net","FioImma.local","TLSv1.2","85","Application Data"
"7523","67.993738","maa03s41-in-f14.1e100.net","FioImma.local","TLSv1.2","93","Application Data"
"7524","67.993801","FioImma.local","maa03s41-in-f14.1e100.net","TCP","54","54642  >  443 [ACK] Seq=76655 Ack=106902 Win=512 Len=0"
"7525","67.994892","FioImma.local","clients.l.google.com","TCP","54","54628  >  443 [ACK] Seq=854 Ack=40 Win=510 Len=0"
"7526","67.994979","FioImma.local","maa03s41-in-f14.1e100.net","TLSv1.2","93","Application Data"
"7527","68.014346","maa03s41-in-f14.1e100.net","FioImma.local","TCP","60","443  >  54642 [ACK] Seq=106902 Ack=76694 Win=2048 Len=0"
"7528","68.015585","ab.chatgpt.com","FioImma.local","TLSv1.2","130","Application Data"
"7529","68.025713","clients.l.google.com","FioImma.local","TLSv1.2","311","Application Data"
"7530","68.025713","clients.l.google.com","FioImma.local","TLSv1.2","356","Application Data"
"7531","68.025713","clients.l.google.com","FioImma.local","TLSv1.2","85","Application Data"
"7532","68.025713","clients.l.google.com","FioImma.local","TLSv1.2","93","Application Data"
"7533","68.025769","FioImma.local","clients.l.google.com","TCP","54","54628  >  443 [ACK] Seq=854 Ack=669 Win=508 Len=0"
"7534","68.027287","FioImma.local","clients.l.google.com","TLSv1.2","89","Application Data"
"7535","68.027404","FioImma.local","clients.l.google.com","TLSv1.2","93","Application Data"
"7536","68.045582","clients.l.google.com","FioImma.local","TCP","60","443  >  54628 [ACK] Seq=669 Ack=928 Win=489 Len=0"
"7537","68.066970","FioImma.local","ab.chatgpt.com","TCP","54","54679  >  443 [ACK] Seq=245101 Ack=3943783 Win=2055 Len=0"
"7538","68.495639","FioImma.local","239.255.255.250","SSDP","212","M-SEARCH * HTTP/1.1 "
"7539","69.188262","ab.chatgpt.com","FioImma.local","TLSv1.2","234","Application Data"
"7540","69.193464","FioImma.local","ab.chatgpt.com","TLSv1.2","89","Application Data"
"7541","69.256243","ab.chatgpt.com","FioImma.local","TCP","60","443  >  54679 [ACK] Seq=3943963 Ack=245136 Win=64 Len=0"
"7542","69.256243","ab.chatgpt.com","FioImma.local","TLSv1.2","1319","Application Data"
"7543","69.256243","ab.chatgpt.com","FioImma.local","TLSv1.2","85","Application Data"
"7544","69.256382","FioImma.local","ab.chatgpt.com","TCP","54","54679  >  443 [ACK] Seq=245136 Ack=3945259 Win=2056 Len=0"
"7545","69.305063","FioImma.local","ab.chatgpt.com","TCP","1454","54679  >  443 [ACK] Seq=245136 Ack=3945259 Win=2056 Len=1400 [TCP PDU reassembled in 7548]"
"7546","69.305063","FioImma.local","ab.chatgpt.com","TCP","1454","54679  >  443 [ACK] Seq=246536 Ack=3945259 Win=2056 Len=1400 [TCP PDU reassembled in 7548]"
"7547","69.305063","FioImma.local","ab.chatgpt.com","TCP","1454","54679  >  443 [ACK] Seq=247936 Ack=3945259 Win=2056 Len=1400 [TCP PDU reassembled in 7548]"
"7548","69.305063","FioImma.local","ab.chatgpt.com","TLSv1.2","1432","Application Data"
"7549","69.305149","FioImma.local","ab.chatgpt.com","TLSv1.2","599","Application Data"
"7550","69.363783","ab.chatgpt.com","FioImma.local","TCP","60","443  >  54679 [ACK] Seq=3945259 Ack=247936 Win=64 Len=0"
"7551","69.363783","ab.chatgpt.com","FioImma.local","TCP","60","443  >  54679 [ACK] Seq=3945259 Ack=250714 Win=64 Len=0"
"7552","69.372128","FioImma.local","ab.chatgpt.com","TCP","1454","54679  >  443 [ACK] Seq=251259 Ack=3945259 Win=2056 Len=1400 [TCP PDU reassembled in 7555]"
"7553","69.372128","FioImma.local","ab.chatgpt.com","TCP","1454","54679  >  443 [ACK] Seq=252659 Ack=3945259 Win=2056 Len=1400 [TCP PDU reassembled in 7555]"
"7554","69.372128","FioImma.local","ab.chatgpt.com","TCP","1454","54679  >  443 [ACK] Seq=254059 Ack=3945259 Win=2056 Len=1400 [TCP PDU reassembled in 7555]"
"7555","69.372128","FioImma.local","ab.chatgpt.com","TLSv1.2","1399","Application Data"
"7556","69.405084","ab.chatgpt.com","FioImma.local","TCP","60","443  >  54679 [ACK] Seq=3945259 Ack=251259 Win=64 Len=0"
"7557","69.432064","ab.chatgpt.com","FioImma.local","TCP","60","443  >  54679 [ACK] Seq=3945259 Ack=252659 Win=64 Len=0"
"7558","69.432064","ab.chatgpt.com","FioImma.local","TCP","60","443  >  54679 [ACK] Seq=3945259 Ack=254059 Win=64 Len=0"
"7559","69.432064","ab.chatgpt.com","FioImma.local","TCP","60","443  >  54679 [ACK] Seq=3945259 Ack=255459 Win=64 Len=0"
"7560","69.432064","ab.chatgpt.com","FioImma.local","TCP","60","443  >  54679 [ACK] Seq=3945259 Ack=256804 Win=64 Len=0"
"7561","69.488248","FioImma.local","24.224.186.35.bc.googleusercontent.com","TLSv1.2","133","Ignored Unknown Record"
"7562","69.488402","FioImma.local","24.224.186.35.bc.googleusercontent.com","TLSv1.2","93","Application Data"
"7563","69.488458","FioImma.local","24.224.186.35.bc.googleusercontent.com","TLSv1.2","895","Application Data"
"7564","69.498883","FioImma.local","239.255.255.250","SSDP","212","M-SEARCH * HTTP/1.1 "
"7565","69.518617","24.224.186.35.bc.googleusercontent.com","FioImma.local","TCP","60","443  >  54610 [ACK] Seq=1 Ack=81 Win=489 Len=0"
"7566","69.518617","24.224.186.35.bc.googleusercontent.com","FioImma.local","TCP","60","443  >  54610 [ACK] Seq=1 Ack=120 Win=489 Len=0"
"7567","69.518617","24.224.186.35.bc.googleusercontent.com","FioImma.local","TCP","60","443  >  54610 [ACK] Seq=1 Ack=961 Win=489 Len=0"
"7568","69.518617","24.224.186.35.bc.googleusercontent.com","FioImma.local","TLSv1.2","93","Application Data"
"7569","69.564377","FioImma.local","24.224.186.35.bc.googleusercontent.com","TCP","54","54610  >  443 [ACK] Seq=961 Ack=40 Win=509 Len=0"
"7570","69.604733","FioImma.local","20.42.72.131","TCP","55","[TCP Keep-Alive] 54745  >  443 [ACK] Seq=1 Ack=1 Win=516 Len=1"
"7571","69.619442","24.224.186.35.bc.googleusercontent.com","FioImma.local","TLSv1.2","137","Application Data"
"7572","69.620798","FioImma.local","24.224.186.35.bc.googleusercontent.com","TLSv1.2","93","Application Data"
"7573","69.656888","24.224.186.35.bc.googleusercontent.com","FioImma.local","TCP","60","443  >  54610 [ACK] Seq=123 Ack=1000 Win=489 Len=0"
"7574","69.662078","ab.chatgpt.com","FioImma.local","TLSv1.2","410","Application Data"
"7575","69.662078","ab.chatgpt.com","FioImma.local","TLSv1.2","105","Application Data"
"7576","69.662078","ab.chatgpt.com","FioImma.local","TLSv1.2","85","Application Data"
"7577","69.662162","FioImma.local","ab.chatgpt.com","TCP","54","54679  >  443 [ACK] Seq=256804 Ack=3945697 Win=2054 Len=0"
"7578","69.771867","ab.chatgpt.com","FioImma.local","TLSv1.2","329","Application Data"
"7579","69.771867","ab.chatgpt.com","FioImma.local","TLSv1.2","546","Application Data"
"7580","69.771867","ab.chatgpt.com","FioImma.local","TLSv1.2","85","Application Data"
"7581","69.771980","FioImma.local","ab.chatgpt.com","TCP","54","54679  >  443 [ACK] Seq=256804 Ack=3946495 Win=2051 Len=0"
"7582","69.814554","FioImma.local","mars.octa.edu","DNS","74","Standard query 0x23ee A ab.chatgpt.com"
"7583","69.814909","FioImma.local","mars.octa.edu","DNS","74","Standard query 0x7d6d HTTPS ab.chatgpt.com"
"7584","69.815361","FioImma.local","ab.chatgpt.com","TLSv1.2","176","Application Data"
"7585","69.815500","FioImma.local","ab.chatgpt.com","TLSv1.2","93","Application Data"
"7586","69.815573","FioImma.local","ab.chatgpt.com","TCP","1454","54680  >  443 [ACK] Seq=104139 Ack=6096 Win=511 Len=1400 [TCP PDU reassembled in 7587]"
"7587","69.815573","FioImma.local","ab.chatgpt.com","TLSv1.2","785","Application Data"
"7588","69.839130","20.42.72.131","FioImma.local","TCP","66","[TCP Keep-Alive ACK] 443  >  54745 [ACK] Seq=1 Ack=2 Win=2048 Len=0 SLE=1 SRE=2"
"7589","69.839130","mars.octa.edu","FioImma.local","DNS","106","Standard query response 0x23ee A ab.chatgpt.com A 104.18.32.47 A 172.64.155.209"
"7590","69.839130","mars.octa.edu","FioImma.local","DNS","144","Standard query response 0x7d6d HTTPS ab.chatgpt.com HTTPS"
"7591","69.839130","ab.chatgpt.com","FioImma.local","TCP","60","443  >  54680 [ACK] Seq=6096 Ack=104100 Win=64 Len=0"
"7592","69.839130","ab.chatgpt.com","FioImma.local","TCP","60","443  >  54680 [ACK] Seq=6096 Ack=104139 Win=64 Len=0"
"7593","69.839130","ab.chatgpt.com","FioImma.local","TCP","60","443  >  54680 [ACK] Seq=6096 Ack=105539 Win=64 Len=0"
"7594","69.839130","ab.chatgpt.com","FioImma.local","TCP","60","443  >  54680 [ACK] Seq=6096 Ack=106270 Win=64 Len=0"
"7595","69.839130","ab.chatgpt.com","FioImma.local","TLSv1.2","93","Application Data"
"7596","69.893829","FioImma.local","ab.chatgpt.com","TCP","54","54680  >  443 [ACK] Seq=106270 Ack=6135 Win=511 Len=0"
"7597","69.901448","ab.chatgpt.com","FioImma.local","TLSv1.2","833","Application Data"
"7598","69.901448","ab.chatgpt.com","FioImma.local","TLSv1.2","101","Application Data"
"7599","69.901448","ab.chatgpt.com","FioImma.local","TLSv1.2","85","Application Data"
"7600","69.901516","FioImma.local","ab.chatgpt.com","TCP","54","54680  >  443 [ACK] Seq=106270 Ack=6992 Win=514 Len=0"
"7601","69.903528","FioImma.local","ab.chatgpt.com","TLSv1.2","89","Application Data"
"7602","69.972128","ab.chatgpt.com","FioImma.local","TCP","60","443  >  54680 [ACK] Seq=6992 Ack=106305 Win=64 Len=0"
"7603","70.255843","FioImma.local","ec2-35-174-127-31.compute-1.amazonaws.com","TLSv1.2","297","Application Data"
"7604","70.506337","FioImma.local","239.255.255.250","SSDP","212","M-SEARCH * HTTP/1.1 "
"7605","70.508467","ec2-35-174-127-31.compute-1.amazonaws.com","FioImma.local","TLSv1.2","320","Application Data"
"7606","70.553139","FioImma.local","ec2-35-174-127-31.compute-1.amazonaws.com","TCP","54","54503  >  443 [ACK] Seq=1335 Ack=1331 Win=509 Len=0"
"7607","71.056500","FioImma.local","maa05s24-in-f2.1e100.net","TLSv1.2","132","Ignored Unknown Record"
"7608","71.056570","FioImma.local","maa05s24-in-f2.1e100.net","TLSv1.2","93","Application Data"
"7609","71.086059","maa05s24-in-f2.1e100.net","FioImma.local","TCP","60","443  >  54764 [ACK] Seq=1 Ack=80 Win=290 Len=0"
"7610","71.086059","maa05s24-in-f2.1e100.net","FioImma.local","TCP","60","443  >  54764 [ACK] Seq=1 Ack=119 Win=290 Len=0"
"7611","71.086059","maa05s24-in-f2.1e100.net","FioImma.local","TLSv1.2","93","Application Data"
"7612","71.123018","maa05s24-in-f2.1e100.net","FioImma.local","TLSv1.2","208","Application Data"
"7613","71.123018","maa05s24-in-f2.1e100.net","FioImma.local","TLSv1.2","334","Application Data"
"7614","71.123018","maa05s24-in-f2.1e100.net","FioImma.local","TLSv1.2","85","Application Data"
"7615","71.123018","maa05s24-in-f2.1e100.net","FioImma.local","TLSv1.2","93","Application Data"
"7616","71.123092","FioImma.local","maa05s24-in-f2.1e100.net","TCP","54","54764  >  443 [ACK] Seq=119 Ack=544 Win=510 Len=0"
"7617","71.124274","FioImma.local","maa05s24-in-f2.1e100.net","TLSv1.2","89","Application Data"
"7618","71.124326","FioImma.local","maa05s24-in-f2.1e100.net","TLSv1.2","93","Application Data"
"7619","71.126953","FioImma.local","maa03s41-in-f14.1e100.net","TCP","1466","54642  >  443 [ACK] Seq=76694 Ack=106902 Win=512 Len=1412 [TCP PDU reassembled in 7621]"
"7620","71.126953","FioImma.local","maa03s41-in-f14.1e100.net","TCP","1466","54642  >  443 [ACK] Seq=78106 Ack=106902 Win=512 Len=1412 [TCP PDU reassembled in 7621]"
"7621","71.126953","FioImma.local","maa03s41-in-f14.1e100.net","TLSv1.2","170","Application Data"
"7622","71.127015","FioImma.local","maa03s41-in-f14.1e100.net","TCP","1466","54642  >  443 [ACK] Seq=79634 Ack=106902 Win=512 Len=1412 [TCP PDU reassembled in 7625]"
"7623","71.127015","FioImma.local","maa03s41-in-f14.1e100.net","TCP","1466","54642  >  443 [ACK] Seq=81046 Ack=106902 Win=512 Len=1412 [TCP PDU reassembled in 7625]"
"7624","71.127015","FioImma.local","maa03s41-in-f14.1e100.net","TCP","1466","54642  >  443 [ACK] Seq=82458 Ack=106902 Win=512 Len=1412 [TCP PDU reassembled in 7625]"
"7625","71.127015","FioImma.local","maa03s41-in-f14.1e100.net","TLSv1.2","922","Application Data"
"7626","71.146808","maa05s24-in-f2.1e100.net","FioImma.local","TCP","93","[TCP Spurious Retransmission] 443  >  54764 [PSH, ACK] Seq=505 Ack=119 Win=290 Len=39"
"7627","71.146808","maa05s24-in-f2.1e100.net","FioImma.local","TCP","60","443  >  54764 [ACK] Seq=544 Ack=193 Win=290 Len=0"
"7628","71.146808","maa03s41-in-f14.1e100.net","FioImma.local","TCP","60","443  >  54642 [ACK] Seq=106902 Ack=78106 Win=2048 Len=0"
"7629","71.146808","maa03s41-in-f14.1e100.net","FioImma.local","TCP","60","443  >  54642 [ACK] Seq=106902 Ack=79518 Win=2048 Len=0"
"7630","71.146808","maa03s41-in-f14.1e100.net","FioImma.local","TCP","60","443  >  54642 [ACK] Seq=106902 Ack=79634 Win=2048 Len=0"
"7631","71.146808","maa03s41-in-f14.1e100.net","FioImma.local","TCP","60","443  >  54642 [ACK] Seq=106902 Ack=81046 Win=2048 Len=0"
"7632","71.146808","maa03s41-in-f14.1e100.net","FioImma.local","TCP","60","443  >  54642 [ACK] Seq=106902 Ack=82458 Win=2048 Len=0"
"7633","71.146808","maa03s41-in-f14.1e100.net","FioImma.local","TCP","60","443  >  54642 [ACK] Seq=106902 Ack=83870 Win=2048 Len=0"
"7634","71.146808","maa03s41-in-f14.1e100.net","FioImma.local","TCP","60","443  >  54642 [ACK] Seq=106902 Ack=84738 Win=2048 Len=0"
"7635","71.146853","FioImma.local","maa05s24-in-f2.1e100.net","TCP","66","[TCP Dup ACK 7616#1] 54764  >  443 [ACK] Seq=193 Ack=544 Win=510 Len=0 SLE=505 SRE=544"
"7636","71.212940","maa03s41-in-f14.1e100.net","FioImma.local","TLSv1.2","606","Application Data"
"7637","71.212940","maa03s41-in-f14.1e100.net","FioImma.local","TLSv1.2","116","Application Data"
"7638","71.212940","maa03s41-in-f14.1e100.net","FioImma.local","TLSv1.2","85","Application Data"
"7639","71.212940","maa03s41-in-f14.1e100.net","FioImma.local","TLSv1.2","93","Application Data"
"7640","71.213022","FioImma.local","maa03s41-in-f14.1e100.net","TCP","54","54642  >  443 [ACK] Seq=84738 Ack=107586 Win=509 Len=0"
"7641","71.214904","FioImma.local","maa03s41-in-f14.1e100.net","TLSv1.2","93","Application Data"
"7642","71.244641","maa03s41-in-f14.1e100.net","FioImma.local","TCP","60","443  >  54642 [ACK] Seq=107586 Ack=84777 Win=2048 Len=0"
"7643","71.269866","FioImma.local","igmp.mcast.net","IGMPv3","54","Membership Report / Join group 224.0.0.251 for any sources"
"7644","71.347729","FioImma.local","mars.octa.edu","DNS","86","Standard query 0x58b7 A config.teams.microsoft.com"
"7645","71.347987","FioImma.local","mars.octa.edu","DNS","86","Standard query 0x2894 HTTPS config.teams.microsoft.com"
"7646","71.354108","mars.octa.edu","FioImma.local","DNS","244","Standard query response 0x58b7 A config.teams.microsoft.com CNAME config.teams.trafficmanager.net CNAME s-0005-teams.config.skype.com CNAME config-teams.s-0005.s-msedge.net CNAME s-0005.s-msedge.net A 52.113.194.132"
"7647","71.361591","FioImma.local","s-0005.s-msedge.net","TCP","66","54869  >  443 [SYN] Seq=0 Win=64240 Len=0 MSS=1460 WS=256 SACK_PERM"
"7648","71.366898","FioImma.local","mars.octa.edu","DNS","72","Standard query 0xbd7e A wpad.hgu_lan"
"7649","71.368924","mars.octa.edu","FioImma.local","DNS","275","Standard query response 0x2894 HTTPS config.teams.microsoft.com CNAME config.teams.trafficmanager.net CNAME s-0005-teams.config.skype.com CNAME config-teams.s-0005.s-msedge.net CNAME s-0005.s-msedge.net SOA ns1.s-msedge.net"
"7650","71.384710","mars.octa.edu","FioImma.local","DNS","147","Standard query response 0xbd7e No such name A wpad.hgu_lan SOA a.root-servers.net"
"7651","71.423280","s-0005.s-msedge.net","FioImma.local","TCP","66","443  >  54869 [SYN, ACK] Seq=0 Ack=1 Win=65535 Len=0 MSS=1440 WS=256 SACK_PERM"
"7652","71.423394","FioImma.local","s-0005.s-msedge.net","TCP","54","54869  >  443 [ACK] Seq=1 Ack=1 Win=132352 Len=0"
"7653","71.424443","FioImma.local","s-0005.s-msedge.net","TCP","1494","54869  >  443 [ACK] Seq=1 Ack=1 Win=132352 Len=1440 [TCP PDU reassembled in 7654]"
"7654","71.424443","FioImma.local","s-0005.s-msedge.net","TLSv1.3","897","Client Hello (SNI=config.teams.microsoft.com)"
"7655","71.487032","s-0005.s-msedge.net","FioImma.local","TCP","60","443  >  54869 [ACK] Seq=1 Ack=1441 Win=524288 Len=0"
"7656","71.487032","s-0005.s-msedge.net","FioImma.local","TCP","60","443  >  54869 [ACK] Seq=1 Ack=2284 Win=524288 Len=0"
"7657","71.487032","s-0005.s-msedge.net","FioImma.local","TLSv1.3","153","Hello Retry Request, Change Cipher Spec"
"7658","71.489447","FioImma.local","s-0005.s-msedge.net","TLSv1.3","1183","Change Cipher Spec, Client Hello (SNI=config.teams.microsoft.com)"
"7659","71.532328","s-0005.s-msedge.net","FioImma.local","TCP","60","443  >  54869 [ACK] Seq=100 Ack=3413 Win=524288 Len=0"
"7660","71.534949","s-0005.s-msedge.net","FioImma.local","TLSv1.3","1514","Server Hello"
"7661","71.534949","s-0005.s-msedge.net","FioImma.local","TCP","1514","443  >  54869 [ACK] Seq=1560 Ack=3413 Win=524288 Len=1460 [TCP PDU reassembled in 7665]"
"7662","71.534949","s-0005.s-msedge.net","FioImma.local","TCP","1514","443  >  54869 [ACK] Seq=3020 Ack=3413 Win=524288 Len=1460 [TCP PDU reassembled in 7665]"
"7663","71.535026","FioImma.local","s-0005.s-msedge.net","TCP","54","54869  >  443 [ACK] Seq=3413 Ack=4480 Win=132352 Len=0"
"7664","71.535663","s-0005.s-msedge.net","FioImma.local","TCP","1514","443  >  54869 [ACK] Seq=4480 Ack=3413 Win=524288 Len=1460 [TCP PDU reassembled in 7665]"
"7665","71.535663","s-0005.s-msedge.net","FioImma.local","TLSv1.3","295","Application Data"
"7666","71.535689","FioImma.local","s-0005.s-msedge.net","TCP","54","54869  >  443 [ACK] Seq=3413 Ack=6181 Win=132352 Len=0"
"7667","71.543361","FioImma.local","s-0005.s-msedge.net","TLSv1.3","128","Application Data"
"7668","71.543603","FioImma.local","s-0005.s-msedge.net","TLSv1.3","146","Application Data"
"7669","71.544073","FioImma.local","s-0005.s-msedge.net","TLSv1.3","837","Application Data"
"7670","71.590650","s-0005.s-msedge.net","FioImma.local","TCP","60","443  >  54869 [ACK] Seq=6181 Ack=3487 Win=524288 Len=0"
"7671","71.590650","s-0005.s-msedge.net","FioImma.local","TLSv1.3","513","Application Data"
"7672","71.590650","s-0005.s-msedge.net","FioImma.local","TLSv1.3","116","Application Data"
"7673","71.590650","s-0005.s-msedge.net","FioImma.local","TCP","60","443  >  54869 [ACK] Seq=6702 Ack=3579 Win=524288 Len=0"
"7674","71.590650","s-0005.s-msedge.net","FioImma.local","TLSv1.3","85","Application Data"
"7675","71.590768","FioImma.local","s-0005.s-msedge.net","TCP","54","54869  >  443 [ACK] Seq=4362 Ack=6733 Win=131840 Len=0"
"7676","71.591171","FioImma.local","s-0005.s-msedge.net","TLSv1.3","85","Application Data"
"7677","71.631786","s-0005.s-msedge.net","FioImma.local","TCP","60","443  >  54869 [ACK] Seq=6733 Ack=4393 Win=524288 Len=0"
"7678","71.674876","FioImma.local","ab.chatgpt.com","TCP","1454","54679  >  443 [ACK] Seq=256804 Ack=3946495 Win=2051 Len=1400 [TCP PDU reassembled in 7681]"
"7679","71.674876","FioImma.local","ab.chatgpt.com","TCP","1454","54679  >  443 [ACK] Seq=258204 Ack=3946495 Win=2051 Len=1400 [TCP PDU reassembled in 7681]"
"7680","71.674876","FioImma.local","ab.chatgpt.com","TCP","1454","54679  >  443 [ACK] Seq=259604 Ack=3946495 Win=2051 Len=1400 [TCP PDU reassembled in 7681]"
"7681","71.674876","FioImma.local","ab.chatgpt.com","TLSv1.2","1414","Application Data"
"7682","71.676222","FioImma.local","ab.chatgpt.com","TCP","1454","54679  >  443 [ACK] Seq=262364 Ack=3946495 Win=2051 Len=1400 [TCP PDU reassembled in 7688]"
"7683","71.676222","FioImma.local","ab.chatgpt.com","TCP","1454","54679  >  443 [ACK] Seq=263764 Ack=3946495 Win=2051 Len=1400 [TCP PDU reassembled in 7688]"
"7684","71.676222","FioImma.local","ab.chatgpt.com","TCP","1454","54679  >  443 [ACK] Seq=265164 Ack=3946495 Win=2051 Len=1400 [TCP PDU reassembled in 7688]"
"7685","71.676222","FioImma.local","ab.chatgpt.com","TCP","1454","54679  >  443 [ACK] Seq=266564 Ack=3946495 Win=2051 Len=1400 [TCP PDU reassembled in 7688]"
"7686","71.676222","FioImma.local","ab.chatgpt.com","TCP","1454","54679  >  443 [ACK] Seq=267964 Ack=3946495 Win=2051 Len=1400 [TCP PDU reassembled in 7688]"
"7687","71.676222","FioImma.local","ab.chatgpt.com","TCP","1454","54679  >  443 [ACK] Seq=269364 Ack=3946495 Win=2051 Len=1400 [TCP PDU reassembled in 7688]"
"7688","71.676222","FioImma.local","ab.chatgpt.com","TLSv1.2","960","Application Data"
"7689","71.676327","FioImma.local","ab.chatgpt.com","TLSv1.2","1079","Application Data"
"7690","71.706326","s-0005.s-msedge.net","FioImma.local","TLSv1.3","722","Application Data"
"7691","71.711058","FioImma.local","s-0005.s-msedge.net","TLSv1.3","750","Application Data"
"7692","71.715813","ab.chatgpt.com","FioImma.local","TCP","60","443  >  54679 [ACK] Seq=3946495 Ack=258204 Win=64 Len=0"
"7693","71.715813","ab.chatgpt.com","FioImma.local","TCP","60","443  >  54679 [ACK] Seq=3946495 Ack=259604 Win=64 Len=0"
"7694","71.715813","ab.chatgpt.com","FioImma.local","TCP","60","443  >  54679 [ACK] Seq=3946495 Ack=261004 Win=64 Len=0"
"7695","71.715813","ab.chatgpt.com","FioImma.local","TCP","60","443  >  54679 [ACK] Seq=3946495 Ack=262364 Win=64 Len=0"
"7696","71.715813","ab.chatgpt.com","FioImma.local","TCP","60","443  >  54679 [ACK] Seq=3946495 Ack=263764 Win=64 Len=0"
"7697","71.715813","ab.chatgpt.com","FioImma.local","TCP","60","443  >  54679 [ACK] Seq=3946495 Ack=265164 Win=64 Len=0"
"7698","71.715813","ab.chatgpt.com","FioImma.local","TCP","60","443  >  54679 [ACK] Seq=3946495 Ack=266564 Win=64 Len=0"
"7699","71.715813","ab.chatgpt.com","FioImma.local","TCP","60","443  >  54679 [ACK] Seq=3946495 Ack=267964 Win=64 Len=0"
"7700","71.715813","ab.chatgpt.com","FioImma.local","TCP","60","443  >  54679 [ACK] Seq=3946495 Ack=269364 Win=64 Len=0"
"7701","71.715813","ab.chatgpt.com","FioImma.local","TCP","60","443  >  54679 [ACK] Seq=3946495 Ack=270764 Win=64 Len=0"
"7702","71.715813","ab.chatgpt.com","FioImma.local","TCP","60","443  >  54679 [ACK] Seq=3946495 Ack=271670 Win=64 Len=0"
"7703","71.715813","ab.chatgpt.com","FioImma.local","TCP","60","443  >  54679 [ACK] Seq=3946495 Ack=272695 Win=64 Len=0"
"7704","71.752059","s-0005.s-msedge.net","FioImma.local","TCP","60","443  >  54869 [ACK] Seq=7401 Ack=5089 Win=524288 Len=0"
"7705","71.756934","FioImma.local","ab.chatgpt.com","TCP","1454","54679  >  443 [ACK] Seq=272695 Ack=3946495 Win=2051 Len=1400 [TCP PDU reassembled in 7708]"
"7706","71.756934","FioImma.local","ab.chatgpt.com","TCP","1454","54679  >  443 [ACK] Seq=274095 Ack=3946495 Win=2051 Len=1400 [TCP PDU reassembled in 7708]"
"7707","71.756934","FioImma.local","ab.chatgpt.com","TCP","1454","54679  >  443 [ACK] Seq=275495 Ack=3946495 Win=2051 Len=1400 [TCP PDU reassembled in 7708]"
"7708","71.756934","FioImma.local","ab.chatgpt.com","TLSv1.2","351","Application Data"
"7709","71.757122","FioImma.local","ab.chatgpt.com","TCP","1454","54679  >  443 [ACK] Seq=277192 Ack=3946495 Win=2051 Len=1400 [TCP PDU reassembled in 7710]"
"7710","71.757122","FioImma.local","ab.chatgpt.com","TLSv1.2","110","Application Data"
"7711","71.757492","FioImma.local","ab.chatgpt.com","TCP","1454","54679  >  443 [ACK] Seq=278648 Ack=3946495 Win=2051 Len=1400 [TCP PDU reassembled in 7714]"
"7712","71.757492","FioImma.local","ab.chatgpt.com","TCP","1454","54679  >  443 [ACK] Seq=280048 Ack=3946495 Win=2051 Len=1400 [TCP PDU reassembled in 7714]"
"7713","71.757492","FioImma.local","ab.chatgpt.com","TCP","1454","54679  >  443 [ACK] Seq=281448 Ack=3946495 Win=2051 Len=1400 [TCP PDU reassembled in 7714]"
"7714","71.757492","FioImma.local","ab.chatgpt.com","TLSv1.2","351","Application Data"
"7715","71.757556","FioImma.local","ab.chatgpt.com","TLSv1.2","1444","Application Data"
"7716","71.798177","ab.chatgpt.com","FioImma.local","TCP","60","443  >  54679 [ACK] Seq=3946495 Ack=274095 Win=64 Len=0"
"7717","71.798177","ab.chatgpt.com","FioImma.local","TCP","60","443  >  54679 [ACK] Seq=3946495 Ack=275495 Win=64 Len=0"
"7718","71.798177","ab.chatgpt.com","FioImma.local","TCP","60","443  >  54679 [ACK] Seq=3946495 Ack=276895 Win=64 Len=0"
"7719","71.798177","ab.chatgpt.com","FioImma.local","TCP","60","443  >  54679 [ACK] Seq=3946495 Ack=277192 Win=64 Len=0"
"7720","71.798177","ab.chatgpt.com","FioImma.local","TCP","60","443  >  54679 [ACK] Seq=3946495 Ack=278648 Win=64 Len=0"
"7721","71.798177","ab.chatgpt.com","FioImma.local","TCP","60","443  >  54679 [ACK] Seq=3946495 Ack=281448 Win=64 Len=0"
"7722","71.798177","ab.chatgpt.com","FioImma.local","TCP","60","443  >  54679 [ACK] Seq=3946495 Ack=283145 Win=64 Len=0"
"7723","71.798177","ab.chatgpt.com","FioImma.local","TCP","60","443  >  54679 [ACK] Seq=3946495 Ack=284535 Win=64 Len=0"
"7724","71.817239","FioImma.local","ab.chatgpt.com","TLSv1.2","333","Application Data"
"7725","71.817359","FioImma.local","ab.chatgpt.com","TLSv1.2","1022","Application Data"
"7726","71.829617","ab.chatgpt.com","FioImma.local","TCP","60","443  >  54680 [ACK] Seq=6992 Ack=106584 Win=64 Len=0"
"7727","71.829617","ab.chatgpt.com","FioImma.local","TCP","60","443  >  54680 [ACK] Seq=6992 Ack=107552 Win=64 Len=0"
"7728","71.952789","s-0005.s-msedge.net","FioImma.local","TLSv1.3","324","Application Data"
"7729","71.996271","FioImma.local","s-0005.s-msedge.net","TCP","54","54869  >  443 [ACK] Seq=5089 Ack=7671 Win=132352 Len=0"
"7730","72.014892","ab.chatgpt.com","FioImma.local","TLSv1.2","552","Application Data"
"7731","72.014892","ab.chatgpt.com","FioImma.local","TLSv1.2","101","Application Data"
"7732","72.014892","ab.chatgpt.com","FioImma.local","TLSv1.2","85","Application Data"
"7733","72.014981","FioImma.local","ab.chatgpt.com","TCP","54","54680  >  443 [ACK] Seq=107552 Ack=7568 Win=511 Len=0"
"7734","72.021080","ab.chatgpt.com","FioImma.local","TLSv1.2","349","Application Data"
"7735","72.021080","ab.chatgpt.com","FioImma.local","TLSv1.2","145","Application Data"
"7736","72.021080","ab.chatgpt.com","FioImma.local","TLSv1.2","85","Application Data"
"7737","72.021148","FioImma.local","ab.chatgpt.com","TCP","54","54679  >  443 [ACK] Seq=284535 Ack=3946912 Win=2056 Len=0"
"7738","72.060136","ab.chatgpt.com","FioImma.local","TLSv1.2","473","Application Data"
"7739","72.060136","ab.chatgpt.com","FioImma.local","TLSv1.2","101","Application Data"
"7740","72.060136","ab.chatgpt.com","FioImma.local","TLSv1.2","85","Application Data"
"7741","72.060222","FioImma.local","ab.chatgpt.com","TCP","54","54679  >  443 [ACK] Seq=284535 Ack=3947409 Win=2054 Len=0"
"7742","72.064328","ab.chatgpt.com","FioImma.local","TLSv1.2","321","Application Data"
"7743","72.064328","ab.chatgpt.com","FioImma.local","TLSv1.2","101","Application Data"
"7744","72.064328","ab.chatgpt.com","FioImma.local","TLSv1.2","85","Application Data"
"7745","72.064412","FioImma.local","ab.chatgpt.com","TCP","54","54679  >  443 [ACK] Seq=284535 Ack=3947754 Win=2052 Len=0"
"7746","72.155128","FioImma.local","rr2.sn-o3o-itqz.googlevideo.com","TCP","1514","54867  >  443 [ACK] Seq=5572 Ack=962809 Win=1051136 Len=1460 [TCP PDU reassembled in 7747]"
"7747","72.155128","FioImma.local","rr2.sn-o3o-itqz.googlevideo.com","TLSv1.3","556","Application Data"
"7748","72.155188","FioImma.local","rr2.sn-o3o-itqz.googlevideo.com","TCP","1514","54867  >  443 [ACK] Seq=7534 Ack=962809 Win=1051136 Len=1460 [TCP PDU reassembled in 7749]"
"7749","72.155188","FioImma.local","rr2.sn-o3o-itqz.googlevideo.com","TLSv1.3","507","Application Data"
"7750","72.186299","rr2.sn-o3o-itqz.googlevideo.com","FioImma.local","TCP","60","443  >  54867 [ACK] Seq=962809 Ack=7534 Win=89088 Len=0"
"7751","72.186299","rr2.sn-o3o-itqz.googlevideo.com","FioImma.local","TCP","60","443  >  54867 [ACK] Seq=962809 Ack=9447 Win=94976 Len=0"
"7752","72.189492","rr2.sn-o3o-itqz.googlevideo.com","FioImma.local","TLSv1.3","1479","Application Data, Application Data, Application Data, Application Data, Application Data, Application Data, Application Data, Application Data, Application Data, Application Data, Application Data, Application Data, Application Data, Application Data, Application Data, Application Data"
"7753","72.189492","rr2.sn-o3o-itqz.googlevideo.com","FioImma.local","TLSv1.3","17574","Application Data, Application Data, Application Data, Application Data, Application Data, Application Data"
"7754","72.189554","FioImma.local","rr2.sn-o3o-itqz.googlevideo.com","TCP","54","54867  >  443 [ACK] Seq=9447 Ack=981754 Win=1051136 Len=0"
"7755","72.189607","rr2.sn-o3o-itqz.googlevideo.com","FioImma.local","TCP","4434","443  >  54867 [ACK] Seq=981754 Ack=9447 Win=94976 Len=4380 [TCP PDU reassembled in 7761]"
"7756","72.189627","FioImma.local","rr2.sn-o3o-itqz.googlevideo.com","TCP","54","54867  >  443 [ACK] Seq=9447 Ack=986134 Win=1051136 Len=0"
"7757","72.190542","rr2.sn-o3o-itqz.googlevideo.com","FioImma.local","TCP","5894","443  >  54867 [ACK] Seq=986134 Ack=9447 Win=94976 Len=5840 [TCP PDU reassembled in 7761]"
"7758","72.190575","FioImma.local","rr2.sn-o3o-itqz.googlevideo.com","TCP","54","54867  >  443 [ACK] Seq=9447 Ack=991974 Win=1051136 Len=0"
"7759","72.190618","rr2.sn-o3o-itqz.googlevideo.com","FioImma.local","TCP","4434","443  >  54867 [ACK] Seq=991974 Ack=9447 Win=94976 Len=4380 [TCP PDU reassembled in 7761]"
"7760","72.190635","FioImma.local","rr2.sn-o3o-itqz.googlevideo.com","TCP","54","54867  >  443 [ACK] Seq=9447 Ack=996354 Win=1051136 Len=0"
"7761","72.190850","rr2.sn-o3o-itqz.googlevideo.com","FioImma.local","TLSv1.3","13194","Application Data"
"7762","72.190919","FioImma.local","rr2.sn-o3o-itqz.googlevideo.com","TCP","54","54867  >  443 [ACK] Seq=9447 Ack=1009494 Win=1051136 Len=0"
"7763","72.191225","rr2.sn-o3o-itqz.googlevideo.com","FioImma.local","TLSv1.3","17574","Application Data"
"7764","72.191256","FioImma.local","rr2.sn-o3o-itqz.googlevideo.com","TCP","54","54867  >  443 [ACK] Seq=9447 Ack=1027014 Win=1051136 Len=0"
"7765","72.191288","rr2.sn-o3o-itqz.googlevideo.com","FioImma.local","TCP","2974","443  >  54867 [ACK] Seq=1027014 Ack=9447 Win=94976 Len=2920 [TCP PDU reassembled in 7767]"
"7766","72.191307","FioImma.local","rr2.sn-o3o-itqz.googlevideo.com","TCP","54","54867  >  443 [ACK] Seq=9447 Ack=1029934 Win=1051136 Len=0"
"7767","72.191606","rr2.sn-o3o-itqz.googlevideo.com","FioImma.local","TLSv1.3","1514","Application Data"
"7768","72.191637","rr2.sn-o3o-itqz.googlevideo.com","FioImma.local","TCP","1514","443  >  54867 [ACK] Seq=1031394 Ack=9447 Win=94976 Len=1460 [TCP PDU reassembled in 7780]"
"7769","72.191646","FioImma.local","rr2.sn-o3o-itqz.googlevideo.com","TCP","54","54867  >  443 [ACK] Seq=9447 Ack=1032854 Win=1051136 Len=0"
"7770","72.192217","rr2.sn-o3o-itqz.googlevideo.com","FioImma.local","TCP","1514","443  >  54867 [ACK] Seq=1032854 Ack=9447 Win=94976 Len=1460 [TCP PDU reassembled in 7780]"
"7771","72.192217","rr2.sn-o3o-itqz.googlevideo.com","FioImma.local","TCP","1514","443  >  54867 [ACK] Seq=1034314 Ack=9447 Win=94976 Len=1460 [TCP PDU reassembled in 7780]"
"7772","72.192217","rr2.sn-o3o-itqz.googlevideo.com","FioImma.local","TCP","1514","443  >  54867 [PSH, ACK] Seq=1035774 Ack=9447 Win=94976 Len=1460 [TCP PDU reassembled in 7780]"
"7773","72.192255","FioImma.local","rr2.sn-o3o-itqz.googlevideo.com","TCP","54","54867  >  443 [ACK] Seq=9447 Ack=1037234 Win=1051136 Len=0"
"7774","72.196483","rr2.sn-o3o-itqz.googlevideo.com","FioImma.local","TCP","1514","443  >  54867 [ACK] Seq=1037234 Ack=9447 Win=94976 Len=1460 [TCP PDU reassembled in 7780]"
"7775","72.196483","rr2.sn-o3o-itqz.googlevideo.com","FioImma.local","TCP","1514","443  >  54867 [ACK] Seq=1038694 Ack=9447 Win=94976 Len=1460 [TCP PDU reassembled in 7780]"
"7776","72.196483","rr2.sn-o3o-itqz.googlevideo.com","FioImma.local","TCP","1514","443  >  54867 [ACK] Seq=1040154 Ack=9447 Win=94976 Len=1460 [TCP PDU reassembled in 7780]"
"7777","72.196483","rr2.sn-o3o-itqz.googlevideo.com","FioImma.local","TCP","1514","443  >  54867 [ACK] Seq=1041614 Ack=9447 Win=94976 Len=1460 [TCP PDU reassembled in 7780]"
"7778","72.196483","rr2.sn-o3o-itqz.googlevideo.com","FioImma.local","TCP","1514","443  >  54867 [ACK] Seq=1043074 Ack=9447 Win=94976 Len=1460 [TCP PDU reassembled in 7780]"
"7779","72.196483","rr2.sn-o3o-itqz.googlevideo.com","FioImma.local","TCP","1514","443  >  54867 [ACK] Seq=1044534 Ack=9447 Win=94976 Len=1460 [TCP PDU reassembled in 7780]"
"7780","72.196483","rr2.sn-o3o-itqz.googlevideo.com","FioImma.local","TLSv1.3","1514","Application Data"
"7781","72.196483","rr2.sn-o3o-itqz.googlevideo.com","FioImma.local","TCP","1514","443  >  54867 [ACK] Seq=1047454 Ack=9447 Win=94976 Len=1460 [TCP PDU reassembled in 7791]"
"7782","72.196483","rr2.sn-o3o-itqz.googlevideo.com","FioImma.local","TCP","1514","443  >  54867 [ACK] Seq=1048914 Ack=9447 Win=94976 Len=1460 [TCP PDU reassembled in 7791]"
"7783","72.196483","rr2.sn-o3o-itqz.googlevideo.com","FioImma.local","TCP","1514","443  >  54867 [ACK] Seq=1050374 Ack=9447 Win=94976 Len=1460 [TCP PDU reassembled in 7791]"
"7784","72.196483","rr2.sn-o3o-itqz.googlevideo.com","FioImma.local","TCP","1514","443  >  54867 [ACK] Seq=1051834 Ack=9447 Win=94976 Len=1460 [TCP PDU reassembled in 7791]"
"7785","72.196483","rr2.sn-o3o-itqz.googlevideo.com","FioImma.local","TCP","1514","443  >  54867 [ACK] Seq=1053294 Ack=9447 Win=94976 Len=1460 [TCP PDU reassembled in 7791]"
"7786","72.196483","rr2.sn-o3o-itqz.googlevideo.com","FioImma.local","TCP","1514","443  >  54867 [ACK] Seq=1054754 Ack=9447 Win=94976 Len=1460 [TCP PDU reassembled in 7791]"
"7787","72.196483","rr2.sn-o3o-itqz.googlevideo.com","FioImma.local","TCP","1514","443  >  54867 [ACK] Seq=1056214 Ack=9447 Win=94976 Len=1460 [TCP PDU reassembled in 7791]"
"7788","72.196483","rr2.sn-o3o-itqz.googlevideo.com","FioImma.local","TCP","1514","443  >  54867 [ACK] Seq=1057674 Ack=9447 Win=94976 Len=1460 [TCP PDU reassembled in 7791]"
"7789","72.196483","rr2.sn-o3o-itqz.googlevideo.com","FioImma.local","TCP","1514","443  >  54867 [ACK] Seq=1059134 Ack=9447 Win=94976 Len=1460 [TCP PDU reassembled in 7791]"
"7790","72.196483","rr2.sn-o3o-itqz.googlevideo.com","FioImma.local","TCP","1514","443  >  54867 [ACK] Seq=1060594 Ack=9447 Win=94976 Len=1460 [TCP PDU reassembled in 7791]"
"7791","72.196483","rr2.sn-o3o-itqz.googlevideo.com","FioImma.local","TLSv1.3","1514","Application Data"
"7792","72.196483","rr2.sn-o3o-itqz.googlevideo.com","FioImma.local","TCP","1514","443  >  54867 [PSH, ACK] Seq=1063514 Ack=9447 Win=94976 Len=1460 [TCP PDU reassembled in 7803]"
"7793","72.196483","rr2.sn-o3o-itqz.googlevideo.com","FioImma.local","TCP","1514","443  >  54867 [ACK] Seq=1064974 Ack=9447 Win=94976 Len=1460 [TCP PDU reassembled in 7803]"
"7794","72.196483","rr2.sn-o3o-itqz.googlevideo.com","FioImma.local","TCP","1514","443  >  54867 [ACK] Seq=1066434 Ack=9447 Win=94976 Len=1460 [TCP PDU reassembled in 7803]"
"7795","72.196483","rr2.sn-o3o-itqz.googlevideo.com","FioImma.local","TCP","1514","443  >  54867 [ACK] Seq=1067894 Ack=9447 Win=94976 Len=1460 [TCP PDU reassembled in 7803]"
"7796","72.196483","rr2.sn-o3o-itqz.googlevideo.com","FioImma.local","TCP","1514","443  >  54867 [ACK] Seq=1069354 Ack=9447 Win=94976 Len=1460 [TCP PDU reassembled in 7803]"
"7797","72.196483","rr2.sn-o3o-itqz.googlevideo.com","FioImma.local","TCP","1514","443  >  54867 [ACK] Seq=1070814 Ack=9447 Win=94976 Len=1460 [TCP PDU reassembled in 7803]"
"7798","72.196671","FioImma.local","rr2.sn-o3o-itqz.googlevideo.com","TCP","54","54867  >  443 [ACK] Seq=9447 Ack=1072274 Win=1051136 Len=0"
"7799","72.198346","rr2.sn-o3o-itqz.googlevideo.com","FioImma.local","TCP","1514","443  >  54867 [ACK] Seq=1072274 Ack=9447 Win=94976 Len=1460 [TCP PDU reassembled in 7803]"
"7800","72.198346","rr2.sn-o3o-itqz.googlevideo.com","FioImma.local","TCP","1514","443  >  54867 [ACK] Seq=1073734 Ack=9447 Win=94976 Len=1460 [TCP PDU reassembled in 7803]"
"7801","72.198346","rr2.sn-o3o-itqz.googlevideo.com","FioImma.local","TCP","1514","443  >  54867 [ACK] Seq=1075194 Ack=9447 Win=94976 Len=1460 [TCP PDU reassembled in 7803]"
"7802","72.198346","rr2.sn-o3o-itqz.googlevideo.com","FioImma.local","TCP","1514","443  >  54867 [ACK] Seq=1076654 Ack=9447 Win=94976 Len=1460 [TCP PDU reassembled in 7803]"
"7803","72.198346","rr2.sn-o3o-itqz.googlevideo.com","FioImma.local","TLSv1.3","1514","Application Data"
"7804","72.198346","rr2.sn-o3o-itqz.googlevideo.com","FioImma.local","TLSv1.3","42394","Application Data, Application Data, Application Data, Application Data, Application Data, Application Data, Application Data, Application Data, Application Data, Application Data, Application Data, Application Data"
"7805","72.198346","rr2.sn-o3o-itqz.googlevideo.com","FioImma.local","TCP","1514","443  >  54867 [ACK] Seq=1121914 Ack=9447 Win=94976 Len=1460 [TCP PDU reassembled in 7806]"
"7806","72.198346","rr2.sn-o3o-itqz.googlevideo.com","FioImma.local","TLSv1.3","26334","Application Data"
"7807","72.198473","FioImma.local","rr2.sn-o3o-itqz.googlevideo.com","TCP","54","54867  >  443 [ACK] Seq=9447 Ack=1149654 Win=1051136 Len=0"
"7808","72.205263","rr2.sn-o3o-itqz.googlevideo.com","FioImma.local","TLSv1.3","64294","Application Data, Application Data, Application Data, Application Data"
"7809","72.205263","rr2.sn-o3o-itqz.googlevideo.com","FioImma.local","TLSv1.3","29254","Application Data, Application Data"
"7810","72.205391","FioImma.local","rr2.sn-o3o-itqz.googlevideo.com","TCP","54","54867  >  443 [ACK] Seq=9447 Ack=1243094 Win=1051136 Len=0"
"7811","72.205673","rr2.sn-o3o-itqz.googlevideo.com","FioImma.local","TLSv1.3","64294","Application Data, Application Data, Application Data, Application Data, Application Data, Application Data, Application Data, Application Data, Application Data, Application Data, Application Data, Application Data, Application Data"
"7812","72.205673","rr2.sn-o3o-itqz.googlevideo.com","FioImma.local","TLSv1.3","1514","Application Data"
"7813","72.205743","FioImma.local","rr2.sn-o3o-itqz.googlevideo.com","TCP","54","54867  >  443 [ACK] Seq=9447 Ack=1308794 Win=1051136 Len=0"
"7814","72.205832","rr2.sn-o3o-itqz.googlevideo.com","FioImma.local","TLSv1.3","16114","Application Data"
"7815","72.205869","FioImma.local","rr2.sn-o3o-itqz.googlevideo.com","TCP","54","54867  >  443 [ACK] Seq=9447 Ack=1324854 Win=1051136 Len=0"
"7816","72.205918","rr2.sn-o3o-itqz.googlevideo.com","FioImma.local","TCP","11734","443  >  54867 [ACK] Seq=1324854 Ack=9447 Win=94976 Len=11680 [TCP PDU reassembled in 7818]"
"7817","72.205946","FioImma.local","rr2.sn-o3o-itqz.googlevideo.com","TCP","54","54867  >  443 [ACK] Seq=9447 Ack=1336534 Win=1051136 Len=0"
"7818","72.206868","rr2.sn-o3o-itqz.googlevideo.com","FioImma.local","TLSv1.3","7354","Application Data"
"7819","72.206911","FioImma.local","rr2.sn-o3o-itqz.googlevideo.com","TCP","54","54867  >  443 [ACK] Seq=9447 Ack=1343834 Win=1051136 Len=0"
"7820","72.206961","rr2.sn-o3o-itqz.googlevideo.com","FioImma.local","TCP","4434","443  >  54867 [ACK] Seq=1343834 Ack=9447 Win=94976 Len=4380 [TCP PDU reassembled in 7826]"
"7821","72.206986","FioImma.local","rr2.sn-o3o-itqz.googlevideo.com","TCP","54","54867  >  443 [ACK] Seq=9447 Ack=1348214 Win=1051136 Len=0"
"7822","72.207012","rr2.sn-o3o-itqz.googlevideo.com","FioImma.local","TCP","2974","443  >  54867 [ACK] Seq=1348214 Ack=9447 Win=94976 Len=2920 [TCP PDU reassembled in 7826]"
"7823","72.207020","FioImma.local","rr2.sn-o3o-itqz.googlevideo.com","TCP","54","54867  >  443 [ACK] Seq=9447 Ack=1351134 Win=1051136 Len=0"
"7824","72.207039","rr2.sn-o3o-itqz.googlevideo.com","FioImma.local","TCP","4434","443  >  54867 [ACK] Seq=1351134 Ack=9447 Win=94976 Len=4380 [TCP PDU reassembled in 7826]"
"7825","72.207054","FioImma.local","rr2.sn-o3o-itqz.googlevideo.com","TCP","54","54867  >  443 [ACK] Seq=9447 Ack=1355514 Win=1051136 Len=0"
"7826","72.207182","rr2.sn-o3o-itqz.googlevideo.com","FioImma.local","TLSv1.3","4434","Application Data"
"7827","72.207193","FioImma.local","rr2.sn-o3o-itqz.googlevideo.com","TCP","54","54867  >  443 [ACK] Seq=9447 Ack=1359894 Win=1051136 Len=0"
"7828","72.208009","rr2.sn-o3o-itqz.googlevideo.com","FioImma.local","TCP","2974","443  >  54867 [ACK] Seq=1359894 Ack=9447 Win=94976 Len=2920 [TCP PDU reassembled in 7834]"
"7829","72.208036","FioImma.local","rr2.sn-o3o-itqz.googlevideo.com","TCP","54","54867  >  443 [ACK] Seq=9447 Ack=1362814 Win=1051136 Len=0"
"7830","72.208070","rr2.sn-o3o-itqz.googlevideo.com","FioImma.local","TCP","4434","443  >  54867 [ACK] Seq=1362814 Ack=9447 Win=94976 Len=4380 [TCP PDU reassembled in 7834]"
"7831","72.208086","FioImma.local","rr2.sn-o3o-itqz.googlevideo.com","TCP","54","54867  >  443 [ACK] Seq=9447 Ack=1367194 Win=1051136 Len=0"
"7832","72.208159","rr2.sn-o3o-itqz.googlevideo.com","FioImma.local","TCP","4434","443  >  54867 [ACK] Seq=1367194 Ack=9447 Win=94976 Len=4380 [TCP PDU reassembled in 7834]"
"7833","72.208193","FioImma.local","rr2.sn-o3o-itqz.googlevideo.com","TCP","54","54867  >  443 [ACK] Seq=9447 Ack=1371574 Win=1051136 Len=0"
"7834","72.208229","rr2.sn-o3o-itqz.googlevideo.com","FioImma.local","TLSv1.3","4434","Application Data"
"7835","72.208250","FioImma.local","rr2.sn-o3o-itqz.googlevideo.com","TCP","54","54867  >  443 [ACK] Seq=9447 Ack=1375954 Win=1051136 Len=0"
"7836","72.208270","rr2.sn-o3o-itqz.googlevideo.com","FioImma.local","TCP","2974","443  >  54867 [ACK] Seq=1375954 Ack=9447 Win=94976 Len=2920 [TCP PDU reassembled in 7842]"
"7837","72.208279","FioImma.local","rr2.sn-o3o-itqz.googlevideo.com","TCP","54","54867  >  443 [ACK] Seq=9447 Ack=1378874 Win=1051136 Len=0"
"7838","72.208328","rr2.sn-o3o-itqz.googlevideo.com","FioImma.local","TCP","2974","443  >  54867 [ACK] Seq=1378874 Ack=9447 Win=94976 Len=2920 [TCP PDU reassembled in 7842]"
"7839","72.208346","FioImma.local","rr2.sn-o3o-itqz.googlevideo.com","TCP","54","54867  >  443 [ACK] Seq=9447 Ack=1381794 Win=1051136 Len=0"
"7840","72.208490","rr2.sn-o3o-itqz.googlevideo.com","FioImma.local","TCP","1514","443  >  54867 [ACK] Seq=1381794 Ack=9447 Win=94976 Len=1460 [TCP PDU reassembled in 7842]"
"7841","72.208505","FioImma.local","rr2.sn-o3o-itqz.googlevideo.com","TCP","54","54867  >  443 [ACK] Seq=9447 Ack=1383254 Win=1051136 Len=0"
"7842","72.214805","rr2.sn-o3o-itqz.googlevideo.com","FioImma.local","TLSv1.3","11734","Application Data"
"7843","72.214805","rr2.sn-o3o-itqz.googlevideo.com","FioImma.local","TCP","1514","443  >  54867 [ACK] Seq=1394934 Ack=9447 Win=94976 Len=1460 [TCP PDU reassembled in 7845]"
"7844","72.214805","rr2.sn-o3o-itqz.googlevideo.com","FioImma.local","TCP","1514","443  >  54867 [ACK] Seq=1396394 Ack=9447 Win=94976 Len=1460 [TCP PDU reassembled in 7845]"
"7845","72.214805","rr2.sn-o3o-itqz.googlevideo.com","FioImma.local","TLSv1.3","21954","Application Data"
"7846","72.214805","rr2.sn-o3o-itqz.googlevideo.com","FioImma.local","TLSv1.3","1514","Application Data, Application Data, Application Data, Application Data"
"7847","72.214805","rr2.sn-o3o-itqz.googlevideo.com","FioImma.local","TLSv1.3","1514","Application Data, Application Data, Application Data, Application Data, Application Data, Application Data"
"7848","72.214805","rr2.sn-o3o-itqz.googlevideo.com","FioImma.local","TCP","1514","443  >  54867 [ACK] Seq=1422674 Ack=9447 Win=94976 Len=1460 [TCP PDU reassembled in 7857]"
"7849","72.214805","rr2.sn-o3o-itqz.googlevideo.com","FioImma.local","TCP","1514","443  >  54867 [ACK] Seq=1424134 Ack=9447 Win=94976 Len=1460 [TCP PDU reassembled in 7857]"
"7850","72.214805","rr2.sn-o3o-itqz.googlevideo.com","FioImma.local","TCP","1514","443  >  54867 [ACK] Seq=1425594 Ack=9447 Win=94976 Len=1460 [TCP PDU reassembled in 7857]"
"7851","72.214805","rr2.sn-o3o-itqz.googlevideo.com","FioImma.local","TCP","1514","443  >  54867 [ACK] Seq=1427054 Ack=9447 Win=94976 Len=1460 [TCP PDU reassembled in 7857]"
"7852","72.214805","rr2.sn-o3o-itqz.googlevideo.com","FioImma.local","TCP","1514","443  >  54867 [ACK] Seq=1428514 Ack=9447 Win=94976 Len=1460 [TCP PDU reassembled in 7857]"
"7853","72.214805","rr2.sn-o3o-itqz.googlevideo.com","FioImma.local","TCP","2974","443  >  54867 [ACK] Seq=1429974 Ack=9447 Win=94976 Len=2920 [TCP PDU reassembled in 7857]"
"7854","72.214805","rr2.sn-o3o-itqz.googlevideo.com","FioImma.local","TCP","1514","443  >  54867 [ACK] Seq=1432894 Ack=9447 Win=94976 Len=1460 [TCP PDU reassembled in 7857]"
"7855","72.214805","rr2.sn-o3o-itqz.googlevideo.com","FioImma.local","TCP","1514","443  >  54867 [ACK] Seq=1434354 Ack=9447 Win=94976 Len=1460 [TCP PDU reassembled in 7857]"
"7856","72.214805","rr2.sn-o3o-itqz.googlevideo.com","FioImma.local","TCP","1514","443  >  54867 [ACK] Seq=1435814 Ack=9447 Win=94976 Len=1460 [TCP PDU reassembled in 7857]"
"7857","72.214805","rr2.sn-o3o-itqz.googlevideo.com","FioImma.local","TLSv1.3","1514","Application Data"
"7858","72.214805","rr2.sn-o3o-itqz.googlevideo.com","FioImma.local","TCP","1514","443  >  54867 [ACK] Seq=1438734 Ack=9447 Win=94976 Len=1460 [TCP PDU reassembled in 7869]"
"7859","72.214805","rr2.sn-o3o-itqz.googlevideo.com","FioImma.local","TCP","1514","443  >  54867 [ACK] Seq=1440194 Ack=9447 Win=94976 Len=1460 [TCP PDU reassembled in 7869]"
"7860","72.214805","rr2.sn-o3o-itqz.googlevideo.com","FioImma.local","TCP","1514","443  >  54867 [ACK] Seq=1441654 Ack=9447 Win=94976 Len=1460 [TCP PDU reassembled in 7869]"
"7861","72.214805","rr2.sn-o3o-itqz.googlevideo.com","FioImma.local","TCP","1514","443  >  54867 [ACK] Seq=1443114 Ack=9447 Win=94976 Len=1460 [TCP PDU reassembled in 7869]"
"7862","72.214805","rr2.sn-o3o-itqz.googlevideo.com","FioImma.local","TCP","1514","443  >  54867 [ACK] Seq=1444574 Ack=9447 Win=94976 Len=1460 [TCP PDU reassembled in 7869]"
"7863","72.214805","rr2.sn-o3o-itqz.googlevideo.com","FioImma.local","TCP","1514","443  >  54867 [ACK] Seq=1446034 Ack=9447 Win=94976 Len=1460 [TCP PDU reassembled in 7869]"
"7864","72.214805","rr2.sn-o3o-itqz.googlevideo.com","FioImma.local","TCP","1514","443  >  54867 [ACK] Seq=1447494 Ack=9447 Win=94976 Len=1460 [TCP PDU reassembled in 7869]"
"7865","72.214805","rr2.sn-o3o-itqz.googlevideo.com","FioImma.local","TCP","1514","443  >  54867 [PSH, ACK] Seq=1448954 Ack=9447 Win=94976 Len=1460 [TCP PDU reassembled in 7869]"
"7866","72.214805","rr2.sn-o3o-itqz.googlevideo.com","FioImma.local","TCP","1514","443  >  54867 [ACK] Seq=1450414 Ack=9447 Win=94976 Len=1460 [TCP PDU reassembled in 7869]"
"7867","72.214805","rr2.sn-o3o-itqz.googlevideo.com","FioImma.local","TCP","1514","443  >  54867 [ACK] Seq=1451874 Ack=9447 Win=94976 Len=1460 [TCP PDU reassembled in 7869]"
"7868","72.214955","FioImma.local","rr2.sn-o3o-itqz.googlevideo.com","TCP","54","54867  >  443 [ACK] Seq=9447 Ack=1453334 Win=1051136 Len=0"
"7869","72.219253","rr2.sn-o3o-itqz.googlevideo.com","FioImma.local","TLSv1.3","1514","Application Data"
"7870","72.219253","rr2.sn-o3o-itqz.googlevideo.com","FioImma.local","TCP","1514","443  >  54867 [ACK] Seq=1454794 Ack=9447 Win=94976 Len=1460 [TCP PDU reassembled in 7880]"
"7871","72.219253","rr2.sn-o3o-itqz.googlevideo.com","FioImma.local","TCP","1514","443  >  54867 [ACK] Seq=1456254 Ack=9447 Win=94976 Len=1460 [TCP PDU reassembled in 7880]"
"7872","72.219253","rr2.sn-o3o-itqz.googlevideo.com","FioImma.local","TCP","1514","443  >  54867 [ACK] Seq=1457714 Ack=9447 Win=94976 Len=1460 [TCP PDU reassembled in 7880]"
"7873","72.219253","rr2.sn-o3o-itqz.googlevideo.com","FioImma.local","TCP","1514","443  >  54867 [ACK] Seq=1459174 Ack=9447 Win=94976 Len=1460 [TCP PDU reassembled in 7880]"
"7874","72.219253","rr2.sn-o3o-itqz.googlevideo.com","FioImma.local","TCP","1514","443  >  54867 [ACK] Seq=1460634 Ack=9447 Win=94976 Len=1460 [TCP PDU reassembled in 7880]"
"7875","72.219253","rr2.sn-o3o-itqz.googlevideo.com","FioImma.local","TCP","1514","443  >  54867 [ACK] Seq=1462094 Ack=9447 Win=94976 Len=1460 [TCP PDU reassembled in 7880]"
"7876","72.219253","rr2.sn-o3o-itqz.googlevideo.com","FioImma.local","TCP","1514","443  >  54867 [ACK] Seq=1463554 Ack=9447 Win=94976 Len=1460 [TCP PDU reassembled in 7880]"
"7877","72.219253","rr2.sn-o3o-itqz.googlevideo.com","FioImma.local","TCP","1514","443  >  54867 [ACK] Seq=1465014 Ack=9447 Win=94976 Len=1460 [TCP PDU reassembled in 7880]"
"7878","72.219253","rr2.sn-o3o-itqz.googlevideo.com","FioImma.local","TCP","1514","443  >  54867 [ACK] Seq=1466474 Ack=9447 Win=94976 Len=1460 [TCP PDU reassembled in 7880]"
"7879","72.219253","rr2.sn-o3o-itqz.googlevideo.com","FioImma.local","TCP","1514","443  >  54867 [ACK] Seq=1467934 Ack=9447 Win=94976 Len=1460 [TCP PDU reassembled in 7880]"
"7880","72.219253","rr2.sn-o3o-itqz.googlevideo.com","FioImma.local","TLSv1.3","1514","Application Data"
"7881","72.219253","rr2.sn-o3o-itqz.googlevideo.com","FioImma.local","TCP","1514","443  >  54867 [ACK] Seq=1470854 Ack=9447 Win=94976 Len=1460 [TCP PDU reassembled in 7893]"
"7882","72.219253","rr2.sn-o3o-itqz.googlevideo.com","FioImma.local","TCP","1514","443  >  54867 [ACK] Seq=1472314 Ack=9447 Win=94976 Len=1460 [TCP PDU reassembled in 7893]"
"7883","72.219253","rr2.sn-o3o-itqz.googlevideo.com","FioImma.local","TCP","1514","443  >  54867 [ACK] Seq=1473774 Ack=9447 Win=94976 Len=1460 [TCP PDU reassembled in 7893]"
"7884","72.219253","rr2.sn-o3o-itqz.googlevideo.com","FioImma.local","TCP","1514","443  >  54867 [ACK] Seq=1475234 Ack=9447 Win=94976 Len=1460 [TCP PDU reassembled in 7893]"
"7885","72.219253","rr2.sn-o3o-itqz.googlevideo.com","FioImma.local","TCP","1514","443  >  54867 [ACK] Seq=1476694 Ack=9447 Win=94976 Len=1460 [TCP PDU reassembled in 7893]"
"7886","72.219253","rr2.sn-o3o-itqz.googlevideo.com","FioImma.local","TCP","1514","443  >  54867 [ACK] Seq=1478154 Ack=9447 Win=94976 Len=1460 [TCP PDU reassembled in 7893]"
"7887","72.219253","rr2.sn-o3o-itqz.googlevideo.com","FioImma.local","TCP","1514","443  >  54867 [ACK] Seq=1479614 Ack=9447 Win=94976 Len=1460 [TCP PDU reassembled in 7893]"
"7888","72.219253","rr2.sn-o3o-itqz.googlevideo.com","FioImma.local","TCP","1514","443  >  54867 [ACK] Seq=1481074 Ack=9447 Win=94976 Len=1460 [TCP PDU reassembled in 7893]"
"7889","72.219253","rr2.sn-o3o-itqz.googlevideo.com","FioImma.local","TCP","1514","443  >  54867 [ACK] Seq=1482534 Ack=9447 Win=94976 Len=1460 [TCP PDU reassembled in 7893]"
"7890","72.219253","rr2.sn-o3o-itqz.googlevideo.com","FioImma.local","TCP","1514","443  >  54867 [ACK] Seq=1483994 Ack=9447 Win=94976 Len=1460 [TCP PDU reassembled in 7893]"
"7891","72.219253","rr2.sn-o3o-itqz.googlevideo.com","FioImma.local","TCP","1514","443  >  54867 [PSH, ACK] Seq=1485454 Ack=9447 Win=94976 Len=1460 [TCP PDU reassembled in 7893]"
"7892","72.219414","FioImma.local","rr2.sn-o3o-itqz.googlevideo.com","TCP","54","54867  >  443 [ACK] Seq=9447 Ack=1486914 Win=1051136 Len=0"
"7893","72.224919","rr2.sn-o3o-itqz.googlevideo.com","FioImma.local","TLSv1.3","19034","Application Data, Application Data"
"7894","72.224919","rr2.sn-o3o-itqz.googlevideo.com","FioImma.local","TCP","202","443  >  54867 [PSH, ACK] Seq=1505894 Ack=9447 Win=94976 Len=148 [TCP PDU reassembled in 7907]"
"7895","72.225003","FioImma.local","rr2.sn-o3o-itqz.googlevideo.com","TCP","54","54867  >  443 [ACK] Seq=9447 Ack=1506042 Win=1051136 Len=0"
"7896","72.230221","rr2.sn-o3o-itqz.googlevideo.com","FioImma.local","TCP","1514","443  >  54867 [ACK] Seq=1506042 Ack=9447 Win=94976 Len=1460 [TCP PDU reassembled in 7907]"
"7897","72.230289","FioImma.local","rr2.sn-o3o-itqz.googlevideo.com","TCP","54","54867  >  443 [ACK] Seq=9447 Ack=1507502 Win=1051136 Len=0"
"7898","72.234929","rr2.sn-o3o-itqz.googlevideo.com","FioImma.local","TCP","1514","443  >  54867 [ACK] Seq=1507502 Ack=9447 Win=94976 Len=1460 [TCP PDU reassembled in 7907]"
"7899","72.234929","rr2.sn-o3o-itqz.googlevideo.com","FioImma.local","TCP","1514","443  >  54867 [ACK] Seq=1508962 Ack=9447 Win=94976 Len=1460 [TCP PDU reassembled in 7907]"
"7900","72.234929","rr2.sn-o3o-itqz.googlevideo.com","FioImma.local","TCP","1514","443  >  54867 [ACK] Seq=1510422 Ack=9447 Win=94976 Len=1460 [TCP PDU reassembled in 7907]"
"7901","72.234929","rr2.sn-o3o-itqz.googlevideo.com","FioImma.local","TCP","1514","443  >  54867 [ACK] Seq=1511882 Ack=9447 Win=94976 Len=1460 [TCP PDU reassembled in 7907]"
"7902","72.234929","rr2.sn-o3o-itqz.googlevideo.com","FioImma.local","TCP","1366","443  >  54867 [PSH, ACK] Seq=1513342 Ack=9447 Win=94976 Len=1312 [TCP PDU reassembled in 7907]"
"7903","72.234929","rr2.sn-o3o-itqz.googlevideo.com","FioImma.local","TCP","1514","443  >  54867 [ACK] Seq=1514654 Ack=9447 Win=94976 Len=1460 [TCP PDU reassembled in 7907]"
"7904","72.234929","rr2.sn-o3o-itqz.googlevideo.com","FioImma.local","TCP","1514","443  >  54867 [ACK] Seq=1516114 Ack=9447 Win=94976 Len=1460 [TCP PDU reassembled in 7907]"
"7905","72.234929","rr2.sn-o3o-itqz.googlevideo.com","FioImma.local","TCP","1514","443  >  54867 [ACK] Seq=1517574 Ack=9447 Win=94976 Len=1460 [TCP PDU reassembled in 7907]"
"7906","72.234988","FioImma.local","rr2.sn-o3o-itqz.googlevideo.com","TCP","54","54867  >  443 [ACK] Seq=9447 Ack=1519034 Win=1051136 Len=0"
"7907","72.235025","rr2.sn-o3o-itqz.googlevideo.com","FioImma.local","TLSv1.3","1514","Application Data"
"7908","72.235025","rr2.sn-o3o-itqz.googlevideo.com","FioImma.local","TCP","1514","443  >  54867 [ACK] Seq=1520494 Ack=9447 Win=94976 Len=1460 [TCP PDU reassembled in 7921]"
"7909","72.235037","FioImma.local","rr2.sn-o3o-itqz.googlevideo.com","TCP","54","54867  >  443 [ACK] Seq=9447 Ack=1521954 Win=1051136 Len=0"
"7910","72.235458","rr2.sn-o3o-itqz.googlevideo.com","FioImma.local","TCP","1514","443  >  54867 [ACK] Seq=1521954 Ack=9447 Win=94976 Len=1460 [TCP PDU reassembled in 7921]"
"7911","72.235458","rr2.sn-o3o-itqz.googlevideo.com","FioImma.local","TCP","1514","443  >  54867 [ACK] Seq=1523414 Ack=9447 Win=94976 Len=1460 [TCP PDU reassembled in 7921]"
"7912","72.235458","rr2.sn-o3o-itqz.googlevideo.com","FioImma.local","TCP","1514","443  >  54867 [ACK] Seq=1524874 Ack=9447 Win=94976 Len=1460 [TCP PDU reassembled in 7921]"
"7913","72.235458","rr2.sn-o3o-itqz.googlevideo.com","FioImma.local","TCP","1514","443  >  54867 [ACK] Seq=1526334 Ack=9447 Win=94976 Len=1460 [TCP PDU reassembled in 7921]"
"7914","72.235458","rr2.sn-o3o-itqz.googlevideo.com","FioImma.local","TCP","1514","443  >  54867 [ACK] Seq=1527794 Ack=9447 Win=94976 Len=1460 [TCP PDU reassembled in 7921]"
"7915","72.235458","rr2.sn-o3o-itqz.googlevideo.com","FioImma.local","TCP","1514","443  >  54867 [ACK] Seq=1529254 Ack=9447 Win=94976 Len=1460 [TCP PDU reassembled in 7921]"
"7916","72.235509","FioImma.local","rr2.sn-o3o-itqz.googlevideo.com","TCP","54","54867  >  443 [ACK] Seq=9447 Ack=1530714 Win=1051136 Len=0"
"7917","72.235547","rr2.sn-o3o-itqz.googlevideo.com","FioImma.local","TCP","1514","443  >  54867 [ACK] Seq=1530714 Ack=9447 Win=94976 Len=1460 [TCP PDU reassembled in 7921]"
"7918","72.235677","rr2.sn-o3o-itqz.googlevideo.com","FioImma.local","TCP","1514","443  >  54867 [ACK] Seq=1532174 Ack=9447 Win=94976 Len=1460 [TCP PDU reassembled in 7921]"
"7919","72.235677","rr2.sn-o3o-itqz.googlevideo.com","FioImma.local","TCP","1514","443  >  54867 [ACK] Seq=1533634 Ack=9447 Win=94976 Len=1460 [TCP PDU reassembled in 7921]"
"7920","72.235720","FioImma.local","rr2.sn-o3o-itqz.googlevideo.com","TCP","54","54867  >  443 [ACK] Seq=9447 Ack=1535094 Win=1051136 Len=0"
"7921","72.235937","rr2.sn-o3o-itqz.googlevideo.com","FioImma.local","TLSv1.3","1514","Application Data"
"7922","72.235937","rr2.sn-o3o-itqz.googlevideo.com","FioImma.local","TCP","1514","443  >  54867 [ACK] Seq=1536554 Ack=9447 Win=94976 Len=1460 [TCP PDU reassembled in 7937]"
"7923","72.235937","rr2.sn-o3o-itqz.googlevideo.com","FioImma.local","TCP","1514","443  >  54867 [ACK] Seq=1538014 Ack=9447 Win=94976 Len=1460 [TCP PDU reassembled in 7937]"
"7924","72.235937","rr2.sn-o3o-itqz.googlevideo.com","FioImma.local","TCP","1514","443  >  54867 [ACK] Seq=1539474 Ack=9447 Win=94976 Len=1460 [TCP PDU reassembled in 7937]"
"7925","72.235968","FioImma.local","rr2.sn-o3o-itqz.googlevideo.com","TCP","54","54867  >  443 [ACK] Seq=9447 Ack=1540934 Win=1051136 Len=0"
"7926","72.236192","rr2.sn-o3o-itqz.googlevideo.com","FioImma.local","TCP","1514","443  >  54867 [ACK] Seq=1540934 Ack=9447 Win=94976 Len=1460 [TCP PDU reassembled in 7937]"
"7927","72.236192","rr2.sn-o3o-itqz.googlevideo.com","FioImma.local","TCP","1514","443  >  54867 [ACK] Seq=1542394 Ack=9447 Win=94976 Len=1460 [TCP PDU reassembled in 7937]"
"7928","72.236192","rr2.sn-o3o-itqz.googlevideo.com","FioImma.local","TCP","1514","443  >  54867 [ACK] Seq=1543854 Ack=9447 Win=94976 Len=1460 [TCP PDU reassembled in 7937]"
"7929","72.236222","FioImma.local","rr2.sn-o3o-itqz.googlevideo.com","TCP","54","54867  >  443 [ACK] Seq=9447 Ack=1545314 Win=1051136 Len=0"
"7930","72.236310","rr2.sn-o3o-itqz.googlevideo.com","FioImma.local","TCP","1514","443  >  54867 [ACK] Seq=1545314 Ack=9447 Win=94976 Len=1460 [TCP PDU reassembled in 7937]"
"7931","72.236310","rr2.sn-o3o-itqz.googlevideo.com","FioImma.local","TCP","1514","443  >  54867 [ACK] Seq=1546774 Ack=9447 Win=94976 Len=1460 [TCP PDU reassembled in 7937]"
"7932","72.236355","FioImma.local","rr2.sn-o3o-itqz.googlevideo.com","TCP","54","54867  >  443 [ACK] Seq=9447 Ack=1548234 Win=1051136 Len=0"
"7933","72.236396","rr2.sn-o3o-itqz.googlevideo.com","FioImma.local","TCP","1514","443  >  54867 [ACK] Seq=1548234 Ack=9447 Win=94976 Len=1460 [TCP PDU reassembled in 7937]"
"7934","72.236422","rr2.sn-o3o-itqz.googlevideo.com","FioImma.local","TCP","1514","443  >  54867 [PSH, ACK] Seq=1549694 Ack=9447 Win=94976 Len=1460 [TCP PDU reassembled in 7937]"
"7935","72.236429","FioImma.local","rr2.sn-o3o-itqz.googlevideo.com","TCP","54","54867  >  443 [ACK] Seq=9447 Ack=1551154 Win=1051136 Len=0"
"7936","72.237432","rr2.sn-o3o-itqz.googlevideo.com","FioImma.local","TCP","1514","443  >  54867 [ACK] Seq=1551154 Ack=9447 Win=94976 Len=1460 [TCP PDU reassembled in 7937]"
"7937","72.239376","rr2.sn-o3o-itqz.googlevideo.com","FioImma.local","TLSv1.3","8814","Application Data"
"7938","72.239439","FioImma.local","rr2.sn-o3o-itqz.googlevideo.com","TCP","54","54867  >  443 [ACK] Seq=9447 Ack=1561374 Win=1051136 Len=0"
"7939","72.239599","rr2.sn-o3o-itqz.googlevideo.com","FioImma.local","TCP","5894","443  >  54867 [ACK] Seq=1561374 Ack=9447 Win=94976 Len=5840 [TCP PDU reassembled in 7941]"
"7940","72.239631","FioImma.local","rr2.sn-o3o-itqz.googlevideo.com","TCP","54","54867  >  443 [ACK] Seq=9447 Ack=1567214 Win=1051136 Len=0"
"7941","72.239665","rr2.sn-o3o-itqz.googlevideo.com","FioImma.local","TLSv1.3","2974","Application Data"
"7942","72.239675","FioImma.local","rr2.sn-o3o-itqz.googlevideo.com","TCP","54","54867  >  443 [ACK] Seq=9447 Ack=1570134 Win=1051136 Len=0"
"7943","72.244012","rr2.sn-o3o-itqz.googlevideo.com","FioImma.local","TLSv1.3","23414","Application Data"
"7944","72.244012","rr2.sn-o3o-itqz.googlevideo.com","FioImma.local","TLSv1.3","872","Application Data, Application Data, Application Data, Application Data, Application Data, Application Data"
"7945","72.244114","FioImma.local","rr2.sn-o3o-itqz.googlevideo.com","TCP","54","54867  >  443 [ACK] Seq=9447 Ack=1594312 Win=1051136 Len=0"
"7946","72.761493","ab.chatgpt.com","FioImma.local","TLSv1.2","1359","Application Data"
"7947","72.807183","FioImma.local","ab.chatgpt.com","TCP","54","54679  >  443 [ACK] Seq=284535 Ack=3949059 Win=2056 Len=0"
"7948","72.821733","ab.chatgpt.com","FioImma.local","TLSv1.2","2196","Application Data, Application Data, Application Data"
"7949","72.821838","FioImma.local","ab.chatgpt.com","TCP","54","54679  >  443 [ACK] Seq=284535 Ack=3951201 Win=2056 Len=0"
"7950","72.837327","FioImma.local","ab.chatgpt.com","TCP","1454","54679  >  443 [ACK] Seq=284535 Ack=3951201 Win=2056 Len=1400 [TCP PDU reassembled in 7953]"
"7951","72.837327","FioImma.local","ab.chatgpt.com","TCP","1454","54679  >  443 [ACK] Seq=285935 Ack=3951201 Win=2056 Len=1400 [TCP PDU reassembled in 7953]"
"7952","72.837327","FioImma.local","ab.chatgpt.com","TCP","1454","54679  >  443 [ACK] Seq=287335 Ack=3951201 Win=2056 Len=1400 [TCP PDU reassembled in 7953]"
"7953","72.837327","FioImma.local","ab.chatgpt.com","TLSv1.2","351","Application Data"
"7954","72.837434","FioImma.local","ab.chatgpt.com","TCP","1454","54679  >  443 [ACK] Seq=289032 Ack=3951201 Win=2056 Len=1400 [TCP PDU reassembled in 7955]"
"7955","72.837434","FioImma.local","ab.chatgpt.com","TLSv1.2","293","Application Data"
"7956","72.842817","ab.chatgpt.com","FioImma.local","TLSv1.2","3624","Application Data, Application Data, Application Data, Application Data, Application Data"
"7957","72.842817","ab.chatgpt.com","FioImma.local","TLSv1.2","800","Application Data"
"7958","72.842902","FioImma.local","ab.chatgpt.com","TCP","54","54679  >  443 [ACK] Seq=290671 Ack=3955517 Win=2056 Len=0"
"7959","72.846701","FioImma.local","mars.octa.edu","DNS","82","Standard query 0xce46 A az764295.vo.msecnd.net"
"7960","72.847088","FioImma.local","mars.octa.edu","DNS","82","Standard query 0xfbbd HTTPS az764295.vo.msecnd.net"
"7961","72.865323","mars.octa.edu","FioImma.local","DNS","127","Standard query response 0xce46 A az764295.vo.msecnd.net CNAME cs22.wpc.v0cdn.net A 117.18.232.200"
"7962","72.865323","mars.octa.edu","FioImma.local","DNS","167","Standard query response 0xfbbd HTTPS az764295.vo.msecnd.net CNAME cs22.wpc.v0cdn.net SOA ns1.v0cdn.net"
"7963","72.866736","FioImma.local","cs22.wpc.v0cdn.net","TCP","66","54870  >  443 [SYN] Seq=0 Win=64240 Len=0 MSS=1460 WS=256 SACK_PERM"
"7964","72.896117","ab.chatgpt.com","FioImma.local","TCP","60","443  >  54679 [ACK] Seq=3955517 Ack=285935 Win=64 Len=0"
"7965","72.896117","ab.chatgpt.com","FioImma.local","TCP","60","443  >  54679 [ACK] Seq=3955517 Ack=287335 Win=64 Len=0"
"7966","72.896117","ab.chatgpt.com","FioImma.local","TCP","60","443  >  54679 [ACK] Seq=3955517 Ack=288735 Win=64 Len=0"
"7967","72.896117","ab.chatgpt.com","FioImma.local","TCP","60","443  >  54679 [ACK] Seq=3955517 Ack=289032 Win=64 Len=0"
"7968","72.896117","ab.chatgpt.com","FioImma.local","TCP","60","443  >  54679 [ACK] Seq=3955517 Ack=290432 Win=64 Len=0"
"7969","72.896117","ab.chatgpt.com","FioImma.local","TCP","60","443  >  54679 [ACK] Seq=3955517 Ack=290671 Win=64 Len=0"
"7970","72.898632","cs22.wpc.v0cdn.net","FioImma.local","TCP","66","443  >  54870 [SYN, ACK] Seq=0 Ack=1 Win=65535 Len=0 MSS=1460 SACK_PERM WS=512"
"7971","72.898783","FioImma.local","cs22.wpc.v0cdn.net","TCP","54","54870  >  443 [ACK] Seq=1 Ack=1 Win=131328 Len=0"
"7972","72.900413","FioImma.local","cs22.wpc.v0cdn.net","TCP","1514","54870  >  443 [ACK] Seq=1 Ack=1 Win=131328 Len=1460 [TCP PDU reassembled in 7973]"
"7973","72.900413","FioImma.local","cs22.wpc.v0cdn.net","TLSv1.3","661","Client Hello (SNI=az764295.vo.msecnd.net)"
"7974","72.937352","cs22.wpc.v0cdn.net","FioImma.local","TCP","60","443  >  54870 [ACK] Seq=1 Ack=1461 Win=68608 Len=0"
"7975","72.937352","cs22.wpc.v0cdn.net","FioImma.local","TCP","60","443  >  54870 [ACK] Seq=1 Ack=2068 Win=71680 Len=0"
"7976","72.937352","cs22.wpc.v0cdn.net","FioImma.local","TLSv1.3","153","Hello Retry Request, Change Cipher Spec"
"7977","72.937957","FioImma.local","cs22.wpc.v0cdn.net","TLSv1.3","935","Change Cipher Spec, Client Hello (SNI=az764295.vo.msecnd.net)"
"7978","72.970441","cs22.wpc.v0cdn.net","FioImma.local","TLSv1.3","2974","Server Hello, Application Data"
"7979","72.970441","cs22.wpc.v0cdn.net","FioImma.local","TCP","1230","443  >  54870 [PSH, ACK] Seq=3020 Ack=2949 Win=74752 Len=1176 [TCP PDU reassembled in 7981]"
"7980","72.970441","cs22.wpc.v0cdn.net","FioImma.local","TCP","1514","443  >  54870 [ACK] Seq=4196 Ack=2949 Win=74752 Len=1460 [TCP PDU reassembled in 7981]"
"7981","72.970441","cs22.wpc.v0cdn.net","FioImma.local","TLSv1.3","947","Application Data, Application Data, Application Data"
"7982","72.970551","FioImma.local","cs22.wpc.v0cdn.net","TCP","54","54870  >  443 [ACK] Seq=2949 Ack=6549 Win=131328 Len=0"
"7983","72.971847","FioImma.local","cs22.wpc.v0cdn.net","TLSv1.3","128","Application Data"
"7984","72.972178","FioImma.local","cs22.wpc.v0cdn.net","TLSv1.3","146","Application Data"
"7985","72.972492","FioImma.local","cs22.wpc.v0cdn.net","TLSv1.3","371","Application Data"
"7986","72.986826","cs22.wpc.v0cdn.net","FioImma.local","TLSv1.3","564","Application Data, Application Data"
"7987","72.986826","cs22.wpc.v0cdn.net","FioImma.local","TLSv1.3","193","Application Data, Application Data, Application Data"
"7988","72.986826","cs22.wpc.v0cdn.net","FioImma.local","TLSv1.3","8814","Application Data, Application Data"
"7989","72.986968","FioImma.local","cs22.wpc.v0cdn.net","TCP","54","54870  >  443 [ACK] Seq=3432 Ack=15958 Win=131328 Len=0"
"7990","72.987191","cs22.wpc.v0cdn.net","FioImma.local","TLSv1.3","8814","Application Data, Application Data, Application Data"
"7991","72.987272","FioImma.local","cs22.wpc.v0cdn.net","TCP","54","54870  >  443 [ACK] Seq=3432 Ack=24718 Win=131328 Len=0"
"7992","72.987320","cs22.wpc.v0cdn.net","FioImma.local","TCP","1514","443  >  54870 [ACK] Seq=24718 Ack=3432 Win=77312 Len=1460 [TCP PDU reassembled in 7995]"
"7993","72.987348","FioImma.local","cs22.wpc.v0cdn.net","TCP","54","54870  >  443 [ACK] Seq=3432 Ack=26178 Win=131328 Len=0"
"7994","72.987914","FioImma.local","cs22.wpc.v0cdn.net","TLSv1.3","85","Application Data"
"7995","72.990441","cs22.wpc.v0cdn.net","FioImma.local","TLSv1.3","23414","Application Data, Application Data, Application Data"
"7996","72.990522","FioImma.local","cs22.wpc.v0cdn.net","TCP","54","54870  >  443 [ACK] Seq=3463 Ack=49538 Win=131328 Len=0"
"7997","73.010585","cs22.wpc.v0cdn.net","FioImma.local","TLSv1.3","1444","Application Data"
"7998","73.016715","ab.chatgpt.com","FioImma.local","TCP","1514","443  >  54679 [ACK] Seq=3955517 Ack=290671 Win=64 Len=1460 [TCP PDU reassembled in 7999]"
"7999","73.016715","ab.chatgpt.com","FioImma.local","TLSv1.2","770","Application Data"
"8000","73.016812","FioImma.local","ab.chatgpt.com","TCP","54","54679  >  443 [ACK] Seq=290671 Ack=3957693 Win=2056 Len=0"
"8001","73.053498","FioImma.local","cs22.wpc.v0cdn.net","TCP","54","54870  >  443 [ACK] Seq=3463 Ack=50928 Win=129792 Len=0"
"8002","73.060708","ab.chatgpt.com","FioImma.local","TCP","2974","443  >  54679 [ACK] Seq=3957693 Ack=290671 Win=64 Len=2920 [TCP PDU reassembled in 8003]"
"8003","73.060708","ab.chatgpt.com","FioImma.local","TLSv1.2","153","Application Data"
"8004","73.060708","ab.chatgpt.com","FioImma.local","TCP","4434","443  >  54679 [ACK] Seq=3960712 Ack=290671 Win=64 Len=4380 [TCP PDU reassembled in 8005]"
"8005","73.060708","ab.chatgpt.com","FioImma.local","TLSv1.2","1062","Application Data"
"8006","73.060708","cs22.wpc.v0cdn.net","FioImma.local","TCP","60","443  >  54870 [ACK] Seq=50928 Ack=3463 Win=77312 Len=0"
"8007","73.060847","FioImma.local","ab.chatgpt.com","TCP","54","54679  >  443 [ACK] Seq=290671 Ack=3966100 Win=2056 Len=0"
"8008","73.078647","ab.chatgpt.com","FioImma.local","TCP","1514","443  >  54679 [ACK] Seq=3966100 Ack=290671 Win=64 Len=1460 [TCP PDU reassembled in 8009]"
"8009","73.078647","ab.chatgpt.com","FioImma.local","TLSv1.2","994","Application Data"
"8010","73.078647","ab.chatgpt.com","FioImma.local","TCP","4434","443  >  54679 [ACK] Seq=3968500 Ack=290671 Win=64 Len=4380 [TCP PDU reassembled in 8011]"
"8011","73.078647","ab.chatgpt.com","FioImma.local","TLSv1.2","635","Application Data"
"8012","73.078647","ab.chatgpt.com","FioImma.local","TLSv1.2","928","Application Data"
"8013","73.078783","FioImma.local","ab.chatgpt.com","TCP","54","54679  >  443 [ACK] Seq=290671 Ack=3974335 Win=2056 Len=0"
"8014","73.102490","ab.chatgpt.com","FioImma.local","TLSv1.2","1802","Application Data, Application Data"
"8015","73.102583","FioImma.local","ab.chatgpt.com","TCP","54","54679  >  443 [ACK] Seq=290671 Ack=3976083 Win=2056 Len=0"
"8016","73.124467","ab.chatgpt.com","FioImma.local","TLSv1.2","1802","Application Data, Application Data"
"8017","73.124519","FioImma.local","ab.chatgpt.com","TCP","54","54679  >  443 [ACK] Seq=290671 Ack=3977831 Win=2056 Len=0"
"8018","73.180488","ab.chatgpt.com","FioImma.local","TLSv1.2","928","Application Data"
"8019","73.180488","ab.chatgpt.com","FioImma.local","TLSv1.2","395","Application Data"
"8020","73.180488","ab.chatgpt.com","FioImma.local","TLSv1.2","101","Application Data"
"8021","73.180488","ab.chatgpt.com","FioImma.local","TLSv1.2","85","Application Data"
"8022","73.180581","FioImma.local","ab.chatgpt.com","TCP","54","54679  >  443 [ACK] Seq=290671 Ack=3979124 Win=2051 Len=0"
"8023","73.254051","ab.chatgpt.com","FioImma.local","TCP","2974","443  >  54679 [ACK] Seq=3979124 Ack=290671 Win=64 Len=2920 [TCP PDU reassembled in 8024]"
"8024","73.254051","ab.chatgpt.com","FioImma.local","TLSv1.2","633","Application Data"
"8025","73.254051","ab.chatgpt.com","FioImma.local","TLSv1.2","960","Application Data"
"8026","73.254176","FioImma.local","ab.chatgpt.com","TCP","54","54679  >  443 [ACK] Seq=290671 Ack=3983529 Win=2056 Len=0"
"8027","73.295720","ab.chatgpt.com","FioImma.local","TCP","1514","443  >  54679 [ACK] Seq=3983529 Ack=290671 Win=64 Len=1460 [TCP PDU reassembled in 8028]"
"8028","73.295720","ab.chatgpt.com","FioImma.local","TLSv1.2","1250","Application Data"
"8029","73.295720","ab.chatgpt.com","FioImma.local","TLSv1.2","1866","Application Data, Application Data"
"8030","73.295789","FioImma.local","ab.chatgpt.com","TCP","54","54679  >  443 [ACK] Seq=290671 Ack=3987997 Win=2056 Len=0"
"8031","73.301562","ab.chatgpt.com","FioImma.local","TLSv1.2","992","Application Data"
"8032","73.338473","ab.chatgpt.com","FioImma.local","TLSv1.2","2868","Application Data, Application Data, Application Data"
"8033","73.338595","FioImma.local","ab.chatgpt.com","TCP","54","54679  >  443 [ACK] Seq=290671 Ack=3991749 Win=2056 Len=0"
"8034","73.371560","ab.chatgpt.com","FioImma.local","TLSv1.2","1930","Application Data, Application Data"
"8035","73.371560","ab.chatgpt.com","FioImma.local","TLSv1.2","981","Application Data"
"8036","73.371670","FioImma.local","ab.chatgpt.com","TCP","54","54679  >  443 [ACK] Seq=290671 Ack=3994552 Win=2056 Len=0"
"8037","73.395324","ab.chatgpt.com","FioImma.local","TLSv1.2","2964","Application Data, Application Data, Application Data"
"8038","73.395398","FioImma.local","ab.chatgpt.com","TCP","54","54679  >  443 [ACK] Seq=290671 Ack=3997462 Win=2056 Len=0"
"8039","73.424820","ab.chatgpt.com","FioImma.local","TLSv1.2","1994","Application Data, Application Data"
"8040","73.424886","FioImma.local","ab.chatgpt.com","TCP","54","54679  >  443 [ACK] Seq=290671 Ack=3999402 Win=2056 Len=0"
"8041","73.432236","ab.chatgpt.com","FioImma.local","TLSv1.2","1024","Application Data"
"8042","73.456938","ab.chatgpt.com","FioImma.local","TLSv1.2","1013","Application Data"
"8043","73.456938","ab.chatgpt.com","FioImma.local","TLSv1.2","1056","Application Data"
"8044","73.457033","FioImma.local","ab.chatgpt.com","TCP","54","54679  >  443 [ACK] Seq=290671 Ack=4002333 Win=2056 Len=0"
"8045","73.478557","ab.chatgpt.com","FioImma.local","TLSv1.2","2058","Application Data, Application Data"
"8046","73.478691","FioImma.local","ab.chatgpt.com","TCP","54","54679  >  443 [ACK] Seq=290671 Ack=4004337 Win=2056 Len=0"
"8047","73.504390","ab.chatgpt.com","FioImma.local","TLSv1.2","2058","Application Data, Application Data"
"8048","73.504475","FioImma.local","ab.chatgpt.com","TCP","54","54679  >  443 [ACK] Seq=290671 Ack=4006341 Win=2056 Len=0"
"8049","73.525166","ab.chatgpt.com","FioImma.local","TLSv1.2","1056","Application Data"
"8050","73.525166","ab.chatgpt.com","FioImma.local","TLSv1.2","2122","Application Data, Application Data"
"8051","73.525232","FioImma.local","ab.chatgpt.com","TCP","54","54679  >  443 [ACK] Seq=290671 Ack=4009411 Win=2056 Len=0"
"8052","73.548143","ab.chatgpt.com","FioImma.local","TLSv1.2","2122","Application Data, Application Data"
"8053","73.548267","FioImma.local","ab.chatgpt.com","TCP","54","54679  >  443 [ACK] Seq=290671 Ack=4011479 Win=2056 Len=0"
"8054","73.588709","ab.chatgpt.com","FioImma.local","TLSv1.2","1120","Application Data"
"8055","73.598131","FioImma.local","maa03s41-in-f14.1e100.net","TCP","1466","54642  >  443 [ACK] Seq=84777 Ack=107586 Win=509 Len=1412 [TCP PDU reassembled in 8057]"
"8056","73.598131","FioImma.local","maa03s41-in-f14.1e100.net","TCP","1466","54642  >  443 [ACK] Seq=86189 Ack=107586 Win=509 Len=1412 [TCP PDU reassembled in 8057]"
"8057","73.598131","FioImma.local","maa03s41-in-f14.1e100.net","TLSv1.2","650","Application Data"
"8058","73.629101","maa03s41-in-f14.1e100.net","FioImma.local","TCP","60","443  >  54642 [ACK] Seq=107586 Ack=86189 Win=2048 Len=0"
"8059","73.629101","maa03s41-in-f14.1e100.net","FioImma.local","TCP","60","443  >  54642 [ACK] Seq=107586 Ack=87601 Win=2048 Len=0"
"8060","73.629101","maa03s41-in-f14.1e100.net","FioImma.local","TCP","60","443  >  54642 [ACK] Seq=107586 Ack=88197 Win=2048 Len=0"
"8061","73.632348","ab.chatgpt.com","FioImma.local","TLSv1.2","2186","Application Data, Application Data"
"8062","73.632451","FioImma.local","ab.chatgpt.com","TCP","54","54679  >  443 [ACK] Seq=290671 Ack=4014677 Win=2056 Len=0"
"8063","73.661588","ab.chatgpt.com","FioImma.local","TLSv1.2","2186","Application Data, Application Data"
"8064","73.661588","ab.chatgpt.com","FioImma.local","TLSv1.2","1152","Application Data"
"8065","73.661701","FioImma.local","ab.chatgpt.com","TCP","54","54679  >  443 [ACK] Seq=290671 Ack=4017907 Win=2056 Len=0"
"8066","73.675770","maa03s41-in-f14.1e100.net","FioImma.local","TLSv1.2","131","Application Data"
"8067","73.675770","maa03s41-in-f14.1e100.net","FioImma.local","TLSv1.2","85","Application Data"
"8068","73.675770","maa03s41-in-f14.1e100.net","FioImma.local","TLSv1.2","93","Application Data"
"8069","73.675870","FioImma.local","maa03s41-in-f14.1e100.net","TCP","54","54642  >  443 [ACK] Seq=88197 Ack=107733 Win=509 Len=0"
"8070","73.676476","FioImma.local","maa03s41-in-f14.1e100.net","TLSv1.2","93","Application Data"
"8071","73.685642","ab.chatgpt.com","FioImma.local","TLSv1.2","2250","Application Data, Application Data"
"8072","73.685707","FioImma.local","ab.chatgpt.com","TCP","54","54679  >  443 [ACK] Seq=290671 Ack=4020103 Win=2056 Len=0"
"8073","73.703942","ab.chatgpt.com","FioImma.local","TLSv1.2","2250","Application Data, Application Data"
"8074","73.703942","ab.chatgpt.com","FioImma.local","TLSv1.2","1184","Application Data"
"8075","73.704030","FioImma.local","ab.chatgpt.com","TCP","54","54679  >  443 [ACK] Seq=290671 Ack=4023429 Win=2056 Len=0"
"8076","73.704901","maa03s41-in-f14.1e100.net","FioImma.local","TCP","60","443  >  54642 [ACK] Seq=107733 Ack=88236 Win=2048 Len=0"
"8077","73.715099","ab.chatgpt.com","FioImma.local","TLSv1.2","1184","Application Data"
"8078","73.742656","ab.chatgpt.com","FioImma.local","TLSv1.2","2314","Application Data, Application Data"
"8079","73.742711","FioImma.local","ab.chatgpt.com","TCP","54","54679  >  443 [ACK] Seq=290671 Ack=4026819 Win=2056 Len=0"
"8080","73.770763","ab.chatgpt.com","FioImma.local","TLSv1.2","1184","Application Data"
"8081","73.814731","ab.chatgpt.com","FioImma.local","TLSv1.2","1184","Application Data"
"8082","73.814830","FioImma.local","ab.chatgpt.com","TCP","54","54679  >  443 [ACK] Seq=290671 Ack=4029079 Win=2056 Len=0"
"8083","73.862022","ab.chatgpt.com","FioImma.local","TLSv1.2","1184","Application Data"
"8084","73.901113","ab.chatgpt.com","FioImma.local","TLSv1.2","1184","Application Data"
"8085","73.901182","FioImma.local","ab.chatgpt.com","TCP","54","54679  >  443 [ACK] Seq=290671 Ack=4031339 Win=2056 Len=0"
"8086","73.921764","ab.chatgpt.com","FioImma.local","TLSv1.2","3444","Application Data, Application Data, Application Data"
"8087","73.921847","FioImma.local","ab.chatgpt.com","TCP","54","54679  >  443 [ACK] Seq=290671 Ack=4034729 Win=2056 Len=0"
"8088","73.923449","ec2-34-237-73-95.compute-1.amazonaws.com","FioImma.local","TLSv1.2","78","Application Data"
"8089","73.923830","FioImma.local","ec2-34-237-73-95.compute-1.amazonaws.com","TLSv1.2","82","Ignored Unknown Record"
"8090","73.942880","ab.chatgpt.com","FioImma.local","TLSv1.2","2378","Application Data, Application Data"
"8091","73.942951","FioImma.local","ab.chatgpt.com","TCP","54","54679  >  443 [ACK] Seq=290671 Ack=4037053 Win=2056 Len=0"
"8092","73.946537","ab.chatgpt.com","FioImma.local","TLSv1.2","1216","Application Data"
"8093","73.946586","FioImma.local","ab.chatgpt.com","TCP","54","54679  >  443 [ACK] Seq=290671 Ack=4038215 Win=2051 Len=0"
"8094","73.973006","ab.chatgpt.com","FioImma.local","TLSv1.2","2378","Application Data, Application Data"
"8095","73.973006","ab.chatgpt.com","FioImma.local","TLSv1.2","1205","Application Data"
"8096","73.973097","FioImma.local","ab.chatgpt.com","TCP","54","54679  >  443 [ACK] Seq=290671 Ack=4041690 Win=2056 Len=0"
"8097","74.008000","ab.chatgpt.com","FioImma.local","TLSv1.2","3636","Application Data, Application Data, Application Data"
"8098","74.008060","FioImma.local","ab.chatgpt.com","TCP","54","54679  >  443 [ACK] Seq=290671 Ack=4045272 Win=2056 Len=0"
"8099","74.035277","ab.chatgpt.com","FioImma.local","TLSv1.2","3636","Application Data, Application Data, Application Data"
"8100","74.035389","FioImma.local","ab.chatgpt.com","TCP","54","54679  >  443 [ACK] Seq=290671 Ack=4048854 Win=2056 Len=0"
"8101","74.066475","ab.chatgpt.com","FioImma.local","TLSv1.2","3732","Application Data, Application Data, Application Data"
"8102","74.066555","FioImma.local","ab.chatgpt.com","TCP","54","54679  >  443 [ACK] Seq=290671 Ack=4052532 Win=2056 Len=0"
"8103","74.075584","ab.chatgpt.com","FioImma.local","TLSv1.2","1280","Application Data"
"8104","74.108476","ab.chatgpt.com","FioImma.local","TLSv1.2","2506","Application Data, Application Data"
"8105","74.108476","ab.chatgpt.com","FioImma.local","TLSv1.2","1312","Application Data"
"8106","74.108533","FioImma.local","ab.chatgpt.com","TCP","54","54679  >  443 [ACK] Seq=290671 Ack=4057468 Win=2056 Len=0"
"8107","74.145498","ab.chatgpt.com","FioImma.local","TLSv1.2","3828","Application Data, Application Data, Application Data"
"8108","74.145553","FioImma.local","ab.chatgpt.com","TCP","54","54679  >  443 [ACK] Seq=290671 Ack=4061242 Win=2056 Len=0"
"8109","74.173209","ec2-34-237-73-95.compute-1.amazonaws.com","FioImma.local","TCP","60","443  >  54421 [ACK] Seq=25 Ack=30 Win=175 Len=0"
"8110","74.173209","ab.chatgpt.com","FioImma.local","TLSv1.2","1312","Application Data"
"8111","74.173209","ab.chatgpt.com","FioImma.local","TLSv1.2","1301","Application Data"
"8112","74.173209","ab.chatgpt.com","FioImma.local","TLSv1.2","1344","Application Data"
"8113","74.173343","FioImma.local","ab.chatgpt.com","TCP","54","54679  >  443 [ACK] Seq=290671 Ack=4065037 Win=2056 Len=0"
"8114","74.198280","ab.chatgpt.com","FioImma.local","TLSv1.2","2634","Application Data, Application Data"
"8115","74.198350","FioImma.local","ab.chatgpt.com","TCP","54","54679  >  443 [ACK] Seq=290671 Ack=4067617 Win=2056 Len=0"
"8116","74.200166","ab.chatgpt.com","FioImma.local","TLSv1.2","1333","Application Data"
"8117","74.203596","FioImma.local","ab.chatgpt.com","TLSv1.2","89","Application Data"
"8118","74.223182","FioImma.local","maa05s24-in-f2.1e100.net","TLSv1.2","132","Application Data"
"8119","74.235550","ab.chatgpt.com","FioImma.local","TLSv1.2","4020","Application Data, Application Data, Application Data"
"8120","74.235648","FioImma.local","ab.chatgpt.com","TCP","54","54679  >  443 [ACK] Seq=290706 Ack=4072862 Win=2056 Len=0"
"8121","74.256868","maa05s24-in-f2.1e100.net","FioImma.local","TCP","60","443  >  54764 [ACK] Seq=544 Ack=271 Win=290 Len=0"
"8122","74.259071","ab.chatgpt.com","FioImma.local","TCP","60","443  >  54679 [ACK] Seq=4072862 Ack=290706 Win=64 Len=0"
"8123","74.259071","ab.chatgpt.com","FioImma.local","TLSv1.2","1376","Application Data"
"8124","74.259071","ab.chatgpt.com","FioImma.local","TLSv1.2","1408","Application Data"
"8125","74.259129","FioImma.local","ab.chatgpt.com","TCP","54","54679  >  443 [ACK] Seq=290706 Ack=4075538 Win=2056 Len=0"
"8126","74.284752","ab.chatgpt.com","FioImma.local","TLSv1.2","2762","Application Data, Application Data"
"8127","74.284898","FioImma.local","ab.chatgpt.com","TCP","54","54679  >  443 [ACK] Seq=290706 Ack=4078246 Win=2056 Len=0"
"8128","74.290039","maa05s24-in-f2.1e100.net","FioImma.local","TLSv1.2","208","Application Data"
"8129","74.290039","maa05s24-in-f2.1e100.net","FioImma.local","TLSv1.2","320","Application Data"
"8130","74.290039","maa05s24-in-f2.1e100.net","FioImma.local","TLSv1.2","85","Application Data"
"8131","74.290039","maa05s24-in-f2.1e100.net","FioImma.local","TLSv1.2","93","Application Data"
"8132","74.290113","FioImma.local","maa05s24-in-f2.1e100.net","TCP","54","54764  >  443 [ACK] Seq=271 Ack=1034 Win=508 Len=0"
"8133","74.292318","FioImma.local","maa05s24-in-f2.1e100.net","TLSv1.2","93","Application Data"
"8134","74.292687","FioImma.local","maa05s24-in-f2.1e100.net","TLSv1.2","132","Application Data"
"8135","74.310692","maa05s24-in-f2.1e100.net","FioImma.local","TCP","93","[TCP Spurious Retransmission] 443  >  54764 [PSH, ACK] Seq=995 Ack=271 Win=290 Len=39"
"8136","74.310692","maa05s24-in-f2.1e100.net","FioImma.local","TCP","60","443  >  54764 [ACK] Seq=1034 Ack=388 Win=290 Len=0"
"8137","74.310760","FioImma.local","maa05s24-in-f2.1e100.net","TCP","66","[TCP Dup ACK 8132#1] 54764  >  443 [ACK] Seq=388 Ack=1034 Win=508 Len=0 SLE=995 SRE=1034"
"8138","74.328401","ab.chatgpt.com","FioImma.local","TLSv1.2","1408","Application Data"
"8139","74.360603","maa05s24-in-f2.1e100.net","FioImma.local","TLSv1.2","208","Application Data"
"8140","74.360603","maa05s24-in-f2.1e100.net","FioImma.local","TLSv1.2","232","Application Data"
"8141","74.360603","maa05s24-in-f2.1e100.net","FioImma.local","TLSv1.2","85","Application Data"
"8142","74.360603","maa05s24-in-f2.1e100.net","FioImma.local","TLSv1.2","93","Application Data"
"8143","74.360690","FioImma.local","maa05s24-in-f2.1e100.net","TCP","54","54764  >  443 [ACK] Seq=388 Ack=1436 Win=512 Len=0"
"8144","74.362457","FioImma.local","maa05s24-in-f2.1e100.net","TLSv1.2","93","Application Data"
"8145","74.362758","FioImma.local","maa05s24-in-f2.1e100.net","TLSv1.2","132","Application Data"
"8146","74.370911","ab.chatgpt.com","FioImma.local","TLSv1.2","1397","Application Data"
"8147","74.370911","ab.chatgpt.com","FioImma.local","TLSv1.2","1440","Application Data"
"8148","74.370959","FioImma.local","ab.chatgpt.com","TCP","54","54679  >  443 [ACK] Seq=290706 Ack=4082329 Win=2056 Len=0"
"8149","74.380321","maa05s24-in-f2.1e100.net","FioImma.local","TCP","93","[TCP Spurious Retransmission] 443  >  54764 [PSH, ACK] Seq=1397 Ack=388 Win=290 Len=39"
"8150","74.380321","maa05s24-in-f2.1e100.net","FioImma.local","TCP","60","443  >  54764 [ACK] Seq=1436 Ack=505 Win=290 Len=0"
"8151","74.380355","FioImma.local","maa05s24-in-f2.1e100.net","TCP","66","[TCP Dup ACK 8143#1] 54764  >  443 [ACK] Seq=505 Ack=1436 Win=512 Len=0 SLE=1397 SRE=1436"
"8152","74.403754","ab.chatgpt.com","FioImma.local","TLSv1.2","11142","Application Data, Application Data, Application Data, Application Data, Application Data, Application Data, Application Data, Application Data"
"8153","74.403754","ab.chatgpt.com","FioImma.local","TLSv1.2","1472","Application Data"
"8154","74.403873","FioImma.local","ab.chatgpt.com","TCP","54","54679  >  443 [ACK] Seq=290706 Ack=4094835 Win=2056 Len=0"
"8155","74.424523","ab.chatgpt.com","FioImma.local","TLSv1.2","2890","Application Data, Application Data"
"8156","74.424611","FioImma.local","ab.chatgpt.com","TCP","54","54679  >  443 [ACK] Seq=290706 Ack=4097671 Win=2056 Len=0"
"8157","74.427713","maa05s24-in-f2.1e100.net","FioImma.local","TLSv1.2","208","Application Data"
"8158","74.427713","maa05s24-in-f2.1e100.net","FioImma.local","TLSv1.2","266","Application Data"
"8159","74.427713","maa05s24-in-f2.1e100.net","FioImma.local","TLSv1.2","85","Application Data"
"8160","74.427713","maa05s24-in-f2.1e100.net","FioImma.local","TLSv1.2","93","Application Data"
"8161","74.427785","FioImma.local","maa05s24-in-f2.1e100.net","TCP","54","54764  >  443 [ACK] Seq=505 Ack=1872 Win=511 Len=0"
"8162","74.429845","FioImma.local","maa05s24-in-f2.1e100.net","TLSv1.2","93","Application Data"
"8163","74.430240","FioImma.local","maa05s24-in-f2.1e100.net","TLSv1.2","132","Application Data"
"8164","74.447776","ab.chatgpt.com","FioImma.local","TLSv1.2","1472","Application Data"
"8165","74.447869","FioImma.local","ab.chatgpt.com","TCP","54","54679  >  443 [ACK] Seq=290706 Ack=4099089 Win=2056 Len=0"
"8166","74.450848","maa05s24-in-f2.1e100.net","FioImma.local","TCP","93","[TCP Spurious Retransmission] 443  >  54764 [PSH, ACK] Seq=1833 Ack=505 Win=290 Len=39"
"8167","74.450848","maa05s24-in-f2.1e100.net","FioImma.local","TCP","60","443  >  54764 [ACK] Seq=1872 Ack=622 Win=290 Len=0"
"8168","74.450886","FioImma.local","maa05s24-in-f2.1e100.net","TCP","66","[TCP Dup ACK 8161#1] 54764  >  443 [ACK] Seq=622 Ack=1872 Win=511 Len=0 SLE=1833 SRE=1872"
"8169","74.471867","ab.chatgpt.com","FioImma.local","TLSv1.2","1472","Application Data"
"8170","74.471867","ab.chatgpt.com","FioImma.local","TLSv1.2","4404","Application Data, Application Data, Application Data"
"8171","74.471934","FioImma.local","ab.chatgpt.com","TCP","54","54679  >  443 [ACK] Seq=290706 Ack=4104857 Win=2056 Len=0"
"8172","74.493998","maa05s24-in-f2.1e100.net","FioImma.local","TLSv1.2","208","Application Data"
"8173","74.493998","maa05s24-in-f2.1e100.net","FioImma.local","TLSv1.2","274","Application Data"
"8174","74.493998","maa05s24-in-f2.1e100.net","FioImma.local","TLSv1.2","85","Application Data"
"8175","74.493998","maa05s24-in-f2.1e100.net","FioImma.local","TLSv1.2","93","Application Data"
"8176","74.494060","FioImma.local","maa05s24-in-f2.1e100.net","TCP","54","54764  >  443 [ACK] Seq=622 Ack=2316 Win=509 Len=0"
"8177","74.495811","FioImma.local","maa05s24-in-f2.1e100.net","TLSv1.2","93","Application Data"
"8178","74.496068","FioImma.local","maa05s24-in-f2.1e100.net","TLSv1.2","132","Application Data"
"8179","74.502313","ab.chatgpt.com","FioImma.local","TLSv1.2","4404","Application Data, Application Data, Application Data"
"8180","74.502470","FioImma.local","ab.chatgpt.com","TCP","54","54679  >  443 [ACK] Seq=290706 Ack=4109207 Win=2056 Len=0"
"8181","74.518063","maa05s24-in-f2.1e100.net","FioImma.local","TCP","93","[TCP Spurious Retransmission] 443  >  54764 [PSH, ACK] Seq=2277 Ack=622 Win=290 Len=39"
"8182","74.518063","maa05s24-in-f2.1e100.net","FioImma.local","TCP","60","443  >  54764 [ACK] Seq=2316 Ack=739 Win=290 Len=0"
"8183","74.518134","FioImma.local","maa05s24-in-f2.1e100.net","TCP","66","[TCP Dup ACK 8176#1] 54764  >  443 [ACK] Seq=739 Ack=2316 Win=509 Len=0 SLE=2277 SRE=2316"
"8184","74.522827","ab.chatgpt.com","FioImma.local","TLSv1.2","1504","Application Data"
"8185","74.522918","FioImma.local","ab.chatgpt.com","TCP","54","54679  >  443 [ACK] Seq=290706 Ack=4110657 Win=2056 Len=0"
"8186","74.528086","ab.chatgpt.com","FioImma.local","TCP","1514","443  >  54679 [ACK] Seq=4110657 Ack=290706 Win=64 Len=1460 [TCP PDU reassembled in 8187]"
"8187","74.528086","ab.chatgpt.com","FioImma.local","TLSv1.2","76","Application Data"
"8188","74.528118","FioImma.local","ab.chatgpt.com","TCP","54","54679  >  443 [ACK] Seq=290706 Ack=4112139 Win=2056 Len=0"
"8189","74.529787","ab.chatgpt.com","FioImma.local","TCP","1514","443  >  54679 [ACK] Seq=4112139 Ack=290706 Win=64 Len=1460 [TCP PDU reassembled in 8190]"
"8190","74.531259","ab.chatgpt.com","FioImma.local","TLSv1.2","76","Application Data"
"8191","74.531284","FioImma.local","ab.chatgpt.com","TCP","54","54679  >  443 [ACK] Seq=290706 Ack=4113621 Win=2056 Len=0"
"8192","74.541058","maa05s24-in-f2.1e100.net","FioImma.local","TLSv1.2","208","Application Data"
"8193","74.541058","maa05s24-in-f2.1e100.net","FioImma.local","TLSv1.2","436","Application Data"
"8194","74.541058","maa05s24-in-f2.1e100.net","FioImma.local","TLSv1.2","85","Application Data"
"8195","74.541058","maa05s24-in-f2.1e100.net","FioImma.local","TLSv1.2","93","Application Data"
"8196","74.541093","FioImma.local","maa05s24-in-f2.1e100.net","TCP","54","54764  >  443 [ACK] Seq=739 Ack=2922 Win=512 Len=0"
"8197","74.542134","ab.chatgpt.com","FioImma.local","TCP","1514","443  >  54679 [ACK] Seq=4113621 Ack=290706 Win=64 Len=1460 [TCP PDU reassembled in 8198]"
"8198","74.542134","ab.chatgpt.com","FioImma.local","TLSv1.2","76","Application Data"
"8199","74.542167","FioImma.local","ab.chatgpt.com","TCP","54","54679  >  443 [ACK] Seq=290706 Ack=4115103 Win=2056 Len=0"
"8200","74.543173","FioImma.local","maa05s24-in-f2.1e100.net","TLSv1.2","93","Application Data"
"8201","74.543423","FioImma.local","maa05s24-in-f2.1e100.net","TLSv1.2","132","Application Data"
"8202","74.551651","maa05s24-in-f2.1e100.net","FioImma.local","TCP","60","443  >  54764 [ACK] Seq=2922 Ack=856 Win=290 Len=0"
"8203","74.556036","ab.chatgpt.com","FioImma.local","TCP","1514","443  >  54679 [ACK] Seq=4115103 Ack=290706 Win=64 Len=1460 [TCP PDU reassembled in 8204]"
"8204","74.556036","ab.chatgpt.com","FioImma.local","TLSv1.2","76","Application Data"
"8205","74.556091","FioImma.local","ab.chatgpt.com","TCP","54","54679  >  443 [ACK] Seq=290706 Ack=4116585 Win=2056 Len=0"
"8206","74.562975","ab.chatgpt.com","FioImma.local","TCP","1514","443  >  54679 [ACK] Seq=4116585 Ack=290706 Win=64 Len=1460 [TCP PDU reassembled in 8207]"
"8207","74.562975","ab.chatgpt.com","FioImma.local","TLSv1.2","76","Application Data"
"8208","74.563044","FioImma.local","ab.chatgpt.com","TCP","54","54679  >  443 [ACK] Seq=290706 Ack=4118067 Win=2056 Len=0"
"8209","74.573724","ab.chatgpt.com","FioImma.local","TCP","1514","443  >  54679 [ACK] Seq=4118067 Ack=290706 Win=64 Len=1460 [TCP PDU reassembled in 8210]"
"8210","74.573724","ab.chatgpt.com","FioImma.local","TLSv1.2","76","Application Data"
"8211","74.573781","FioImma.local","ab.chatgpt.com","TCP","54","54679  >  443 [ACK] Seq=290706 Ack=4119549 Win=2056 Len=0"
"8212","74.582979","ab.chatgpt.com","FioImma.local","TCP","1514","443  >  54679 [ACK] Seq=4119549 Ack=290706 Win=64 Len=1460 [TCP PDU reassembled in 8213]"
"8213","74.582979","ab.chatgpt.com","FioImma.local","TLSv1.2","76","Application Data"
"8214","74.583063","FioImma.local","ab.chatgpt.com","TCP","54","54679  >  443 [ACK] Seq=290706 Ack=4121031 Win=2056 Len=0"
"8215","74.587058","maa05s24-in-f2.1e100.net","FioImma.local","TLSv1.2","208","Application Data"
"8216","74.588195","maa05s24-in-f2.1e100.net","FioImma.local","TLSv1.2","377","Application Data"
"8217","74.588228","FioImma.local","maa05s24-in-f2.1e100.net","TCP","54","54764  >  443 [ACK] Seq=856 Ack=3399 Win=511 Len=0"
"8218","74.590276","maa05s24-in-f2.1e100.net","FioImma.local","TLSv1.2","85","Application Data"
"8219","74.590276","maa05s24-in-f2.1e100.net","FioImma.local","TLSv1.2","93","Application Data"
"8220","74.590318","FioImma.local","maa05s24-in-f2.1e100.net","TCP","54","54764  >  443 [ACK] Seq=856 Ack=3469 Win=510 Len=0"
"8221","74.590991","FioImma.local","maa05s24-in-f2.1e100.net","TLSv1.2","93","Application Data"
"8222","74.600640","ab.chatgpt.com","FioImma.local","TCP","1514","443  >  54679 [ACK] Seq=4121031 Ack=290706 Win=64 Len=1460 [TCP PDU reassembled in 8223]"
"8223","74.600640","ab.chatgpt.com","FioImma.local","TLSv1.2","108","Application Data"
"8224","74.600702","FioImma.local","ab.chatgpt.com","TCP","54","54679  >  443 [ACK] Seq=290706 Ack=4122545 Win=2056 Len=0"
"8225","74.604170","ab.chatgpt.com","FioImma.local","TCP","1514","443  >  54679 [ACK] Seq=4122545 Ack=290706 Win=64 Len=1460 [TCP PDU reassembled in 8226]"
"8226","74.604170","ab.chatgpt.com","FioImma.local","TLSv1.2","108","Application Data"
"8227","74.604170","maa05s24-in-f2.1e100.net","FioImma.local","TCP","60","443  >  54764 [ACK] Seq=3469 Ack=895 Win=290 Len=0"
"8228","74.604283","FioImma.local","ab.chatgpt.com","TCP","54","54679  >  443 [ACK] Seq=290706 Ack=4124059 Win=2056 Len=0"
"8229","74.689275","ab.chatgpt.com","FioImma.local","TCP","1514","443  >  54679 [ACK] Seq=4124059 Ack=290706 Win=64 Len=1460 [TCP PDU reassembled in 8230]"
"8230","74.689275","ab.chatgpt.com","FioImma.local","TLSv1.2","108","Application Data"
"8231","74.689356","FioImma.local","ab.chatgpt.com","TCP","54","54679  >  443 [ACK] Seq=290706 Ack=4125573 Win=2056 Len=0"
"8232","74.734204","ab.chatgpt.com","FioImma.local","TCP","1514","443  >  54679 [ACK] Seq=4125573 Ack=290706 Win=64 Len=1460 [TCP PDU reassembled in 8233]"
"8233","74.734204","ab.chatgpt.com","FioImma.local","TLSv1.2","108","Application Data"
"8234","74.734251","FioImma.local","ab.chatgpt.com","TCP","54","54679  >  443 [ACK] Seq=290706 Ack=4127087 Win=2056 Len=0"
"8235","74.758540","ab.chatgpt.com","FioImma.local","TCP","1514","443  >  54679 [ACK] Seq=4127087 Ack=290706 Win=64 Len=1460 [TCP PDU reassembled in 8236]"
"8236","74.758540","ab.chatgpt.com","FioImma.local","TLSv1.2","108","Application Data"
"8237","74.758639","FioImma.local","ab.chatgpt.com","TCP","54","54679  >  443 [ACK] Seq=290706 Ack=4128601 Win=2056 Len=0"
"8238","74.771142","ab.chatgpt.com","FioImma.local","TCP","1514","443  >  54679 [ACK] Seq=4128601 Ack=290706 Win=64 Len=1460 [TCP PDU reassembled in 8239]"
"8239","74.771142","ab.chatgpt.com","FioImma.local","TLSv1.2","140","Application Data"
"8240","74.771202","FioImma.local","ab.chatgpt.com","TCP","54","54679  >  443 [ACK] Seq=290706 Ack=4130147 Win=2056 Len=0"
"8241","74.775664","ab.chatgpt.com","FioImma.local","TCP","1514","443  >  54679 [ACK] Seq=4130147 Ack=290706 Win=64 Len=1460 [TCP PDU reassembled in 8243]"
"8242","74.775872","FioImma.local","igmp.mcast.net","IGMPv3","54","Membership Report / Join group 239.255.255.250 for any sources"
"8243","74.777229","ab.chatgpt.com","FioImma.local","TLSv1.2","140","Application Data"
"8244","74.777280","FioImma.local","ab.chatgpt.com","TCP","54","54679  >  443 [ACK] Seq=290706 Ack=4131693 Win=2056 Len=0"
"8245","74.783082","ab.chatgpt.com","FioImma.local","TCP","1514","443  >  54679 [ACK] Seq=4131693 Ack=290706 Win=64 Len=1460 [TCP PDU reassembled in 8246]"
"8246","74.783082","ab.chatgpt.com","FioImma.local","TLSv1.2","140","Application Data"
"8247","74.783124","FioImma.local","ab.chatgpt.com","TCP","54","54679  >  443 [ACK] Seq=290706 Ack=4133239 Win=2056 Len=0"
"8248","74.791454","ab.chatgpt.com","FioImma.local","TCP","1514","443  >  54679 [ACK] Seq=4133239 Ack=290706 Win=64 Len=1460 [TCP PDU reassembled in 8249]"
"8249","74.791454","ab.chatgpt.com","FioImma.local","TLSv1.2","140","Application Data"
"8250","74.791520","FioImma.local","ab.chatgpt.com","TCP","54","54679  >  443 [ACK] Seq=290706 Ack=4134785 Win=2056 Len=0"
"8251","74.793753","ab.chatgpt.com","FioImma.local","TCP","1514","443  >  54679 [ACK] Seq=4134785 Ack=290706 Win=64 Len=1460 [TCP PDU reassembled in 8252]"
"8252","74.793753","ab.chatgpt.com","FioImma.local","TLSv1.2","140","Application Data"
"8253","74.793793","FioImma.local","ab.chatgpt.com","TCP","54","54679  >  443 [ACK] Seq=290706 Ack=4136331 Win=2056 Len=0"
"8254","74.795840","ab.chatgpt.com","FioImma.local","TCP","1514","443  >  54679 [ACK] Seq=4136331 Ack=290706 Win=64 Len=1460 [TCP PDU reassembled in 8255]"
"8255","74.795840","ab.chatgpt.com","FioImma.local","TLSv1.2","140","Application Data"
"8256","74.795869","FioImma.local","ab.chatgpt.com","TCP","54","54679  >  443 [ACK] Seq=290706 Ack=4137877 Win=2056 Len=0"
"8257","74.798191","ab.chatgpt.com","FioImma.local","TCP","1514","443  >  54679 [ACK] Seq=4137877 Ack=290706 Win=64 Len=1460 [TCP PDU reassembled in 8258]"
"8258","74.798191","ab.chatgpt.com","FioImma.local","TLSv1.2","140","Application Data"
"8259","74.798263","FioImma.local","ab.chatgpt.com","TCP","54","54679  >  443 [ACK] Seq=290706 Ack=4139423 Win=2056 Len=0"
"8260","74.800578","ab.chatgpt.com","FioImma.local","TCP","1514","443  >  54679 [ACK] Seq=4139423 Ack=290706 Win=64 Len=1460 [TCP PDU reassembled in 8262]"
"8261","74.806534","ab.chatgpt.com","FioImma.local","TCP","1514","443  >  54679 [ACK] Seq=4140883 Ack=290706 Win=64 Len=1460 [TCP PDU reassembled in 8262]"
"8262","74.806534","ab.chatgpt.com","FioImma.local","TLSv1.2","259","Application Data"
"8263","74.806635","FioImma.local","ab.chatgpt.com","TCP","54","54679  >  443 [ACK] Seq=290706 Ack=4142548 Win=2056 Len=0"
"8264","74.809938","ab.chatgpt.com","FioImma.local","TCP","1514","443  >  54679 [ACK] Seq=4142548 Ack=290706 Win=64 Len=1460 [TCP PDU reassembled in 8265]"
"8265","74.809938","ab.chatgpt.com","FioImma.local","TLSv1.2","172","Application Data"
"8266","74.809938","ab.chatgpt.com","FioImma.local","TCP","1514","443  >  54679 [ACK] Seq=4144126 Ack=290706 Win=64 Len=1460 [TCP PDU reassembled in 8267]"
"8267","74.809938","ab.chatgpt.com","FioImma.local","TLSv1.2","172","Application Data"
"8268","74.809987","FioImma.local","ab.chatgpt.com","TCP","54","54679  >  443 [ACK] Seq=290706 Ack=4145704 Win=2056 Len=0"
"8269","74.812381","ab.chatgpt.com","FioImma.local","TCP","1514","443  >  54679 [ACK] Seq=4145704 Ack=290706 Win=64 Len=1460 [TCP PDU reassembled in 8270]"
"8270","74.812381","ab.chatgpt.com","FioImma.local","TLSv1.2","172","Application Data"
"8271","74.812431","FioImma.local","ab.chatgpt.com","TCP","54","54679  >  443 [ACK] Seq=290706 Ack=4147282 Win=2056 Len=0"
"8272","74.818709","ab.chatgpt.com","FioImma.local","TCP","4434","443  >  54679 [ACK] Seq=4147282 Ack=290706 Win=64 Len=4380 [TCP PDU reassembled in 8273]"
"8273","74.818709","ab.chatgpt.com","FioImma.local","TLSv1.2","367","Application Data"
"8274","74.818709","ab.chatgpt.com","FioImma.local","TCP","1514","443  >  54679 [ACK] Seq=4151975 Ack=290706 Win=64 Len=1460 [TCP PDU reassembled in 8275]"
"8275","74.818709","ab.chatgpt.com","FioImma.local","TLSv1.2","204","Application Data"
"8276","74.818785","FioImma.local","ab.chatgpt.com","TCP","54","54679  >  443 [ACK] Seq=290706 Ack=4153585 Win=2056 Len=0"
"8277","74.830126","FioImma.local","mars.octa.edu","DNS","72","Standard query 0x5641 A wpad.hgu_lan"
"8278","74.833146","mars.octa.edu","FioImma.local","DNS","147","Standard query response 0x5641 No such name A wpad.hgu_lan SOA a.root-servers.net"
"8279","74.835355","ab.chatgpt.com","FioImma.local","TCP","1514","443  >  54679 [ACK] Seq=4153585 Ack=290706 Win=64 Len=1460 [TCP PDU reassembled in 8280]"
"8280","74.835355","ab.chatgpt.com","FioImma.local","TLSv1.2","204","Application Data"
"8281","74.835355","ab.chatgpt.com","FioImma.local","TCP","1514","443  >  54679 [ACK] Seq=4155195 Ack=290706 Win=64 Len=1460 [TCP PDU reassembled in 8282]"
"8282","74.835355","ab.chatgpt.com","FioImma.local","TLSv1.2","204","Application Data"
"8283","74.835414","FioImma.local","ab.chatgpt.com","TCP","54","54679  >  443 [ACK] Seq=290706 Ack=4156805 Win=2056 Len=0"
"8284","74.855155","whatsapp-chatd-edge-shv-02-bom2.facebook.com","FioImma.local","SSL","1099","Continuation Data"
"8285","74.879013","FioImma.local","whatsapp-chatd-edge-shv-02-bom2.facebook.com","SSL","121","Continuation Data"
"8286","74.887351","FioImma.local","whatsapp-chatd-edge-shv-02-bom2.facebook.com","SSL","111","Continuation Data"
"8287","74.917383","whatsapp-chatd-edge-shv-02-bom2.facebook.com","FioImma.local","TCP","60","443  >  54548 [ACK] Seq=1085 Ack=374 Win=332 Len=0"
"8288","74.924741","whatsapp-chatd-edge-shv-02-bom2.facebook.com","FioImma.local","TCP","60","443  >  54548 [ACK] Seq=1085 Ack=431 Win=332 Len=0"
"8289","74.926909","ab.chatgpt.com","FioImma.local","TCP","1514","443  >  54679 [ACK] Seq=4156805 Ack=290706 Win=64 Len=1460 [TCP PDU reassembled in 8290]"
"8290","74.926909","ab.chatgpt.com","FioImma.local","TLSv1.2","204","Application Data"
"8291","74.926971","FioImma.local","ab.chatgpt.com","TCP","54","54679  >  443 [ACK] Seq=290706 Ack=4158415 Win=2056 Len=0"
"8292","74.935351","ab.chatgpt.com","FioImma.local","TCP","1514","443  >  54679 [ACK] Seq=4158415 Ack=290706 Win=64 Len=1460 [TCP PDU reassembled in 8293]"
"8293","74.935351","ab.chatgpt.com","FioImma.local","TLSv1.2","204","Application Data"
"8294","74.935420","FioImma.local","ab.chatgpt.com","TCP","54","54679  >  443 [ACK] Seq=290706 Ack=4160025 Win=2056 Len=0"
"8295","74.948808","ab.chatgpt.com","FioImma.local","TCP","1514","443  >  54679 [ACK] Seq=4160025 Ack=290706 Win=64 Len=1460 [TCP PDU reassembled in 8296]"
"8296","74.948808","ab.chatgpt.com","FioImma.local","TLSv1.2","236","Application Data"
"8297","74.948879","FioImma.local","ab.chatgpt.com","TCP","54","54679  >  443 [ACK] Seq=290706 Ack=4161667 Win=2056 Len=0"
"8298","74.963409","ab.chatgpt.com","FioImma.local","TCP","1514","443  >  54679 [ACK] Seq=4161667 Ack=290706 Win=64 Len=1460 [TCP PDU reassembled in 8299]"
"8299","74.963409","ab.chatgpt.com","FioImma.local","TLSv1.2","236","Application Data"
"8300","74.963460","FioImma.local","ab.chatgpt.com","TCP","54","54679  >  443 [ACK] Seq=290706 Ack=4163309 Win=2056 Len=0"
"8301","74.987270","ab.chatgpt.com","FioImma.local","TCP","1514","443  >  54679 [ACK] Seq=4163309 Ack=290706 Win=64 Len=1460 [TCP PDU reassembled in 8302]"
"8302","74.989154","ab.chatgpt.com","FioImma.local","TLSv1.2","236","Application Data"
"8303","74.989208","FioImma.local","ab.chatgpt.com","TCP","54","54679  >  443 [ACK] Seq=290706 Ack=4164951 Win=2056 Len=0"
"8304","75.001891","ab.chatgpt.com","FioImma.local","TCP","1514","443  >  54679 [ACK] Seq=4164951 Ack=290706 Win=64 Len=1460 [TCP PDU reassembled in 8305]"
"8305","75.001891","ab.chatgpt.com","FioImma.local","TLSv1.2","236","Application Data"
"8306","75.001993","FioImma.local","ab.chatgpt.com","TCP","54","54679  >  443 [ACK] Seq=290706 Ack=4166593 Win=2056 Len=0"
"8307","75.014776","ab.chatgpt.com","FioImma.local","TCP","1514","443  >  54679 [ACK] Seq=4166593 Ack=290706 Win=64 Len=1460 [TCP PDU reassembled in 8308]"
"8308","75.014776","ab.chatgpt.com","FioImma.local","TLSv1.2","236","Application Data"
"8309","75.014824","FioImma.local","ab.chatgpt.com","TCP","54","54679  >  443 [ACK] Seq=290706 Ack=4168235 Win=2056 Len=0"
"8310","75.016952","ab.chatgpt.com","FioImma.local","TCP","1514","443  >  54679 [ACK] Seq=4168235 Ack=290706 Win=64 Len=1460 [TCP PDU reassembled in 8311]"
"8311","75.016952","ab.chatgpt.com","FioImma.local","TLSv1.2","236","Application Data"
"8312","75.016986","FioImma.local","ab.chatgpt.com","TCP","54","54679  >  443 [ACK] Seq=290706 Ack=4169877 Win=2056 Len=0"
"8313","75.021044","ab.chatgpt.com","FioImma.local","TCP","1514","443  >  54679 [ACK] Seq=4169877 Ack=290706 Win=64 Len=1460 [TCP PDU reassembled in 8314]"
"8314","75.021044","ab.chatgpt.com","FioImma.local","TLSv1.2","236","Application Data"
"8315","75.021075","FioImma.local","ab.chatgpt.com","TCP","54","54679  >  443 [ACK] Seq=290706 Ack=4171519 Win=2056 Len=0"
"8316","75.024477","ab.chatgpt.com","FioImma.local","TCP","1514","443  >  54679 [ACK] Seq=4171519 Ack=290706 Win=64 Len=1460 [TCP PDU reassembled in 8317]"
"8317","75.024477","ab.chatgpt.com","FioImma.local","TLSv1.2","268","Application Data"
"8318","75.024529","FioImma.local","ab.chatgpt.com","TCP","54","54679  >  443 [ACK] Seq=290706 Ack=4173193 Win=2056 Len=0"
"8319","75.026763","ab.chatgpt.com","FioImma.local","TCP","1514","443  >  54679 [ACK] Seq=4173193 Ack=290706 Win=64 Len=1460 [TCP PDU reassembled in 8320]"
"8320","75.026763","ab.chatgpt.com","FioImma.local","TLSv1.2","268","Application Data"
"8321","75.026763","ab.chatgpt.com","FioImma.local","TCP","1514","443  >  54679 [ACK] Seq=4174867 Ack=290706 Win=64 Len=1460 [TCP PDU reassembled in 8322]"
"8322","75.026763","ab.chatgpt.com","FioImma.local","TLSv1.2","268","Application Data"
"8323","75.026843","FioImma.local","ab.chatgpt.com","TCP","54","54679  >  443 [ACK] Seq=290706 Ack=4176541 Win=2056 Len=0"
"8324","75.031132","ab.chatgpt.com","FioImma.local","TCP","1514","443  >  54679 [ACK] Seq=4176541 Ack=290706 Win=64 Len=1460 [TCP PDU reassembled in 8325]"
"8325","75.031132","ab.chatgpt.com","FioImma.local","TLSv1.2","268","Application Data"
"8326","75.031132","ab.chatgpt.com","FioImma.local","TCP","1514","443  >  54679 [ACK] Seq=4178215 Ack=290706 Win=64 Len=1460 [TCP PDU reassembled in 8327]"
"8327","75.031132","ab.chatgpt.com","FioImma.local","TLSv1.2","268","Application Data"
"8328","75.031202","FioImma.local","ab.chatgpt.com","TCP","54","54679  >  443 [ACK] Seq=290706 Ack=4179889 Win=2056 Len=0"
"8329","75.033305","ab.chatgpt.com","FioImma.local","TCP","1514","443  >  54679 [ACK] Seq=4179889 Ack=290706 Win=64 Len=1460 [TCP PDU reassembled in 8330]"
"8330","75.033305","ab.chatgpt.com","FioImma.local","TLSv1.2","268","Application Data"
"8331","75.033351","FioImma.local","ab.chatgpt.com","TCP","54","54679  >  443 [ACK] Seq=290706 Ack=4181563 Win=2056 Len=0"
"8332","75.035500","ab.chatgpt.com","FioImma.local","TCP","1514","443  >  54679 [ACK] Seq=4181563 Ack=290706 Win=64 Len=1460 [TCP PDU reassembled in 8333]"
"8333","75.035500","ab.chatgpt.com","FioImma.local","TLSv1.2","268","Application Data"
"8334","75.035545","FioImma.local","ab.chatgpt.com","TCP","54","54679  >  443 [ACK] Seq=290706 Ack=4183237 Win=2056 Len=0"
"8335","75.037922","ab.chatgpt.com","FioImma.local","TCP","1514","443  >  54679 [ACK] Seq=4183237 Ack=290706 Win=64 Len=1460 [TCP PDU reassembled in 8336]"
"8336","75.037922","ab.chatgpt.com","FioImma.local","TLSv1.2","268","Application Data"
"8337","75.037949","FioImma.local","ab.chatgpt.com","TCP","54","54679  >  443 [ACK] Seq=290706 Ack=4184911 Win=2056 Len=0"
"8338","75.046600","ab.chatgpt.com","FioImma.local","TCP","2974","443  >  54679 [ACK] Seq=4184911 Ack=290706 Win=64 Len=2920 [TCP PDU reassembled in 8339]"
"8339","75.046600","ab.chatgpt.com","FioImma.local","TLSv1.2","472","Application Data"
"8340","75.046657","FioImma.local","ab.chatgpt.com","TCP","54","54679  >  443 [ACK] Seq=290706 Ack=4188249 Win=2056 Len=0"
"8341","75.052095","ab.chatgpt.com","FioImma.local","TCP","1514","443  >  54679 [ACK] Seq=4188249 Ack=290706 Win=64 Len=1460 [TCP PDU reassembled in 8342]"
"8342","75.052095","ab.chatgpt.com","FioImma.local","TLSv1.2","300","Application Data"
"8343","75.052095","ab.chatgpt.com","FioImma.local","TCP","1514","443  >  54679 [ACK] Seq=4189955 Ack=290706 Win=64 Len=1460 [TCP PDU reassembled in 8344]"
"8344","75.052095","ab.chatgpt.com","FioImma.local","TLSv1.2","300","Application Data"
"8345","75.052132","FioImma.local","ab.chatgpt.com","TCP","54","54679  >  443 [ACK] Seq=290706 Ack=4191661 Win=2056 Len=0"
"8346","75.055045","ab.chatgpt.com","FioImma.local","TCP","1514","443  >  54679 [ACK] Seq=4191661 Ack=290706 Win=64 Len=1460 [TCP PDU reassembled in 8347]"
"8347","75.055045","ab.chatgpt.com","FioImma.local","TLSv1.2","300","Application Data"
"8348","75.055072","FioImma.local","ab.chatgpt.com","TCP","54","54679  >  443 [ACK] Seq=290706 Ack=4193367 Win=2056 Len=0"
"8349","75.058874","ab.chatgpt.com","FioImma.local","TCP","1514","443  >  54679 [ACK] Seq=4193367 Ack=290706 Win=64 Len=1460 [TCP PDU reassembled in 8351]"
"8350","75.058898","FioImma.local","ab.chatgpt.com","TCP","54","54679  >  443 [ACK] Seq=290706 Ack=4194827 Win=2056 Len=0"
"8351","75.060486","ab.chatgpt.com","FioImma.local","TLSv1.2","332","Application Data"
"8352","75.063017","ab.chatgpt.com","FioImma.local","TCP","1514","443  >  54679 [ACK] Seq=4195105 Ack=290706 Win=64 Len=1460 [TCP PDU reassembled in 8353]"
"8353","75.063017","ab.chatgpt.com","FioImma.local","TLSv1.2","332","Application Data"
"8354","75.063123","FioImma.local","ab.chatgpt.com","TCP","54","54679  >  443 [ACK] Seq=290706 Ack=4196843 Win=2056 Len=0"
"8355","75.077630","ab.chatgpt.com","FioImma.local","TCP","1514","443  >  54679 [ACK] Seq=4196843 Ack=290706 Win=64 Len=1460 [TCP PDU reassembled in 8356]"
"8356","75.077630","ab.chatgpt.com","FioImma.local","TLSv1.2","332","Application Data"
"8357","75.077797","FioImma.local","ab.chatgpt.com","TCP","54","54679  >  443 [ACK] Seq=290706 Ack=4198581 Win=2056 Len=0"
"8358","75.085113","ab.chatgpt.com","FioImma.local","TCP","1514","443  >  54679 [ACK] Seq=4198581 Ack=290706 Win=64 Len=1460 [TCP PDU reassembled in 8359]"
"8359","75.085113","ab.chatgpt.com","FioImma.local","TLSv1.2","332","Application Data"
"8360","75.085163","FioImma.local","ab.chatgpt.com","TCP","54","54679  >  443 [ACK] Seq=290706 Ack=4200319 Win=2056 Len=0"
"8361","75.089433","ab.chatgpt.com","FioImma.local","TCP","1514","443  >  54679 [ACK] Seq=4200319 Ack=290706 Win=64 Len=1460 [TCP PDU reassembled in 8362]"
"8362","75.089433","ab.chatgpt.com","FioImma.local","TLSv1.2","321","Application Data"
"8363","75.089475","FioImma.local","ab.chatgpt.com","TCP","54","54679  >  443 [ACK] Seq=290706 Ack=4202046 Win=2056 Len=0"
"8364","75.099833","ab.chatgpt.com","FioImma.local","TCP","1514","443  >  54679 [ACK] Seq=4202046 Ack=290706 Win=64 Len=1460 [TCP PDU reassembled in 8365]"
"8365","75.099833","ab.chatgpt.com","FioImma.local","TLSv1.2","364","Application Data"
"8366","75.099922","FioImma.local","ab.chatgpt.com","TCP","54","54679  >  443 [ACK] Seq=290706 Ack=4203816 Win=2056 Len=0"
"8367","75.118720","ab.chatgpt.com","FioImma.local","TCP","1514","443  >  54679 [ACK] Seq=4203816 Ack=290706 Win=64 Len=1460 [TCP PDU reassembled in 8368]"
"8368","75.120301","ab.chatgpt.com","FioImma.local","TLSv1.2","364","Application Data"
"8369","75.120354","FioImma.local","ab.chatgpt.com","TCP","54","54679  >  443 [ACK] Seq=290706 Ack=4205586 Win=2056 Len=0"
"8370","75.122555","ab.chatgpt.com","FioImma.local","TCP","1514","443  >  54679 [ACK] Seq=4205586 Ack=290706 Win=64 Len=1460 [TCP PDU reassembled in 8371]"
"8371","75.122555","ab.chatgpt.com","FioImma.local","TLSv1.2","364","Application Data"
"8372","75.122587","FioImma.local","ab.chatgpt.com","TCP","54","54679  >  443 [ACK] Seq=290706 Ack=4207356 Win=2056 Len=0"
"8373","75.130001","ab.chatgpt.com","FioImma.local","TCP","1514","443  >  54679 [ACK] Seq=4207356 Ack=290706 Win=64 Len=1460 [TCP PDU reassembled in 8374]"
"8374","75.130001","ab.chatgpt.com","FioImma.local","TLSv1.2","364","Application Data"
"8375","75.130066","FioImma.local","ab.chatgpt.com","TCP","54","54679  >  443 [ACK] Seq=290706 Ack=4209126 Win=2056 Len=0"
"8376","75.137365","whatsapp-chatd-edge-shv-02-bom2.facebook.com","FioImma.local","SSL","527","Continuation Data"
"8377","75.139665","ab.chatgpt.com","FioImma.local","TCP","1514","443  >  54679 [ACK] Seq=4209126 Ack=290706 Win=64 Len=1460 [TCP PDU reassembled in 8378]"
"8378","75.139665","ab.chatgpt.com","FioImma.local","TLSv1.2","353","Application Data"
"8379","75.139724","FioImma.local","ab.chatgpt.com","TCP","54","54679  >  443 [ACK] Seq=290706 Ack=4210885 Win=2056 Len=0"
"8380","75.148845","FioImma.local","mars.octa.edu","DNS","76","Standard query 0x36f6 A pps.whatsapp.net"
"8381","75.166640","ab.chatgpt.com","FioImma.local","TCP","1514","443  >  54679 [ACK] Seq=4210885 Ack=290706 Win=64 Len=1460 [TCP PDU reassembled in 8382]"
"8382","75.166640","ab.chatgpt.com","FioImma.local","TLSv1.2","396","Application Data"
"8383","75.166640","ab.chatgpt.com","FioImma.local","TCP","1514","443  >  54679 [ACK] Seq=4212687 Ack=290706 Win=64 Len=1460 [TCP PDU reassembled in 8384]"
"8384","75.166640","ab.chatgpt.com","FioImma.local","TLSv1.2","396","Application Data"
"8385","75.166700","FioImma.local","ab.chatgpt.com","TCP","54","54679  >  443 [ACK] Seq=290706 Ack=4214489 Win=2056 Len=0"
"8386","75.174014","mars.octa.edu","FioImma.local","DNS","117","Standard query response 0x36f6 A pps.whatsapp.net CNAME mmx-ds.cdn.whatsapp.net A 163.70.144.60"
"8387","75.175115","FioImma.local","mmx-ds.cdn.whatsapp.net","TCP","66","54871  >  443 [SYN] Seq=0 Win=65535 Len=0 MSS=1460 WS=256 SACK_PERM"
"8388","75.184361","FioImma.local","whatsapp-chatd-edge-shv-02-bom2.facebook.com","TCP","54","54548  >  443 [ACK] Seq=431 Ack=1558 Win=516 Len=0"
"8389","75.205437","202.241.199.104.bc.googleusercontent.com","FioImma.local","TCP","65","4070  >  54472 [PSH, ACK] Seq=12 Ack=12 Win=6 Len=11"
"8390","75.205437","mmx-ds.cdn.whatsapp.net","FioImma.local","TCP","66","443  >  54871 [SYN, ACK] Seq=0 Ack=1 Win=65535 Len=0 MSS=1392 SACK_PERM WS=256"
"8391","75.205611","FioImma.local","mmx-ds.cdn.whatsapp.net","TCP","54","54871  >  443 [ACK] Seq=1 Ack=1 Win=262144 Len=0"
"8392","75.208399","FioImma.local","mmx-ds.cdn.whatsapp.net","TLSv1.3","533","Client Hello (SNI=pps.whatsapp.net)"
"8393","75.214917","ab.chatgpt.com","FioImma.local","TCP","1514","443  >  54679 [ACK] Seq=4214489 Ack=290706 Win=64 Len=1460 [TCP PDU reassembled in 8394]"
"8394","75.214917","ab.chatgpt.com","FioImma.local","TLSv1.2","396","Application Data"
"8395","75.214974","FioImma.local","ab.chatgpt.com","TCP","54","54679  >  443 [ACK] Seq=290706 Ack=4216291 Win=2056 Len=0"
"8396","75.240714","mmx-ds.cdn.whatsapp.net","FioImma.local","TCP","60","443  >  54871 [ACK] Seq=1 Ack=480 Win=66816 Len=0"
"8397","75.240714","mmx-ds.cdn.whatsapp.net","FioImma.local","TLSv1.3","266","Server Hello, Change Cipher Spec, Application Data"
"8398","75.240766","FioImma.local","mmx-ds.cdn.whatsapp.net","TCP","54","54871  >  443 [ACK] Seq=480 Ack=213 Win=261888 Len=0"
"8399","75.243005","FioImma.local","mmx-ds.cdn.whatsapp.net","TLSv1.3","118","Change Cipher Spec, Application Data"
"8400","75.250051","FioImma.local","202.241.199.104.bc.googleusercontent.com","TCP","54","54472  >  4070 [ACK] Seq=12 Ack=23 Win=512 Len=0"
"8401","75.255024","FioImma.local","mmx-ds.cdn.whatsapp.net","TLSv1.3","134","Application Data"
"8402","75.267136","FioImma.local","mmx-ds.cdn.whatsapp.net","TLSv1.3","329","Application Data"
"8403","75.270905","FioImma.local","maa03s41-in-f14.1e100.net","TCP","1466","54642  >  443 [ACK] Seq=88236 Ack=107733 Win=509 Len=1412 [TCP PDU reassembled in 8404]"
"8404","75.270905","FioImma.local","maa03s41-in-f14.1e100.net","TLSv1.2","1333","Application Data"
"8405","75.270976","FioImma.local","maa03s41-in-f14.1e100.net","TCP","1466","54642  >  443 [ACK] Seq=90927 Ack=107733 Win=509 Len=1412 [TCP PDU reassembled in 8407]"
"8406","75.270976","FioImma.local","maa03s41-in-f14.1e100.net","TCP","1466","54642  >  443 [ACK] Seq=92339 Ack=107733 Win=509 Len=1412 [TCP PDU reassembled in 8407]"
"8407","75.270976","FioImma.local","maa03s41-in-f14.1e100.net","TLSv1.2","199","Application Data"
"8408","75.272511","ab.chatgpt.com","FioImma.local","TCP","1514","443  >  54679 [ACK] Seq=4216291 Ack=290706 Win=64 Len=1460 [TCP PDU reassembled in 8409]"
"8409","75.272511","ab.chatgpt.com","FioImma.local","TLSv1.2","396","Application Data"
"8410","75.272616","FioImma.local","ab.chatgpt.com","TCP","54","54679  >  443 [ACK] Seq=290706 Ack=4218093 Win=2056 Len=0"
"8411","75.275199","mmx-ds.cdn.whatsapp.net","FioImma.local","TLSv1.3","225","Application Data"
"8412","75.275199","mmx-ds.cdn.whatsapp.net","FioImma.local","TLSv1.3","128","Application Data"
"8413","75.275274","FioImma.local","mmx-ds.cdn.whatsapp.net","TCP","54","54871  >  443 [ACK] Seq=899 Ack=458 Win=261632 Len=0"
"8414","75.277258","FioImma.local","mmx-ds.cdn.whatsapp.net","TLSv1.3","85","Application Data"
"8415","75.280425","maa03s41-in-f14.1e100.net","FioImma.local","TCP","60","443  >  54642 [ACK] Seq=107733 Ack=89648 Win=2048 Len=0"
"8416","75.280425","maa03s41-in-f14.1e100.net","FioImma.local","TCP","60","443  >  54642 [ACK] Seq=107733 Ack=90927 Win=2048 Len=0"
"8417","75.280425","maa03s41-in-f14.1e100.net","FioImma.local","TCP","60","443  >  54642 [ACK] Seq=107733 Ack=92339 Win=2048 Len=0"
"8418","75.280425","maa03s41-in-f14.1e100.net","FioImma.local","TCP","60","443  >  54642 [ACK] Seq=107733 Ack=93751 Win=2048 Len=0"
"8419","75.280425","maa03s41-in-f14.1e100.net","FioImma.local","TCP","60","443  >  54642 [ACK] Seq=107733 Ack=93896 Win=2048 Len=0"
"8420","75.286914","mmx-ds.cdn.whatsapp.net","FioImma.local","TLSv1.3","85","Application Data"
"8421","75.286992","FioImma.local","mmx-ds.cdn.whatsapp.net","TCP","54","54871  >  443 [ACK] Seq=930 Ack=489 Win=261632 Len=0"
"8422","75.299448","ab.chatgpt.com","FioImma.local","TCP","1514","443  >  54679 [ACK] Seq=4218093 Ack=290706 Win=64 Len=1460 [TCP PDU reassembled in 8423]"
"8423","75.299448","ab.chatgpt.com","FioImma.local","TLSv1.2","428","Application Data"
"8424","75.299501","FioImma.local","ab.chatgpt.com","TCP","54","54679  >  443 [ACK] Seq=290706 Ack=4219927 Win=2056 Len=0"
"8425","75.301517","mmx-ds.cdn.whatsapp.net","FioImma.local","TLSv1.3","89","Application Data"
"8426","75.301517","mmx-ds.cdn.whatsapp.net","FioImma.local","TLSv1.3","466","Application Data"
"8427","75.301517","mmx-ds.cdn.whatsapp.net","FioImma.local","TLSv1.3","5622","Application Data"
"8428","75.301561","FioImma.local","mmx-ds.cdn.whatsapp.net","TCP","54","54871  >  443 [ACK] Seq=930 Ack=6504 Win=262144 Len=0"
"8429","75.302922","mmx-ds.cdn.whatsapp.net","FioImma.local","TCP","1446","443  >  54871 [ACK] Seq=6504 Ack=899 Win=67840 Len=1392 [TCP PDU reassembled in 8443]"
"8430","75.302959","FioImma.local","mmx-ds.cdn.whatsapp.net","TCP","54","54871  >  443 [ACK] Seq=930 Ack=7896 Win=262144 Len=0"
"8431","75.304791","mmx-ds.cdn.whatsapp.net","FioImma.local","TCP","1446","443  >  54871 [PSH, ACK] Seq=7896 Ack=899 Win=67840 Len=1392 [TCP PDU reassembled in 8443]"
"8432","75.304810","FioImma.local","mmx-ds.cdn.whatsapp.net","TCP","54","54871  >  443 [ACK] Seq=930 Ack=9288 Win=262144 Len=0"
"8433","75.306905","mmx-ds.cdn.whatsapp.net","FioImma.local","TCP","2838","443  >  54871 [PSH, ACK] Seq=9288 Ack=899 Win=67840 Len=2784 [TCP PDU reassembled in 8443]"
"8434","75.306927","FioImma.local","mmx-ds.cdn.whatsapp.net","TCP","54","54871  >  443 [ACK] Seq=930 Ack=12072 Win=262144 Len=0"
"8435","75.307211","ab.chatgpt.com","FioImma.local","TCP","1514","443  >  54679 [ACK] Seq=4219927 Ack=290706 Win=64 Len=1460 [TCP PDU reassembled in 8436]"
"8436","75.307211","ab.chatgpt.com","FioImma.local","TLSv1.2","428","Application Data"
"8437","75.307262","FioImma.local","ab.chatgpt.com","TCP","54","54679  >  443 [ACK] Seq=290706 Ack=4221761 Win=2056 Len=0"
"8438","75.309158","mmx-ds.cdn.whatsapp.net","FioImma.local","TCP","2838","443  >  54871 [PSH, ACK] Seq=12072 Ack=899 Win=67840 Len=2784 [TCP PDU reassembled in 8443]"
"8439","75.309183","FioImma.local","mmx-ds.cdn.whatsapp.net","TCP","54","54871  >  443 [ACK] Seq=930 Ack=14856 Win=262144 Len=0"
"8440","75.315533","ab.chatgpt.com","FioImma.local","TCP","1514","443  >  54679 [ACK] Seq=4221761 Ack=290706 Win=64 Len=1460 [TCP PDU reassembled in 8441]"
"8441","75.315533","ab.chatgpt.com","FioImma.local","TLSv1.2","428","Application Data"
"8442","75.315563","FioImma.local","ab.chatgpt.com","TCP","54","54679  >  443 [ACK] Seq=290706 Ack=4223595 Win=2056 Len=0"
"8443","75.323817","mmx-ds.cdn.whatsapp.net","FioImma.local","TLSv1.3","2838","Application Data"
"8444","75.323870","FioImma.local","mmx-ds.cdn.whatsapp.net","TCP","54","54871  >  443 [ACK] Seq=930 Ack=17640 Win=262144 Len=0"
"8445","75.333082","mmx-ds.cdn.whatsapp.net","FioImma.local","TLSv1.3","1446","Application Data"
"8446","75.333082","mmx-ds.cdn.whatsapp.net","FioImma.local","TLSv1.3","886","Application Data"
"8447","75.333136","FioImma.local","mmx-ds.cdn.whatsapp.net","TCP","54","54871  >  443 [ACK] Seq=930 Ack=19864 Win=262144 Len=0"
"8448","75.339449","ab.chatgpt.com","FioImma.local","TCP","1514","443  >  54679 [ACK] Seq=4223595 Ack=290706 Win=64 Len=1460 [TCP PDU reassembled in 8449]"
"8449","75.339449","ab.chatgpt.com","FioImma.local","TLSv1.2","428","Application Data"
"8450","75.339497","FioImma.local","ab.chatgpt.com","TCP","54","54679  >  443 [ACK] Seq=290706 Ack=4225429 Win=2056 Len=0"
"8451","75.352030","maa03s41-in-f14.1e100.net","FioImma.local","TLSv1.2","612","Application Data"
"8452","75.352030","maa03s41-in-f14.1e100.net","FioImma.local","TLSv1.2","1061","Application Data"
"8453","75.352030","maa03s41-in-f14.1e100.net","FioImma.local","TLSv1.2","85","Application Data"
"8454","75.352030","maa03s41-in-f14.1e100.net","FioImma.local","TLSv1.2","93","Application Data"
"8455","75.352114","FioImma.local","maa03s41-in-f14.1e100.net","TCP","54","54642  >  443 [ACK] Seq=93896 Ack=109368 Win=512 Len=0"
"8456","75.353843","FioImma.local","maa03s41-in-f14.1e100.net","TLSv1.2","89","Application Data"
"8457","75.353909","FioImma.local","maa03s41-in-f14.1e100.net","TLSv1.2","93","Application Data"
"8458","75.364705","ab.chatgpt.com","FioImma.local","TCP","1514","443  >  54679 [ACK] Seq=4225429 Ack=290706 Win=64 Len=1460 [TCP PDU reassembled in 8459]"
"8459","75.364705","ab.chatgpt.com","FioImma.local","TLSv1.2","428","Application Data"
"8460","75.364705","maa03s41-in-f14.1e100.net","FioImma.local","TCP","60","443  >  54642 [ACK] Seq=109368 Ack=93931 Win=2048 Len=0"
"8461","75.364705","maa03s41-in-f14.1e100.net","FioImma.local","TCP","60","443  >  54642 [ACK] Seq=109368 Ack=93970 Win=2048 Len=0"
"8462","75.364834","FioImma.local","ab.chatgpt.com","TCP","54","54679  >  443 [ACK] Seq=290706 Ack=4227263 Win=2056 Len=0"
"8463","75.371374","ab.chatgpt.com","FioImma.local","TCP","1514","443  >  54679 [ACK] Seq=4227263 Ack=290706 Win=64 Len=1460 [TCP PDU reassembled in 8464]"
"8464","75.371374","ab.chatgpt.com","FioImma.local","TLSv1.2","417","Application Data"
"8465","75.371440","FioImma.local","ab.chatgpt.com","TCP","54","54679  >  443 [ACK] Seq=290706 Ack=4229086 Win=2056 Len=0"
"8466","75.373064","FioImma.local","45.224.186.35.bc.googleusercontent.com","TLSv1.2","82","Application Data"
"8467","75.373285","ab.chatgpt.com","FioImma.local","TCP","1514","443  >  54679 [ACK] Seq=4229086 Ack=290706 Win=64 Len=1460 [TCP PDU reassembled in 8468]"
"8468","75.373285","ab.chatgpt.com","FioImma.local","TLSv1.2","460","Application Data"
"8469","75.373328","FioImma.local","ab.chatgpt.com","TCP","54","54679  >  443 [ACK] Seq=290706 Ack=4230952 Win=2056 Len=0"
"8470","75.379939","ab.chatgpt.com","FioImma.local","TCP","1514","443  >  54679 [ACK] Seq=4230952 Ack=290706 Win=64 Len=1460 [TCP PDU reassembled in 8472]"
"8471","75.379939","ab.chatgpt.com","FioImma.local","TCP","1514","443  >  54679 [ACK] Seq=4232412 Ack=290706 Win=64 Len=1460 [TCP PDU reassembled in 8472]"
"8472","75.379939","ab.chatgpt.com","FioImma.local","TLSv1.2","835","Application Data"
"8473","75.379999","FioImma.local","ab.chatgpt.com","TCP","54","54679  >  443 [ACK] Seq=290706 Ack=4234653 Win=2056 Len=0"
"8474","75.382217","45.224.186.35.bc.googleusercontent.com","FioImma.local","TCP","60","443  >  54488 [ACK] Seq=49 Ack=85 Win=272 Len=0"
"8475","75.385134","ab.chatgpt.com","FioImma.local","TCP","1514","443  >  54679 [ACK] Seq=4234653 Ack=290706 Win=64 Len=1460 [TCP PDU reassembled in 8476]"
"8476","75.385134","ab.chatgpt.com","FioImma.local","TLSv1.2","460","Application Data"
"8477","75.385168","FioImma.local","ab.chatgpt.com","TCP","54","54679  >  443 [ACK] Seq=290706 Ack=4236519 Win=2056 Len=0"
"8478","75.394279","ab.chatgpt.com","FioImma.local","TCP","1514","443  >  54679 [ACK] Seq=4236519 Ack=290706 Win=64 Len=1460 [TCP PDU reassembled in 8480]"
"8479","75.394350","FioImma.local","ab.chatgpt.com","TCP","54","54679  >  443 [ACK] Seq=290706 Ack=4237979 Win=2056 Len=0"
"8480","75.395411","ab.chatgpt.com","FioImma.local","TLSv1.2","492","Application Data"
"8481","75.408129","ab.chatgpt.com","FioImma.local","TCP","1514","443  >  54679 [ACK] Seq=4238417 Ack=290706 Win=64 Len=1460 [TCP PDU reassembled in 8482]"
"8482","75.408129","ab.chatgpt.com","FioImma.local","TLSv1.2","492","Application Data"
"8483","75.408222","FioImma.local","ab.chatgpt.com","TCP","54","54679  >  443 [ACK] Seq=290706 Ack=4240315 Win=2056 Len=0"
"8484","75.418358","ab.chatgpt.com","FioImma.local","TCP","1514","443  >  54679 [ACK] Seq=4240315 Ack=290706 Win=64 Len=1460 [TCP PDU reassembled in 8485]"
"8485","75.418358","ab.chatgpt.com","FioImma.local","TLSv1.2","492","Application Data"
"8486","75.418421","FioImma.local","ab.chatgpt.com","TCP","54","54679  >  443 [ACK] Seq=290706 Ack=4242213 Win=2056 Len=0"
"8487","75.431741","FioImma.local","20.198.119.143","TLSv1.2","155","Application Data"
"8488","75.433873","ab.chatgpt.com","FioImma.local","TCP","1514","443  >  54679 [ACK] Seq=4242213 Ack=290706 Win=64 Len=1460 [TCP PDU reassembled in 8489]"
"8489","75.433873","ab.chatgpt.com","FioImma.local","TLSv1.2","492","Application Data"
"8490","75.433921","FioImma.local","ab.chatgpt.com","TCP","54","54679  >  443 [ACK] Seq=290706 Ack=4244111 Win=2056 Len=0"
"8491","75.438497","ab.chatgpt.com","FioImma.local","TCP","1514","443  >  54679 [ACK] Seq=4244111 Ack=290706 Win=64 Len=1460 [TCP PDU reassembled in 8492]"
"8492","75.438497","ab.chatgpt.com","FioImma.local","TLSv1.2","492","Application Data"
"8493","75.438599","FioImma.local","ab.chatgpt.com","TCP","54","54679  >  443 [ACK] Seq=290706 Ack=4246009 Win=2056 Len=0"
"8494","75.452288","ab.chatgpt.com","FioImma.local","TCP","1514","443  >  54679 [ACK] Seq=4246009 Ack=290706 Win=64 Len=1460 [TCP PDU reassembled in 8495]"
"8495","75.452288","ab.chatgpt.com","FioImma.local","TLSv1.2","524","Application Data"
"8496","75.452356","FioImma.local","ab.chatgpt.com","TCP","54","54679  >  443 [ACK] Seq=290706 Ack=4247939 Win=2056 Len=0"
"8497","75.456099","45.224.186.35.bc.googleusercontent.com","FioImma.local","TLSv1.2","78","Application Data"
"8498","75.461519","ab.chatgpt.com","FioImma.local","TCP","1514","443  >  54679 [ACK] Seq=4247939 Ack=290706 Win=64 Len=1460 [TCP PDU reassembled in 8499]"
"8499","75.461519","ab.chatgpt.com","FioImma.local","TLSv1.2","524","Application Data"
"8500","75.461583","FioImma.local","ab.chatgpt.com","TCP","54","54679  >  443 [ACK] Seq=290706 Ack=4249869 Win=2056 Len=0"
"8501","75.473158","ab.chatgpt.com","FioImma.local","TCP","1514","443  >  54679 [ACK] Seq=4249869 Ack=290706 Win=64 Len=1460 [TCP PDU reassembled in 8502]"
"8502","75.473158","ab.chatgpt.com","FioImma.local","TLSv1.2","524","Application Data"
"8503","75.473158","20.198.119.143","FioImma.local","TLSv1.2","225","Application Data"
"8504","75.473221","FioImma.local","ab.chatgpt.com","TCP","54","54679  >  443 [ACK] Seq=290706 Ack=4251799 Win=2056 Len=0"
"8505","75.480559","ab.chatgpt.com","FioImma.local","TCP","1514","443  >  54679 [ACK] Seq=4251799 Ack=290706 Win=64 Len=1460 [TCP PDU reassembled in 8506]"
"8506","75.480559","ab.chatgpt.com","FioImma.local","TLSv1.2","524","Application Data"
"8507","75.480609","FioImma.local","ab.chatgpt.com","TCP","54","54679  >  443 [ACK] Seq=290706 Ack=4253729 Win=2056 Len=0"
"8508","75.488154","ab.chatgpt.com","FioImma.local","TCP","1514","443  >  54679 [ACK] Seq=4253729 Ack=290706 Win=64 Len=1460 [TCP PDU reassembled in 8509]"
"8509","75.488154","ab.chatgpt.com","FioImma.local","TLSv1.2","524","Application Data"
"8510","75.488187","FioImma.local","ab.chatgpt.com","TCP","54","54679  >  443 [ACK] Seq=290706 Ack=4255659 Win=2056 Len=0"
"8511","75.503279","FioImma.local","45.224.186.35.bc.googleusercontent.com","TCP","54","54488  >  443 [ACK] Seq=85 Ack=73 Win=507 Len=0"
"8512","75.508894","ab.chatgpt.com","FioImma.local","TCP","1514","443  >  54679 [ACK] Seq=4255659 Ack=290706 Win=64 Len=1460 [TCP PDU reassembled in 8513]"
"8513","75.508894","ab.chatgpt.com","FioImma.local","TLSv1.2","524","Application Data"
"8514","75.508960","FioImma.local","ab.chatgpt.com","TCP","54","54679  >  443 [ACK] Seq=290706 Ack=4257589 Win=2056 Len=0"
"8515","75.512872","FioImma.local","20.198.119.143","TCP","54","49438  >  443 [ACK] Seq=203 Ack=343 Win=514 Len=0"
"8516","75.545553","ab.chatgpt.com","FioImma.local","TCP","1514","443  >  54679 [ACK] Seq=4257589 Ack=290706 Win=64 Len=1460 [TCP PDU reassembled in 8517]"
"8517","75.545553","ab.chatgpt.com","FioImma.local","TLSv1.2","513","Application Data"
"8518","75.545642","FioImma.local","ab.chatgpt.com","TCP","54","54679  >  443 [ACK] Seq=290706 Ack=4259508 Win=2056 Len=0"
"8519","75.600899","ab.chatgpt.com","FioImma.local","TCP","1514","443  >  54679 [ACK] Seq=4259508 Ack=290706 Win=64 Len=1460 [TCP PDU reassembled in 8520]"
"8520","75.600899","ab.chatgpt.com","FioImma.local","TLSv1.2","556","Application Data"
"8521","75.600986","FioImma.local","ab.chatgpt.com","TCP","54","54679  >  443 [ACK] Seq=290706 Ack=4261470 Win=2056 Len=0"
"8522","75.628039","ab.chatgpt.com","FioImma.local","TCP","1514","443  >  54679 [ACK] Seq=4261470 Ack=290706 Win=64 Len=1460 [TCP PDU reassembled in 8523]"
"8523","75.628039","ab.chatgpt.com","FioImma.local","TLSv1.2","556","Application Data"
"8524","75.628121","FioImma.local","ab.chatgpt.com","TCP","54","54679  >  443 [ACK] Seq=290706 Ack=4263432 Win=2056 Len=0"
"8525","75.634342","ab.chatgpt.com","FioImma.local","TCP","1514","443  >  54679 [ACK] Seq=4263432 Ack=290706 Win=64 Len=1460 [TCP PDU reassembled in 8526]"
"8526","75.634342","ab.chatgpt.com","FioImma.local","TLSv1.2","556","Application Data"
"8527","75.634401","FioImma.local","ab.chatgpt.com","TCP","54","54679  >  443 [ACK] Seq=290706 Ack=4265394 Win=2056 Len=0"
"8528","75.643004","ab.chatgpt.com","FioImma.local","TCP","1514","443  >  54679 [ACK] Seq=4265394 Ack=290706 Win=64 Len=1460 [TCP PDU reassembled in 8529]"
"8529","75.643004","ab.chatgpt.com","FioImma.local","TLSv1.2","556","Application Data"
"8530","75.643093","FioImma.local","ab.chatgpt.com","TCP","54","54679  >  443 [ACK] Seq=290706 Ack=4267356 Win=2056 Len=0"
"8531","75.651486","ab.chatgpt.com","FioImma.local","TCP","1514","443  >  54679 [ACK] Seq=4267356 Ack=290706 Win=64 Len=1460 [TCP PDU reassembled in 8532]"
"8532","75.651486","ab.chatgpt.com","FioImma.local","TLSv1.2","556","Application Data"
"8533","75.651595","FioImma.local","ab.chatgpt.com","TCP","54","54679  >  443 [ACK] Seq=290706 Ack=4269318 Win=2056 Len=0"
"8534","75.672276","ab.chatgpt.com","FioImma.local","TCP","1514","443  >  54679 [ACK] Seq=4269318 Ack=290706 Win=64 Len=1460 [TCP PDU reassembled in 8535]"
"8535","75.672276","ab.chatgpt.com","FioImma.local","TLSv1.2","556","Application Data"
"8536","75.672363","FioImma.local","ab.chatgpt.com","TCP","54","54679  >  443 [ACK] Seq=290706 Ack=4271280 Win=2056 Len=0"
"8537","75.690997","ab.chatgpt.com","FioImma.local","TCP","1514","443  >  54679 [ACK] Seq=4271280 Ack=290706 Win=64 Len=1460 [TCP PDU reassembled in 8538]"
"8538","75.692858","ab.chatgpt.com","FioImma.local","TLSv1.2","588","Application Data"
"8539","75.692914","FioImma.local","ab.chatgpt.com","TCP","54","54679  >  443 [ACK] Seq=290706 Ack=4273274 Win=2056 Len=0"
"8540","75.728849","ab.chatgpt.com","FioImma.local","TCP","1514","443  >  54679 [ACK] Seq=4273274 Ack=290706 Win=64 Len=1460 [TCP PDU reassembled in 8541]"
"8541","75.728849","ab.chatgpt.com","FioImma.local","TLSv1.2","588","Application Data"
"8542","75.728925","FioImma.local","ab.chatgpt.com","TCP","54","54679  >  443 [ACK] Seq=290706 Ack=4275268 Win=2056 Len=0"
"8543","75.736495","ab.chatgpt.com","FioImma.local","TCP","1514","443  >  54679 [ACK] Seq=4275268 Ack=290706 Win=64 Len=1460 [TCP PDU reassembled in 8544]"
"8544","75.736495","ab.chatgpt.com","FioImma.local","TLSv1.2","588","Application Data"
"8545","75.736550","FioImma.local","ab.chatgpt.com","TCP","54","54679  >  443 [ACK] Seq=290706 Ack=4277262 Win=2056 Len=0"
"8546","75.742466","ab.chatgpt.com","FioImma.local","TCP","1514","443  >  54679 [ACK] Seq=4277262 Ack=290706 Win=64 Len=1460 [TCP PDU reassembled in 8547]"
"8547","75.742466","ab.chatgpt.com","FioImma.local","TLSv1.2","588","Application Data"
"8548","75.742526","FioImma.local","ab.chatgpt.com","TCP","54","54679  >  443 [ACK] Seq=290706 Ack=4279256 Win=2056 Len=0"
"8549","75.768126","ab.chatgpt.com","FioImma.local","TCP","1514","443  >  54679 [ACK] Seq=4279256 Ack=290706 Win=64 Len=1460 [TCP PDU reassembled in 8550]"
"8550","75.768126","ab.chatgpt.com","FioImma.local","TLSv1.2","588","Application Data"
"8551","75.768236","FioImma.local","ab.chatgpt.com","TCP","54","54679  >  443 [ACK] Seq=290706 Ack=4281250 Win=2056 Len=0"
"8552","75.779650","ab.chatgpt.com","FioImma.local","TCP","1514","443  >  54679 [ACK] Seq=4281250 Ack=290706 Win=64 Len=1460 [TCP PDU reassembled in 8553]"
"8553","75.779650","ab.chatgpt.com","FioImma.local","TLSv1.2","577","Application Data"
"8554","75.779743","FioImma.local","ab.chatgpt.com","TCP","54","54679  >  443 [ACK] Seq=290706 Ack=4283233 Win=2056 Len=0"
"8555","75.781875","ab.chatgpt.com","FioImma.local","TCP","1514","443  >  54679 [ACK] Seq=4283233 Ack=290706 Win=64 Len=1460 [TCP PDU reassembled in 8556]"
"8556","75.783694","ab.chatgpt.com","FioImma.local","TLSv1.2","620","Application Data"
"8557","75.783727","FioImma.local","ab.chatgpt.com","TCP","54","54679  >  443 [ACK] Seq=290706 Ack=4285259 Win=2056 Len=0"
"8558","75.791123","ab.chatgpt.com","FioImma.local","TCP","1514","443  >  54679 [ACK] Seq=4285259 Ack=290706 Win=64 Len=1460 [TCP PDU reassembled in 8559]"
"8559","75.791123","ab.chatgpt.com","FioImma.local","TLSv1.2","620","Application Data"
"8560","75.791123","ab.chatgpt.com","FioImma.local","TCP","1514","443  >  54679 [ACK] Seq=4287285 Ack=290706 Win=64 Len=1460 [TCP PDU reassembled in 8561]"
"8561","75.791123","ab.chatgpt.com","FioImma.local","TLSv1.2","620","Application Data"
"8562","75.791233","FioImma.local","ab.chatgpt.com","TCP","54","54679  >  443 [ACK] Seq=290706 Ack=4289311 Win=2056 Len=0"
"8563","75.806186","ab.chatgpt.com","FioImma.local","TCP","2974","443  >  54679 [ACK] Seq=4289311 Ack=290706 Win=64 Len=2920 [TCP PDU reassembled in 8564]"
"8564","75.806186","ab.chatgpt.com","FioImma.local","TLSv1.2","1155","Application Data"
"8565","75.806320","FioImma.local","ab.chatgpt.com","TCP","54","54679  >  443 [ACK] Seq=290706 Ack=4293332 Win=2056 Len=0"
"8566","75.814533","ab.chatgpt.com","FioImma.local","TCP","1514","443  >  54679 [ACK] Seq=4293332 Ack=290706 Win=64 Len=1460 [TCP PDU reassembled in 8567]"
"8567","75.814533","ab.chatgpt.com","FioImma.local","TLSv1.2","620","Application Data"
"8568","75.814620","FioImma.local","ab.chatgpt.com","TCP","54","54679  >  443 [ACK] Seq=290706 Ack=4295358 Win=2056 Len=0"
"8569","75.820413","ab.chatgpt.com","FioImma.local","TCP","1514","443  >  54679 [ACK] Seq=4295358 Ack=290706 Win=64 Len=1460 [TCP PDU reassembled in 8571]"
"8570","75.820490","FioImma.local","ab.chatgpt.com","TCP","54","54679  >  443 [ACK] Seq=290706 Ack=4296818 Win=2056 Len=0"
"8571","75.821629","ab.chatgpt.com","FioImma.local","TLSv1.2","652","Application Data"
"8572","75.824900","ab.chatgpt.com","FioImma.local","TCP","1514","443  >  54679 [ACK] Seq=4297416 Ack=290706 Win=64 Len=1460 [TCP PDU reassembled in 8573]"
"8573","75.824900","ab.chatgpt.com","FioImma.local","TLSv1.2","652","Application Data"
"8574","75.824969","FioImma.local","ab.chatgpt.com","TCP","54","54679  >  443 [ACK] Seq=290706 Ack=4299474 Win=2056 Len=0"
"8575","75.830300","ab.chatgpt.com","FioImma.local","TCP","1514","443  >  54679 [ACK] Seq=4299474 Ack=290706 Win=64 Len=1460 [TCP PDU reassembled in 8576]"
"8576","75.830300","ab.chatgpt.com","FioImma.local","TLSv1.2","652","Application Data"
"8577","75.830382","FioImma.local","ab.chatgpt.com","TCP","54","54679  >  443 [ACK] Seq=290706 Ack=4301532 Win=2056 Len=0"
"8578","75.878498","ab.chatgpt.com","FioImma.local","TCP","1514","443  >  54679 [ACK] Seq=4301532 Ack=290706 Win=64 Len=1460 [TCP PDU reassembled in 8579]"
"8579","75.878498","ab.chatgpt.com","FioImma.local","TLSv1.2","652","Application Data"
"8580","75.878598","FioImma.local","ab.chatgpt.com","TCP","54","54679  >  443 [ACK] Seq=290706 Ack=4303590 Win=2056 Len=0"
"8581","75.889656","ab.chatgpt.com","FioImma.local","TCP","1514","443  >  54679 [ACK] Seq=4303590 Ack=290706 Win=64 Len=1460 [TCP PDU reassembled in 8582]"
"8582","75.889656","ab.chatgpt.com","FioImma.local","TLSv1.2","652","Application Data"
"8583","75.889754","FioImma.local","ab.chatgpt.com","TCP","54","54679  >  443 [ACK] Seq=290706 Ack=4305648 Win=2056 Len=0"
"8584","75.895967","FioImma.local","www.google.com","TCP","55","[TCP Keep-Alive] 54801  >  443 [ACK] Seq=4437 Ack=49205 Win=131072 Len=1"
"8585","75.897074","ab.chatgpt.com","FioImma.local","TCP","1514","443  >  54679 [ACK] Seq=4305648 Ack=290706 Win=64 Len=1460 [TCP PDU reassembled in 8586]"
"8586","75.897074","ab.chatgpt.com","FioImma.local","TLSv1.2","684","Application Data"
"8587","75.897148","FioImma.local","ab.chatgpt.com","TCP","54","54679  >  443 [ACK] Seq=290706 Ack=4307738 Win=2056 Len=0"
"8588","75.898051","ab.chatgpt.com","FioImma.local","TCP","1514","443  >  54679 [ACK] Seq=4307738 Ack=290706 Win=64 Len=1460 [TCP PDU reassembled in 8589]"
"8589","75.899685","ab.chatgpt.com","FioImma.local","TLSv1.2","684","Application Data"
"8590","75.899751","FioImma.local","ab.chatgpt.com","TCP","54","54679  >  443 [ACK] Seq=290706 Ack=4309828 Win=2056 Len=0"
"8591","75.903907","ab.chatgpt.com","FioImma.local","TCP","1514","443  >  54679 [ACK] Seq=4309828 Ack=290706 Win=64 Len=1460 [TCP PDU reassembled in 8592]"
"8592","75.903907","ab.chatgpt.com","FioImma.local","TLSv1.2","684","Application Data"
"8593","75.903971","FioImma.local","ab.chatgpt.com","TCP","54","54679  >  443 [ACK] Seq=290706 Ack=4311918 Win=2056 Len=0"
"8594","75.904928","www.google.com","FioImma.local","TCP","66","[TCP Keep-Alive ACK] 443  >  54801 [ACK] Seq=49205 Ack=4438 Win=79872 Len=0 SLE=4437 SRE=4438"
"8595","75.926559","ab.chatgpt.com","FioImma.local","TCP","1514","443  >  54679 [ACK] Seq=4311918 Ack=290706 Win=64 Len=1460 [TCP PDU reassembled in 8596]"
"8596","75.926559","ab.chatgpt.com","FioImma.local","TLSv1.2","684","Application Data"
"8597","75.926657","FioImma.local","ab.chatgpt.com","TCP","54","54679  >  443 [ACK] Seq=290706 Ack=4314008 Win=2056 Len=0"
"8598","75.933939","ab.chatgpt.com","FioImma.local","TCP","1514","443  >  54679 [ACK] Seq=4314008 Ack=290706 Win=64 Len=1460 [TCP PDU reassembled in 8599]"
"8599","75.933939","ab.chatgpt.com","FioImma.local","TLSv1.2","684","Application Data"
"8600","75.934017","FioImma.local","ab.chatgpt.com","TCP","54","54679  >  443 [ACK] Seq=290706 Ack=4316098 Win=2056 Len=0"
"8601","75.936317","ab.chatgpt.com","FioImma.local","TCP","1514","443  >  54679 [ACK] Seq=4316098 Ack=290706 Win=64 Len=1460 [TCP PDU reassembled in 8602]"
"8602","75.936317","ab.chatgpt.com","FioImma.local","TLSv1.2","684","Application Data"
"8603","75.936385","FioImma.local","ab.chatgpt.com","TCP","54","54679  >  443 [ACK] Seq=290706 Ack=4318188 Win=2056 Len=0"
"8604","75.939499","ab.chatgpt.com","FioImma.local","TCP","1514","443  >  54679 [ACK] Seq=4318188 Ack=290706 Win=64 Len=1460 [TCP PDU reassembled in 8605]"
"8605","75.939499","ab.chatgpt.com","FioImma.local","TLSv1.2","684","Application Data"
"8606","75.939499","ab.chatgpt.com","FioImma.local","TCP","1514","443  >  54679 [ACK] Seq=4320278 Ack=290706 Win=64 Len=1460 [TCP PDU reassembled in 8607]"
"8607","75.939499","ab.chatgpt.com","FioImma.local","TLSv1.2","684","Application Data"
"8608","75.939567","FioImma.local","ab.chatgpt.com","TCP","54","54679  >  443 [ACK] Seq=290706 Ack=4322368 Win=2056 Len=0"
"8609","75.944177","ab.chatgpt.com","FioImma.local","TCP","1514","443  >  54679 [ACK] Seq=4322368 Ack=290706 Win=64 Len=1460 [TCP PDU reassembled in 8610]"
"8610","75.945742","ab.chatgpt.com","FioImma.local","TLSv1.2","673","Application Data"
"8611","75.945807","FioImma.local","ab.chatgpt.com","TCP","54","54679  >  443 [ACK] Seq=290706 Ack=4324447 Win=2056 Len=0"
"8612","75.947798","ab.chatgpt.com","FioImma.local","TCP","1514","443  >  54679 [ACK] Seq=4324447 Ack=290706 Win=64 Len=1460 [TCP PDU reassembled in 8613]"
"8613","75.947798","ab.chatgpt.com","FioImma.local","TLSv1.2","716","Application Data"
"8614","75.947874","FioImma.local","ab.chatgpt.com","TCP","54","54679  >  443 [ACK] Seq=290706 Ack=4326569 Win=2056 Len=0"
"8615","75.950069","ab.chatgpt.com","FioImma.local","TCP","1514","443  >  54679 [ACK] Seq=4326569 Ack=290706 Win=64 Len=1460 [TCP PDU reassembled in 8616]"
"8616","75.950069","ab.chatgpt.com","FioImma.local","TLSv1.2","716","Application Data"
"8617","75.950125","FioImma.local","ab.chatgpt.com","TCP","54","54679  >  443 [ACK] Seq=290706 Ack=4328691 Win=2056 Len=0"
"8618","75.961801","ab.chatgpt.com","FioImma.local","TCP","1514","443  >  54679 [ACK] Seq=4328691 Ack=290706 Win=64 Len=1460 [TCP PDU reassembled in 8619]"
"8619","75.961801","ab.chatgpt.com","FioImma.local","TLSv1.2","716","Application Data"
"8620","75.961942","FioImma.local","ab.chatgpt.com","TCP","54","54679  >  443 [ACK] Seq=290706 Ack=4330813 Win=2056 Len=0"
"8621","75.978553","ab.chatgpt.com","FioImma.local","TCP","1514","443  >  54679 [ACK] Seq=4330813 Ack=290706 Win=64 Len=1460 [TCP PDU reassembled in 8622]"
"8622","75.978553","ab.chatgpt.com","FioImma.local","TLSv1.2","716","Application Data"
"8623","75.978615","FioImma.local","ab.chatgpt.com","TCP","54","54679  >  443 [ACK] Seq=290706 Ack=4332935 Win=2056 Len=0"
"8624","76.007928","ab.chatgpt.com","FioImma.local","TCP","1514","443  >  54679 [ACK] Seq=4332935 Ack=290706 Win=64 Len=1460 [TCP PDU reassembled in 8625]"
"8625","76.007928","ab.chatgpt.com","FioImma.local","TLSv1.2","716","Application Data"
"8626","76.008017","FioImma.local","ab.chatgpt.com","TCP","54","54679  >  443 [ACK] Seq=290706 Ack=4335057 Win=2056 Len=0"
"8627","76.022971","ab.chatgpt.com","FioImma.local","TCP","1514","443  >  54679 [ACK] Seq=4335057 Ack=290706 Win=64 Len=1460 [TCP PDU reassembled in 8628]"
"8628","76.024684","ab.chatgpt.com","FioImma.local","TLSv1.2","748","Application Data"
"8629","76.024684","ab.chatgpt.com","FioImma.local","TCP","1514","443  >  54679 [ACK] Seq=4337211 Ack=290706 Win=64 Len=1460 [TCP PDU reassembled in 8630]"
"8630","76.024684","ab.chatgpt.com","FioImma.local","TLSv1.2","748","Application Data"
"8631","76.024755","FioImma.local","ab.chatgpt.com","TCP","54","54679  >  443 [ACK] Seq=290706 Ack=4339365 Win=2056 Len=0"
"8632","76.027963","ab.chatgpt.com","FioImma.local","TCP","1514","443  >  54679 [ACK] Seq=4339365 Ack=290706 Win=64 Len=1460 [TCP PDU reassembled in 8633]"
"8633","76.027963","ab.chatgpt.com","FioImma.local","TLSv1.2","748","Application Data"
"8634","76.028006","FioImma.local","ab.chatgpt.com","TCP","54","54679  >  443 [ACK] Seq=290706 Ack=4341519 Win=2056 Len=0"
"8635","76.032583","ab.chatgpt.com","FioImma.local","TCP","1514","443  >  54679 [ACK] Seq=4341519 Ack=290706 Win=64 Len=1460 [TCP PDU reassembled in 8636]"
"8636","76.032804","ab.chatgpt.com","FioImma.local","TLSv1.2","748","Application Data"
"8637","76.032851","FioImma.local","ab.chatgpt.com","TCP","54","54679  >  443 [ACK] Seq=290706 Ack=4343673 Win=2056 Len=0"
"8638","76.036753","ab.chatgpt.com","FioImma.local","TCP","1514","443  >  54679 [ACK] Seq=4343673 Ack=290706 Win=64 Len=1460 [TCP PDU reassembled in 8639]"
"8639","76.036753","ab.chatgpt.com","FioImma.local","TLSv1.2","748","Application Data"
"8640","76.036753","ab.chatgpt.com","FioImma.local","TCP","1514","443  >  54679 [ACK] Seq=4345827 Ack=290706 Win=64 Len=1460 [TCP PDU reassembled in 8641]"
"8641","76.036753","ab.chatgpt.com","FioImma.local","TLSv1.2","748","Application Data"
"8642","76.036804","FioImma.local","ab.chatgpt.com","TCP","54","54679  >  443 [ACK] Seq=290706 Ack=4347981 Win=2056 Len=0"
"8643","76.049524","ab.chatgpt.com","FioImma.local","TCP","1514","443  >  54679 [ACK] Seq=4347981 Ack=290706 Win=64 Len=1460 [TCP PDU reassembled in 8644]"
"8644","76.050681","ab.chatgpt.com","FioImma.local","TLSv1.2","737","Application Data"
"8645","76.050706","FioImma.local","ab.chatgpt.com","TCP","54","54679  >  443 [ACK] Seq=290706 Ack=4350124 Win=2056 Len=0"
"8646","76.058205","ab.chatgpt.com","FioImma.local","TCP","1514","443  >  54679 [ACK] Seq=4350124 Ack=290706 Win=64 Len=1460 [TCP PDU reassembled in 8647]"
"8647","76.058205","ab.chatgpt.com","FioImma.local","TLSv1.2","780","Application Data"
"8648","76.058283","FioImma.local","ab.chatgpt.com","TCP","54","54679  >  443 [ACK] Seq=290706 Ack=4352310 Win=2056 Len=0"
"8649","76.068907","ab.chatgpt.com","FioImma.local","TCP","1514","443  >  54679 [ACK] Seq=4352310 Ack=290706 Win=64 Len=1460 [TCP PDU reassembled in 8650]"
"8650","76.068907","ab.chatgpt.com","FioImma.local","TLSv1.2","780","Application Data"
"8651","76.069002","FioImma.local","ab.chatgpt.com","TCP","54","54679  >  443 [ACK] Seq=290706 Ack=4354496 Win=2056 Len=0"
"8652","76.078118","ab.chatgpt.com","FioImma.local","TCP","1514","443  >  54679 [ACK] Seq=4354496 Ack=290706 Win=64 Len=1460 [TCP PDU reassembled in 8653]"
"8653","76.078118","ab.chatgpt.com","FioImma.local","TLSv1.2","780","Application Data"
"8654","76.078195","FioImma.local","ab.chatgpt.com","TCP","54","54679  >  443 [ACK] Seq=290706 Ack=4356682 Win=2056 Len=0"
"8655","76.109535","ab.chatgpt.com","FioImma.local","TCP","1514","443  >  54679 [ACK] Seq=4356682 Ack=290706 Win=64 Len=1460 [TCP PDU reassembled in 8656]"
"8656","76.109535","ab.chatgpt.com","FioImma.local","TLSv1.2","780","Application Data"
"8657","76.109591","FioImma.local","ab.chatgpt.com","TCP","54","54679  >  443 [ACK] Seq=290706 Ack=4358868 Win=2056 Len=0"
"8658","76.121576","ab.chatgpt.com","FioImma.local","TCP","1514","443  >  54679 [ACK] Seq=4358868 Ack=290706 Win=64 Len=1460 [TCP PDU reassembled in 8659]"
"8659","76.121576","ab.chatgpt.com","FioImma.local","TLSv1.2","780","Application Data"
"8660","76.121655","FioImma.local","ab.chatgpt.com","TCP","54","54679  >  443 [ACK] Seq=290706 Ack=4361054 Win=2056 Len=0"
"8661","76.122840","ab.chatgpt.com","FioImma.local","TCP","1514","443  >  54679 [ACK] Seq=4361054 Ack=290706 Win=64 Len=1460 [TCP PDU reassembled in 8662]"
"8662","76.124772","ab.chatgpt.com","FioImma.local","TLSv1.2","812","Application Data"
"8663","76.124851","FioImma.local","ab.chatgpt.com","TCP","54","54679  >  443 [ACK] Seq=290706 Ack=4363272 Win=2056 Len=0"
"8664","76.125912","FioImma.local","ogads-pa.clients6.google.com","TCP","55","[TCP Keep-Alive] 54802  >  443 [ACK] Seq=4849 Ack=3709 Win=131072 Len=1"
"8665","76.131283","ab.chatgpt.com","FioImma.local","TCP","1514","443  >  54679 [ACK] Seq=4363272 Ack=290706 Win=64 Len=1460 [TCP PDU reassembled in 8666]"
"8666","76.131283","ab.chatgpt.com","FioImma.local","TLSv1.2","812","Application Data"
"8667","76.131336","FioImma.local","ab.chatgpt.com","TCP","54","54679  >  443 [ACK] Seq=290706 Ack=4365490 Win=2056 Len=0"
"8668","76.135319","ogads-pa.clients6.google.com","FioImma.local","TCP","66","[TCP Keep-Alive ACK] 443  >  54802 [ACK] Seq=3709 Ack=4850 Win=77056 Len=0 SLE=4849 SRE=4850"
"8669","76.141763","ab.chatgpt.com","FioImma.local","TCP","1514","443  >  54679 [ACK] Seq=4365490 Ack=290706 Win=64 Len=1460 [TCP PDU reassembled in 8670]"
"8670","76.141763","ab.chatgpt.com","FioImma.local","TLSv1.2","812","Application Data"
"8671","76.141847","FioImma.local","ab.chatgpt.com","TCP","54","54679  >  443 [ACK] Seq=290706 Ack=4367708 Win=2056 Len=0"
"8672","76.147039","ab.chatgpt.com","FioImma.local","TCP","1514","443  >  54679 [ACK] Seq=4367708 Ack=290706 Win=64 Len=1460 [TCP PDU reassembled in 8673]"
"8673","76.147039","ab.chatgpt.com","FioImma.local","TLSv1.2","812","Application Data"
"8674","76.147039","ab.chatgpt.com","FioImma.local","TCP","1514","443  >  54679 [ACK] Seq=4369926 Ack=290706 Win=64 Len=1460 [TCP PDU reassembled in 8675]"
"8675","76.147039","ab.chatgpt.com","FioImma.local","TLSv1.2","844","Application Data"
"8676","76.147130","FioImma.local","ab.chatgpt.com","TCP","54","54679  >  443 [ACK] Seq=290706 Ack=4372176 Win=2056 Len=0"
"8677","76.157484","ab.chatgpt.com","FioImma.local","TCP","1514","443  >  54679 [ACK] Seq=4372176 Ack=290706 Win=64 Len=1460 [TCP PDU reassembled in 8678]"
"8678","76.157484","ab.chatgpt.com","FioImma.local","TLSv1.2","844","Application Data"
"8679","76.157556","FioImma.local","ab.chatgpt.com","TCP","54","54679  >  443 [ACK] Seq=290706 Ack=4374426 Win=2056 Len=0"
"8680","76.168030","ab.chatgpt.com","FioImma.local","TCP","1514","443  >  54679 [ACK] Seq=4374426 Ack=290706 Win=64 Len=1460 [TCP PDU reassembled in 8681]"
"8681","76.170671","ab.chatgpt.com","FioImma.local","TLSv1.2","844","Application Data"
"8682","76.170727","FioImma.local","ab.chatgpt.com","TCP","54","54679  >  443 [ACK] Seq=290706 Ack=4376676 Win=2056 Len=0"
"8683","76.202301","ab.chatgpt.com","FioImma.local","TCP","1514","443  >  54679 [ACK] Seq=4376676 Ack=290706 Win=64 Len=1460 [TCP PDU reassembled in 8684]"
"8684","76.202301","ab.chatgpt.com","FioImma.local","TLSv1.2","844","Application Data"
"8685","76.202398","FioImma.local","ab.chatgpt.com","TCP","54","54679  >  443 [ACK] Seq=290706 Ack=4378926 Win=2056 Len=0"
"8686","76.209236","ab.chatgpt.com","FioImma.local","TCP","1514","443  >  54679 [ACK] Seq=4378926 Ack=290706 Win=64 Len=1460 [TCP PDU reassembled in 8687]"
"8687","76.209236","ab.chatgpt.com","FioImma.local","TLSv1.2","844","Application Data"
"8688","76.209339","FioImma.local","ab.chatgpt.com","TCP","54","54679  >  443 [ACK] Seq=290706 Ack=4381176 Win=2056 Len=0"
"8689","76.223950","ab.chatgpt.com","FioImma.local","TCP","1514","443  >  54679 [ACK] Seq=4381176 Ack=290706 Win=64 Len=1460 [TCP PDU reassembled in 8690]"
"8690","76.223950","ab.chatgpt.com","FioImma.local","TLSv1.2","844","Application Data"
"8691","76.224014","FioImma.local","ab.chatgpt.com","TCP","54","54679  >  443 [ACK] Seq=290706 Ack=4383426 Win=2056 Len=0"
"8692","76.235652","ab.chatgpt.com","FioImma.local","TCP","1514","443  >  54679 [ACK] Seq=4383426 Ack=290706 Win=64 Len=1460 [TCP PDU reassembled in 8693]"
"8693","76.235652","ab.chatgpt.com","FioImma.local","TLSv1.2","876","Application Data"
"8694","76.235732","FioImma.local","ab.chatgpt.com","TCP","54","54679  >  443 [ACK] Seq=290706 Ack=4385708 Win=2056 Len=0"
"8695","76.245316","ab.chatgpt.com","FioImma.local","TCP","1514","443  >  54679 [ACK] Seq=4385708 Ack=290706 Win=64 Len=1460 [TCP PDU reassembled in 8696]"
"8696","76.245316","ab.chatgpt.com","FioImma.local","TLSv1.2","876","Application Data"
"8697","76.245402","FioImma.local","ab.chatgpt.com","TCP","54","54679  >  443 [ACK] Seq=290706 Ack=4387990 Win=2056 Len=0"
"8698","76.252023","ab.chatgpt.com","FioImma.local","TCP","1514","443  >  54679 [ACK] Seq=4387990 Ack=290706 Win=64 Len=1460 [TCP PDU reassembled in 8699]"
"8699","76.253031","ab.chatgpt.com","FioImma.local","TLSv1.2","876","Application Data"
"8700","76.253066","FioImma.local","ab.chatgpt.com","TCP","54","54679  >  443 [ACK] Seq=290706 Ack=4390272 Win=2056 Len=0"
"8701","76.264492","ab.chatgpt.com","FioImma.local","TCP","1514","443  >  54679 [ACK] Seq=4390272 Ack=290706 Win=64 Len=1460 [TCP PDU reassembled in 8702]"
"8702","76.264492","ab.chatgpt.com","FioImma.local","TLSv1.2","876","Application Data"
"8703","76.264596","FioImma.local","ab.chatgpt.com","TCP","54","54679  >  443 [ACK] Seq=290706 Ack=4392554 Win=2056 Len=0"
"8704","76.275593","ab.chatgpt.com","FioImma.local","TCP","1514","443  >  54679 [ACK] Seq=4392554 Ack=290706 Win=64 Len=1460 [TCP PDU reassembled in 8705]"
"8705","76.275593","ab.chatgpt.com","FioImma.local","TLSv1.2","908","Application Data"
"8706","76.275679","FioImma.local","ab.chatgpt.com","TCP","54","54679  >  443 [ACK] Seq=290706 Ack=4394868 Win=2056 Len=0"
"8707","76.285766","ab.chatgpt.com","FioImma.local","TCP","1514","443  >  54679 [ACK] Seq=4394868 Ack=290706 Win=64 Len=1460 [TCP PDU reassembled in 8708]"
"8708","76.285766","ab.chatgpt.com","FioImma.local","TLSv1.2","908","Application Data"
"8709","76.285857","FioImma.local","ab.chatgpt.com","TCP","54","54679  >  443 [ACK] Seq=290706 Ack=4397182 Win=2056 Len=0"
"8710","76.294856","ab.chatgpt.com","FioImma.local","TCP","1514","443  >  54679 [ACK] Seq=4397182 Ack=290706 Win=64 Len=1460 [TCP PDU reassembled in 8711]"
"8711","76.294856","ab.chatgpt.com","FioImma.local","TLSv1.2","908","Application Data"
"8712","76.294955","FioImma.local","ab.chatgpt.com","TCP","54","54679  >  443 [ACK] Seq=290706 Ack=4399496 Win=2056 Len=0"
"8713","76.308450","ab.chatgpt.com","FioImma.local","TCP","1514","443  >  54679 [ACK] Seq=4399496 Ack=290706 Win=64 Len=1460 [TCP PDU reassembled in 8714]"
"8714","76.308450","ab.chatgpt.com","FioImma.local","TLSv1.2","908","Application Data"
"8715","76.308535","FioImma.local","ab.chatgpt.com","TCP","54","54679  >  443 [ACK] Seq=290706 Ack=4401810 Win=2056 Len=0"
"8716","76.317421","ab.chatgpt.com","FioImma.local","TCP","1514","443  >  54679 [ACK] Seq=4401810 Ack=290706 Win=64 Len=1460 [TCP PDU reassembled in 8717]"
"8717","76.317720","ab.chatgpt.com","FioImma.local","TLSv1.2","908","Application Data"
"8718","76.317777","FioImma.local","ab.chatgpt.com","TCP","54","54679  >  443 [ACK] Seq=290706 Ack=4404124 Win=2056 Len=0"
"8719","76.328018","ab.chatgpt.com","FioImma.local","TCP","1514","443  >  54679 [ACK] Seq=4404124 Ack=290706 Win=64 Len=1460 [TCP PDU reassembled in 8720]"
"8720","76.328018","ab.chatgpt.com","FioImma.local","TLSv1.2","908","Application Data"
"8721","76.328111","FioImma.local","ab.chatgpt.com","TCP","54","54679  >  443 [ACK] Seq=290706 Ack=4406438 Win=2056 Len=0"
"8722","76.337434","ab.chatgpt.com","FioImma.local","TCP","1514","443  >  54679 [ACK] Seq=4406438 Ack=290706 Win=64 Len=1460 [TCP PDU reassembled in 8723]"
"8723","76.337434","ab.chatgpt.com","FioImma.local","TLSv1.2","940","Application Data"
"8724","76.337502","FioImma.local","ab.chatgpt.com","TCP","54","54679  >  443 [ACK] Seq=290706 Ack=4408784 Win=2056 Len=0"
"8725","76.351159","ab.chatgpt.com","FioImma.local","TCP","1514","443  >  54679 [ACK] Seq=4408784 Ack=290706 Win=64 Len=1460 [TCP PDU reassembled in 8726]"
"8726","76.351159","ab.chatgpt.com","FioImma.local","TLSv1.2","940","Application Data"
"8727","76.351233","FioImma.local","ab.chatgpt.com","TCP","54","54679  >  443 [ACK] Seq=290706 Ack=4411130 Win=2056 Len=0"
"8728","76.357340","ab.chatgpt.com","FioImma.local","TCP","1514","443  >  54679 [ACK] Seq=4411130 Ack=290706 Win=64 Len=1460 [TCP PDU reassembled in 8729]"
"8729","76.357340","ab.chatgpt.com","FioImma.local","TLSv1.2","940","Application Data"
"8730","76.357400","FioImma.local","ab.chatgpt.com","TCP","54","54679  >  443 [ACK] Seq=290706 Ack=4413476 Win=2056 Len=0"
"8731","76.369817","ab.chatgpt.com","FioImma.local","TCP","1514","443  >  54679 [ACK] Seq=4413476 Ack=290706 Win=64 Len=1460 [TCP PDU reassembled in 8732]"
"8732","76.369817","ab.chatgpt.com","FioImma.local","TLSv1.2","940","Application Data"
"8733","76.369876","FioImma.local","ab.chatgpt.com","TCP","54","54679  >  443 [ACK] Seq=290706 Ack=4415822 Win=2056 Len=0"
"8734","76.378519","ab.chatgpt.com","FioImma.local","TCP","1514","443  >  54679 [ACK] Seq=4415822 Ack=290706 Win=64 Len=1460 [TCP PDU reassembled in 8735]"
"8735","76.380270","ab.chatgpt.com","FioImma.local","TLSv1.2","940","Application Data"
"8736","76.380302","FioImma.local","ab.chatgpt.com","TCP","54","54679  >  443 [ACK] Seq=290706 Ack=4418168 Win=2056 Len=0"
"8737","76.393893","ab.chatgpt.com","FioImma.local","TCP","1514","443  >  54679 [ACK] Seq=4418168 Ack=290706 Win=64 Len=1460 [TCP PDU reassembled in 8738]"
"8738","76.393893","ab.chatgpt.com","FioImma.local","TLSv1.2","972","Application Data"
"8739","76.393944","FioImma.local","ab.chatgpt.com","TCP","54","54679  >  443 [ACK] Seq=290706 Ack=4420546 Win=2056 Len=0"
"8740","76.400262","ab.chatgpt.com","FioImma.local","TCP","1514","443  >  54679 [ACK] Seq=4420546 Ack=290706 Win=64 Len=1460 [TCP PDU reassembled in 8741]"
"8741","76.400262","ab.chatgpt.com","FioImma.local","TLSv1.2","972","Application Data"
"8742","76.400318","FioImma.local","ab.chatgpt.com","TCP","54","54679  >  443 [ACK] Seq=290706 Ack=4422924 Win=2056 Len=0"
"8743","76.413048","ab.chatgpt.com","FioImma.local","TCP","1514","443  >  54679 [ACK] Seq=4422924 Ack=290706 Win=64 Len=1460 [TCP PDU reassembled in 8744]"
"8744","76.413048","ab.chatgpt.com","FioImma.local","TLSv1.2","972","Application Data"
"8745","76.413108","FioImma.local","ab.chatgpt.com","TCP","54","54679  >  443 [ACK] Seq=290706 Ack=4425302 Win=2056 Len=0"
"8746","76.420335","ab.chatgpt.com","FioImma.local","TCP","1514","443  >  54679 [ACK] Seq=4425302 Ack=290706 Win=64 Len=1460 [TCP PDU reassembled in 8747]"
"8747","76.420335","ab.chatgpt.com","FioImma.local","TLSv1.2","972","Application Data"
"8748","76.420405","FioImma.local","ab.chatgpt.com","TCP","54","54679  >  443 [ACK] Seq=290706 Ack=4427680 Win=2056 Len=0"
"8749","76.434931","ab.chatgpt.com","FioImma.local","TCP","1514","443  >  54679 [ACK] Seq=4427680 Ack=290706 Win=64 Len=1460 [TCP PDU reassembled in 8750]"
"8750","76.434931","ab.chatgpt.com","FioImma.local","TLSv1.2","972","Application Data"
"8751","76.435006","FioImma.local","ab.chatgpt.com","TCP","54","54679  >  443 [ACK] Seq=290706 Ack=4430058 Win=2056 Len=0"
"8752","76.471887","ab.chatgpt.com","FioImma.local","TCP","1514","443  >  54679 [ACK] Seq=4430058 Ack=290706 Win=64 Len=1460 [TCP PDU reassembled in 8753]"
"8753","76.473023","ab.chatgpt.com","FioImma.local","TLSv1.2","961","Application Data"
"8754","76.473069","FioImma.local","ab.chatgpt.com","TCP","54","54679  >  443 [ACK] Seq=290706 Ack=4432425 Win=2056 Len=0"
"8755","76.520492","ab.chatgpt.com","FioImma.local","TCP","1514","443  >  54679 [ACK] Seq=4432425 Ack=290706 Win=64 Len=1460 [TCP PDU reassembled in 8756]"
"8756","76.520492","ab.chatgpt.com","FioImma.local","TLSv1.2","1004","Application Data"
"8757","76.520578","FioImma.local","ab.chatgpt.com","TCP","54","54679  >  443 [ACK] Seq=290706 Ack=4434835 Win=2056 Len=0"
"8758","76.545956","ab.chatgpt.com","FioImma.local","TCP","1514","443  >  54679 [ACK] Seq=4434835 Ack=290706 Win=64 Len=1460 [TCP PDU reassembled in 8759]"
"8759","76.545956","ab.chatgpt.com","FioImma.local","TLSv1.2","1004","Application Data"
"8760","76.546061","FioImma.local","ab.chatgpt.com","TCP","54","54679  >  443 [ACK] Seq=290706 Ack=4437245 Win=2056 Len=0"
"8761","76.562762","ab.chatgpt.com","FioImma.local","TCP","1514","443  >  54679 [ACK] Seq=4437245 Ack=290706 Win=64 Len=1460 [TCP PDU reassembled in 8762]"
"8762","76.562762","ab.chatgpt.com","FioImma.local","TLSv1.2","1004","Application Data"
"8763","76.562830","FioImma.local","ab.chatgpt.com","TCP","54","54679  >  443 [ACK] Seq=290706 Ack=4439655 Win=2056 Len=0"
"8764","76.578449","ab.chatgpt.com","FioImma.local","TCP","1514","443  >  54679 [ACK] Seq=4439655 Ack=290706 Win=64 Len=1460 [TCP PDU reassembled in 8765]"
"8765","76.578449","ab.chatgpt.com","FioImma.local","TLSv1.2","1004","Application Data"
"8766","76.578449","ab.chatgpt.com","FioImma.local","TCP","1514","443  >  54679 [ACK] Seq=4442065 Ack=290706 Win=64 Len=1460 [TCP PDU reassembled in 8767]"
"8767","76.578449","ab.chatgpt.com","FioImma.local","TLSv1.2","1004","Application Data"
"8768","76.578537","FioImma.local","ab.chatgpt.com","TCP","54","54679  >  443 [ACK] Seq=290706 Ack=4444475 Win=2056 Len=0"
"8769","76.584836","ab.chatgpt.com","FioImma.local","TCP","1514","443  >  54679 [ACK] Seq=4444475 Ack=290706 Win=64 Len=1460 [TCP PDU reassembled in 8770]"
"8770","76.587293","ab.chatgpt.com","FioImma.local","TLSv1.2","1036","Application Data"
"8771","76.587353","FioImma.local","ab.chatgpt.com","TCP","54","54679  >  443 [ACK] Seq=290706 Ack=4446917 Win=2056 Len=0"
"8772","76.596696","FioImma.local","maa03s41-in-f14.1e100.net","TCP","1466","54642  >  443 [ACK] Seq=93970 Ack=109368 Win=512 Len=1412 [TCP PDU reassembled in 8774]"
"8773","76.596696","FioImma.local","maa03s41-in-f14.1e100.net","TCP","1466","54642  >  443 [ACK] Seq=95382 Ack=109368 Win=512 Len=1412 [TCP PDU reassembled in 8774]"
"8774","76.596696","FioImma.local","maa03s41-in-f14.1e100.net","TLSv1.2","1239","Application Data"
"8775","76.596856","FioImma.local","maa03s41-in-f14.1e100.net","TLSv1.2","311","Application Data"
"8776","76.608849","maa03s41-in-f14.1e100.net","FioImma.local","TCP","60","443  >  54642 [ACK] Seq=109368 Ack=95382 Win=2048 Len=0"
"8777","76.608849","maa03s41-in-f14.1e100.net","FioImma.local","TCP","60","443  >  54642 [ACK] Seq=109368 Ack=96794 Win=2048 Len=0"
"8778","76.608849","maa03s41-in-f14.1e100.net","FioImma.local","TCP","60","443  >  54642 [ACK] Seq=109368 Ack=97979 Win=2048 Len=0"
"8779","76.608849","maa03s41-in-f14.1e100.net","FioImma.local","TCP","60","443  >  54642 [ACK] Seq=109368 Ack=98236 Win=2048 Len=0"
"8780","76.613132","ab.chatgpt.com","FioImma.local","TCP","1514","443  >  54679 [ACK] Seq=4446917 Ack=290706 Win=64 Len=1460 [TCP PDU reassembled in 8781]"
"8781","76.613132","ab.chatgpt.com","FioImma.local","TLSv1.2","1036","Application Data"
"8782","76.613216","FioImma.local","ab.chatgpt.com","TCP","54","54679  >  443 [ACK] Seq=290706 Ack=4449359 Win=2056 Len=0"
"8783","76.618497","ab.chatgpt.com","FioImma.local","TCP","1514","443  >  54679 [ACK] Seq=4449359 Ack=290706 Win=64 Len=1460 [TCP PDU reassembled in 8784]"
"8784","76.618497","ab.chatgpt.com","FioImma.local","TLSv1.2","1036","Application Data"
"8785","76.618497","ab.chatgpt.com","FioImma.local","TCP","1514","443  >  54679 [ACK] Seq=4451801 Ack=290706 Win=64 Len=1460 [TCP PDU reassembled in 8786]"
"8786","76.618497","ab.chatgpt.com","FioImma.local","TLSv1.2","1036","Application Data"
"8787","76.618583","FioImma.local","ab.chatgpt.com","TCP","54","54679  >  443 [ACK] Seq=290706 Ack=4454243 Win=2056 Len=0"
"8788","76.620694","ab.chatgpt.com","FioImma.local","TCP","1514","443  >  54679 [ACK] Seq=4454243 Ack=290706 Win=64 Len=1460 [TCP PDU reassembled in 8789]"
"8789","76.620694","ab.chatgpt.com","FioImma.local","TLSv1.2","1036","Application Data"
"8790","76.620694","ab.chatgpt.com","FioImma.local","TCP","1514","443  >  54679 [ACK] Seq=4456685 Ack=290706 Win=64 Len=1460 [TCP PDU reassembled in 8791]"
"8791","76.620694","ab.chatgpt.com","FioImma.local","TLSv1.2","1036","Application Data"
"8792","76.620784","FioImma.local","ab.chatgpt.com","TCP","54","54679  >  443 [ACK] Seq=290706 Ack=4459127 Win=2056 Len=0"
"8793","76.623599","FioImma.local","rr2.sn-o3o-itqz.googlevideo.com","TCP","1514","54867  >  443 [ACK] Seq=9447 Ack=1594312 Win=1051136 Len=1460 [TCP PDU reassembled in 8794]"
"8794","76.623599","FioImma.local","rr2.sn-o3o-itqz.googlevideo.com","TLSv1.3","556","Application Data"
"8795","76.623687","FioImma.local","rr2.sn-o3o-itqz.googlevideo.com","TCP","1514","54867  >  443 [ACK] Seq=11409 Ack=1594312 Win=1051136 Len=1460 [TCP PDU reassembled in 8796]"
"8796","76.623687","FioImma.local","rr2.sn-o3o-itqz.googlevideo.com","TLSv1.3","507","Application Data"
"8797","76.623700","ab.chatgpt.com","FioImma.local","TCP","1514","443  >  54679 [ACK] Seq=4459127 Ack=290706 Win=64 Len=1460 [TCP PDU reassembled in 8798]"
"8798","76.623700","ab.chatgpt.com","FioImma.local","TLSv1.2","1046","Application Data"
"8799","76.623772","FioImma.local","ab.chatgpt.com","TCP","54","54679  >  443 [ACK] Seq=290706 Ack=4461579 Win=2056 Len=0"
"8800","76.626233","ab.chatgpt.com","FioImma.local","TCP","1514","443  >  54679 [ACK] Seq=4461579 Ack=290706 Win=64 Len=1460 [TCP PDU reassembled in 8801]"
"8801","76.626233","ab.chatgpt.com","FioImma.local","TLSv1.2","1128","Application Data"
"8802","76.626281","FioImma.local","ab.chatgpt.com","TCP","54","54679  >  443 [ACK] Seq=290706 Ack=4464113 Win=2056 Len=0"
"8803","76.628405","ab.chatgpt.com","FioImma.local","TCP","1514","443  >  54679 [ACK] Seq=4464113 Ack=290706 Win=64 Len=1460 [TCP PDU reassembled in 8804]"
"8804","76.628405","ab.chatgpt.com","FioImma.local","TLSv1.2","1128","Application Data"
"8805","76.628471","FioImma.local","ab.chatgpt.com","TCP","54","54679  >  443 [ACK] Seq=290706 Ack=4466647 Win=2056 Len=0"
"8806","76.652260","rr2.sn-o3o-itqz.googlevideo.com","FioImma.local","TCP","60","443  >  54867 [ACK] Seq=1594312 Ack=11409 Win=100608 Len=0"
"8807","76.652260","rr2.sn-o3o-itqz.googlevideo.com","FioImma.local","TCP","60","443  >  54867 [ACK] Seq=1594312 Ack=13322 Win=106496 Len=0"
"8808","76.654319","maa03s41-in-f14.1e100.net","FioImma.local","TLSv1.2","135","Application Data"
"8809","76.654319","maa03s41-in-f14.1e100.net","FioImma.local","TLSv1.2","85","Application Data"
"8810","76.654319","rr2.sn-o3o-itqz.googlevideo.com","FioImma.local","TLSv1.3","1479","Application Data, Application Data, Application Data, Application Data, Application Data, Application Data, Application Data, Application Data, Application Data, Application Data, Application Data, Application Data, Application Data, Application Data, Application Data, Application Data"
"8811","76.654319","maa03s41-in-f14.1e100.net","FioImma.local","TLSv1.2","93","Application Data"
"8812","76.654319","rr2.sn-o3o-itqz.googlevideo.com","FioImma.local","TLSv1.3","11734","Application Data, Application Data, Application Data, Application Data, Application Data"
"8813","76.654419","FioImma.local","maa03s41-in-f14.1e100.net","TCP","54","54642  >  443 [ACK] Seq=98236 Ack=109519 Win=512 Len=0"
"8814","76.654456","FioImma.local","rr2.sn-o3o-itqz.googlevideo.com","TCP","54","54867  >  443 [ACK] Seq=13322 Ack=1607417 Win=1051136 Len=0"
"8815","76.654501","rr2.sn-o3o-itqz.googlevideo.com","FioImma.local","TCP","1514","443  >  54867 [ACK] Seq=1607417 Ack=13322 Win=106496 Len=1460 [TCP PDU reassembled in 8817]"
"8816","76.654518","FioImma.local","rr2.sn-o3o-itqz.googlevideo.com","TCP","54","54867  >  443 [ACK] Seq=13322 Ack=1608877 Win=1051136 Len=0"
"8817","76.654777","rr2.sn-o3o-itqz.googlevideo.com","FioImma.local","TLSv1.3","4434","Application Data"
"8818","76.654804","FioImma.local","rr2.sn-o3o-itqz.googlevideo.com","TCP","54","54867  >  443 [ACK] Seq=13322 Ack=1613257 Win=1051136 Len=0"
"8819","76.655533","rr2.sn-o3o-itqz.googlevideo.com","FioImma.local","TCP","8814","443  >  54867 [ACK] Seq=1613257 Ack=13322 Win=106496 Len=8760 [TCP PDU reassembled in 8821]"
"8820","76.655566","FioImma.local","rr2.sn-o3o-itqz.googlevideo.com","TCP","54","54867  >  443 [ACK] Seq=13322 Ack=1622017 Win=1051136 Len=0"
"8821","76.655632","rr2.sn-o3o-itqz.googlevideo.com","FioImma.local","TLSv1.3","8814","Application Data"
"8822","76.655660","FioImma.local","rr2.sn-o3o-itqz.googlevideo.com","TCP","54","54867  >  443 [ACK] Seq=13322 Ack=1630777 Win=1051136 Len=0"
"8823","76.655697","rr2.sn-o3o-itqz.googlevideo.com","FioImma.local","TCP","1514","443  >  54867 [ACK] Seq=1630777 Ack=13322 Win=106496 Len=1460 [TCP PDU reassembled in 8828]"
"8824","76.655711","FioImma.local","rr2.sn-o3o-itqz.googlevideo.com","TCP","54","54867  >  443 [ACK] Seq=13322 Ack=1632237 Win=1051136 Len=0"
"8825","76.656543","rr2.sn-o3o-itqz.googlevideo.com","FioImma.local","TCP","4434","443  >  54867 [PSH, ACK] Seq=1632237 Ack=13322 Win=106496 Len=4380 [TCP PDU reassembled in 8828]"
"8826","76.656602","FioImma.local","rr2.sn-o3o-itqz.googlevideo.com","TCP","54","54867  >  443 [ACK] Seq=13322 Ack=1636617 Win=1051136 Len=0"
"8827","76.656856","FioImma.local","maa03s41-in-f14.1e100.net","TLSv1.2","93","Application Data"
"8828","76.657457","rr2.sn-o3o-itqz.googlevideo.com","FioImma.local","TLSv1.3","8814","Application Data"
"8829","76.657519","FioImma.local","rr2.sn-o3o-itqz.googlevideo.com","TCP","54","54867  >  443 [ACK] Seq=13322 Ack=1645377 Win=1051136 Len=0"
"8830","76.657610","rr2.sn-o3o-itqz.googlevideo.com","FioImma.local","TCP","8814","443  >  54867 [ACK] Seq=1645377 Ack=13322 Win=106496 Len=8760 [TCP PDU reassembled in 8834]"
"8831","76.657656","FioImma.local","rr2.sn-o3o-itqz.googlevideo.com","TCP","54","54867  >  443 [ACK] Seq=13322 Ack=1654137 Win=1051136 Len=0"
"8832","76.657711","rr2.sn-o3o-itqz.googlevideo.com","FioImma.local","TCP","5894","443  >  54867 [ACK] Seq=1654137 Ack=13322 Win=106496 Len=5840 [TCP PDU reassembled in 8834]"
"8833","76.657734","FioImma.local","rr2.sn-o3o-itqz.googlevideo.com","TCP","54","54867  >  443 [ACK] Seq=13322 Ack=1659977 Win=1051136 Len=0"
"8834","76.658732","rr2.sn-o3o-itqz.googlevideo.com","FioImma.local","TLSv1.3","8814","Application Data"
"8835","76.658792","FioImma.local","rr2.sn-o3o-itqz.googlevideo.com","TCP","54","54867  >  443 [ACK] Seq=13322 Ack=1668737 Win=1051136 Len=0"
"8836","76.658915","rr2.sn-o3o-itqz.googlevideo.com","FioImma.local","TLSv1.3","14654","Application Data"
"8837","76.658960","FioImma.local","rr2.sn-o3o-itqz.googlevideo.com","TCP","54","54867  >  443 [ACK] Seq=13322 Ack=1683337 Win=1051136 Len=0"
"8838","76.662498","rr2.sn-o3o-itqz.googlevideo.com","FioImma.local","TLSv1.3","64294","Application Data, Application Data, Application Data, Application Data"
"8839","76.662498","rr2.sn-o3o-itqz.googlevideo.com","FioImma.local","TLSv1.3","24874","Application Data"
"8840","76.662663","FioImma.local","rr2.sn-o3o-itqz.googlevideo.com","TCP","54","54867  >  443 [ACK] Seq=13322 Ack=1772397 Win=1051136 Len=0"
"8841","76.662934","rr2.sn-o3o-itqz.googlevideo.com","FioImma.local","TLSv1.3","4434","Application Data"
"8842","76.662984","FioImma.local","rr2.sn-o3o-itqz.googlevideo.com","TCP","54","54867  >  443 [ACK] Seq=13322 Ack=1776777 Win=1051136 Len=0"
"8843","76.664758","rr2.sn-o3o-itqz.googlevideo.com","FioImma.local","TCP","8814","443  >  54867 [ACK] Seq=1776777 Ack=13322 Win=106496 Len=8760 [TCP PDU reassembled in 8847]"
"8844","76.664809","FioImma.local","rr2.sn-o3o-itqz.googlevideo.com","TCP","54","54867  >  443 [ACK] Seq=13322 Ack=1785537 Win=1051136 Len=0"
"8845","76.664939","rr2.sn-o3o-itqz.googlevideo.com","FioImma.local","TCP","4434","443  >  54867 [ACK] Seq=1785537 Ack=13322 Win=106496 Len=4380 [TCP PDU reassembled in 8847]"
"8846","76.664981","FioImma.local","rr2.sn-o3o-itqz.googlevideo.com","TCP","54","54867  >  443 [ACK] Seq=13322 Ack=1789917 Win=1051136 Len=0"
"8847","76.665462","rr2.sn-o3o-itqz.googlevideo.com","FioImma.local","TLSv1.3","4434","Application Data"
"8848","76.665480","FioImma.local","rr2.sn-o3o-itqz.googlevideo.com","TCP","54","54867  >  443 [ACK] Seq=13322 Ack=1794297 Win=1051136 Len=0"
"8849","76.666520","rr2.sn-o3o-itqz.googlevideo.com","FioImma.local","TCP","4434","443  >  54867 [ACK] Seq=1794297 Ack=13322 Win=106496 Len=4380 [TCP PDU reassembled in 8857]"
"8850","76.666541","FioImma.local","rr2.sn-o3o-itqz.googlevideo.com","TCP","54","54867  >  443 [ACK] Seq=13322 Ack=1798677 Win=1051136 Len=0"
"8851","76.667740","rr2.sn-o3o-itqz.googlevideo.com","FioImma.local","TCP","1514","443  >  54867 [PSH, ACK] Seq=1798677 Ack=13322 Win=106496 Len=1460 [TCP PDU reassembled in 8857]"
"8852","76.667740","rr2.sn-o3o-itqz.googlevideo.com","FioImma.local","TCP","4434","443  >  54867 [ACK] Seq=1800137 Ack=13322 Win=106496 Len=4380 [TCP PDU reassembled in 8857]"
"8853","76.667774","FioImma.local","rr2.sn-o3o-itqz.googlevideo.com","TCP","54","54867  >  443 [ACK] Seq=13322 Ack=1804517 Win=1051136 Len=0"
"8854","76.667806","rr2.sn-o3o-itqz.googlevideo.com","FioImma.local","TCP","1514","443  >  54867 [ACK] Seq=1804517 Ack=13322 Win=106496 Len=1460 [TCP PDU reassembled in 8857]"
"8855","76.668702","rr2.sn-o3o-itqz.googlevideo.com","FioImma.local","TCP","2974","443  >  54867 [ACK] Seq=1805977 Ack=13322 Win=106496 Len=2920 [TCP PDU reassembled in 8857]"
"8856","76.668745","FioImma.local","rr2.sn-o3o-itqz.googlevideo.com","TCP","54","54867  >  443 [ACK] Seq=13322 Ack=1808897 Win=1051136 Len=0"
"8857","76.669200","rr2.sn-o3o-itqz.googlevideo.com","FioImma.local","TLSv1.3","1514","Application Data"
"8858","76.669200","rr2.sn-o3o-itqz.googlevideo.com","FioImma.local","TCP","2974","443  >  54867 [ACK] Seq=1810357 Ack=13322 Win=106496 Len=2920 [TCP PDU reassembled in 8865]"
"8859","76.669244","FioImma.local","rr2.sn-o3o-itqz.googlevideo.com","TCP","54","54867  >  443 [ACK] Seq=13322 Ack=1813277 Win=1051136 Len=0"
"8860","76.672499","rr2.sn-o3o-itqz.googlevideo.com","FioImma.local","TCP","1514","443  >  54867 [ACK] Seq=1813277 Ack=13322 Win=106496 Len=1460 [TCP PDU reassembled in 8865]"
"8861","76.672499","rr2.sn-o3o-itqz.googlevideo.com","FioImma.local","TCP","1514","443  >  54867 [ACK] Seq=1814737 Ack=13322 Win=106496 Len=1460 [TCP PDU reassembled in 8865]"
"8862","76.672499","rr2.sn-o3o-itqz.googlevideo.com","FioImma.local","TCP","1514","443  >  54867 [ACK] Seq=1816197 Ack=13322 Win=106496 Len=1460 [TCP PDU reassembled in 8865]"
"8863","76.672556","FioImma.local","rr2.sn-o3o-itqz.googlevideo.com","TCP","54","54867  >  443 [ACK] Seq=13322 Ack=1817657 Win=1051136 Len=0"
"8864","76.674004","rr2.sn-o3o-itqz.googlevideo.com","FioImma.local","TCP","1514","443  >  54867 [ACK] Seq=1817657 Ack=13322 Win=106496 Len=1460 [TCP PDU reassembled in 8865]"
"8865","76.674004","rr2.sn-o3o-itqz.googlevideo.com","FioImma.local","TLSv1.3","1514","Application Data, Application Data, Application Data, Application Data, Application Data, Application Data"
"8866","76.674004","rr2.sn-o3o-itqz.googlevideo.com","FioImma.local","TLSv1.3","1514","Application Data, Application Data, Application Data, Application Data"
"8867","76.674032","FioImma.local","rr2.sn-o3o-itqz.googlevideo.com","TCP","54","54867  >  443 [ACK] Seq=13322 Ack=1822037 Win=1051136 Len=0"
"8868","76.675726","rr2.sn-o3o-itqz.googlevideo.com","FioImma.local","TCP","1514","443  >  54867 [ACK] Seq=1822037 Ack=13322 Win=106496 Len=1460 [TCP PDU reassembled in 8876]"
"8869","76.675726","rr2.sn-o3o-itqz.googlevideo.com","FioImma.local","TCP","1514","443  >  54867 [ACK] Seq=1823497 Ack=13322 Win=106496 Len=1460 [TCP PDU reassembled in 8876]"
"8870","76.675726","rr2.sn-o3o-itqz.googlevideo.com","FioImma.local","TCP","1514","443  >  54867 [PSH, ACK] Seq=1824957 Ack=13322 Win=106496 Len=1460 [TCP PDU reassembled in 8876]"
"8871","76.675757","FioImma.local","rr2.sn-o3o-itqz.googlevideo.com","TCP","54","54867  >  443 [ACK] Seq=13322 Ack=1826417 Win=1051136 Len=0"
"8872","76.676075","rr2.sn-o3o-itqz.googlevideo.com","FioImma.local","TCP","4434","443  >  54867 [ACK] Seq=1826417 Ack=13322 Win=106496 Len=4380 [TCP PDU reassembled in 8876]"
"8873","76.676097","FioImma.local","rr2.sn-o3o-itqz.googlevideo.com","TCP","54","54867  >  443 [ACK] Seq=13322 Ack=1830797 Win=1051136 Len=0"
"8874","76.677428","rr2.sn-o3o-itqz.googlevideo.com","FioImma.local","TCP","4434","443  >  54867 [ACK] Seq=1830797 Ack=13322 Win=106496 Len=4380 [TCP PDU reassembled in 8876]"
"8875","76.677483","FioImma.local","rr2.sn-o3o-itqz.googlevideo.com","TCP","54","54867  >  443 [ACK] Seq=13322 Ack=1835177 Win=1051136 Len=0"
"8876","76.677945","rr2.sn-o3o-itqz.googlevideo.com","FioImma.local","TLSv1.3","4434","Application Data"
"8877","76.677999","FioImma.local","rr2.sn-o3o-itqz.googlevideo.com","TCP","54","54867  >  443 [ACK] Seq=13322 Ack=1839557 Win=1051136 Len=0"
"8878","76.679004","rr2.sn-o3o-itqz.googlevideo.com","FioImma.local","TCP","4434","443  >  54867 [ACK] Seq=1839557 Ack=13322 Win=106496 Len=4380 [TCP PDU reassembled in 8885]"
"8879","76.679058","FioImma.local","rr2.sn-o3o-itqz.googlevideo.com","TCP","54","54867  >  443 [ACK] Seq=13322 Ack=1843937 Win=1051136 Len=0"
"8880","76.679333","maa03s41-in-f14.1e100.net","FioImma.local","TCP","60","443  >  54642 [ACK] Seq=109519 Ack=98275 Win=2048 Len=0"
"8881","76.679333","rr2.sn-o3o-itqz.googlevideo.com","FioImma.local","TCP","2974","443  >  54867 [ACK] Seq=1843937 Ack=13322 Win=106496 Len=2920 [TCP PDU reassembled in 8885]"
"8882","76.679377","FioImma.local","rr2.sn-o3o-itqz.googlevideo.com","TCP","54","54867  >  443 [ACK] Seq=13322 Ack=1846857 Win=1051136 Len=0"
"8883","76.680130","rr2.sn-o3o-itqz.googlevideo.com","FioImma.local","TCP","4434","443  >  54867 [ACK] Seq=1846857 Ack=13322 Win=106496 Len=4380 [TCP PDU reassembled in 8885]"
"8884","76.680149","FioImma.local","rr2.sn-o3o-itqz.googlevideo.com","TCP","54","54867  >  443 [ACK] Seq=13322 Ack=1851237 Win=1051136 Len=0"
"8885","76.680973","rr2.sn-o3o-itqz.googlevideo.com","FioImma.local","TLSv1.3","4434","Application Data"
"8886","76.680995","FioImma.local","rr2.sn-o3o-itqz.googlevideo.com","TCP","54","54867  >  443 [ACK] Seq=13322 Ack=1855617 Win=1051136 Len=0"
"8887","76.681323","rr2.sn-o3o-itqz.googlevideo.com","FioImma.local","TCP","4434","443  >  54867 [ACK] Seq=1855617 Ack=13322 Win=106496 Len=4380 [TCP PDU reassembled in 8891]"
"8888","76.681344","FioImma.local","rr2.sn-o3o-itqz.googlevideo.com","TCP","54","54867  >  443 [ACK] Seq=13322 Ack=1859997 Win=1051136 Len=0"
"8889","76.681942","rr2.sn-o3o-itqz.googlevideo.com","FioImma.local","TCP","4434","443  >  54867 [PSH, ACK] Seq=1859997 Ack=13322 Win=106496 Len=4380 [TCP PDU reassembled in 8891]"
"8890","76.681959","FioImma.local","rr2.sn-o3o-itqz.googlevideo.com","TCP","54","54867  >  443 [ACK] Seq=13322 Ack=1864377 Win=1051136 Len=0"
"8891","76.682530","rr2.sn-o3o-itqz.googlevideo.com","FioImma.local","TLSv1.3","7354","Application Data"
"8892","76.682572","FioImma.local","rr2.sn-o3o-itqz.googlevideo.com","TCP","54","54867  >  443 [ACK] Seq=13322 Ack=1871677 Win=1051136 Len=0"
"8893","76.682627","rr2.sn-o3o-itqz.googlevideo.com","FioImma.local","TCP","5894","443  >  54867 [ACK] Seq=1871677 Ack=13322 Win=106496 Len=5840 [TCP PDU reassembled in 8897]"
"8894","76.682650","FioImma.local","rr2.sn-o3o-itqz.googlevideo.com","TCP","54","54867  >  443 [ACK] Seq=13322 Ack=1877517 Win=1051136 Len=0"
"8895","76.682691","rr2.sn-o3o-itqz.googlevideo.com","FioImma.local","TCP","5894","443  >  54867 [ACK] Seq=1877517 Ack=13322 Win=106496 Len=5840 [TCP PDU reassembled in 8897]"
"8896","76.682715","FioImma.local","rr2.sn-o3o-itqz.googlevideo.com","TCP","54","54867  >  443 [ACK] Seq=13322 Ack=1883357 Win=1051136 Len=0"
"8897","76.682752","rr2.sn-o3o-itqz.googlevideo.com","FioImma.local","TLSv1.3","5894","Application Data"
"8898","76.682766","FioImma.local","rr2.sn-o3o-itqz.googlevideo.com","TCP","54","54867  >  443 [ACK] Seq=13322 Ack=1889197 Win=1051136 Len=0"
"8899","76.682862","rr2.sn-o3o-itqz.googlevideo.com","FioImma.local","TCP","7354","443  >  54867 [PSH, ACK] Seq=1889197 Ack=13322 Win=106496 Len=7300 [TCP PDU reassembled in 8903]"
"8900","76.682896","FioImma.local","rr2.sn-o3o-itqz.googlevideo.com","TCP","54","54867  >  443 [ACK] Seq=13322 Ack=1896497 Win=1051136 Len=0"
"8901","76.682939","rr2.sn-o3o-itqz.googlevideo.com","FioImma.local","TCP","4434","443  >  54867 [ACK] Seq=1896497 Ack=13322 Win=106496 Len=4380 [TCP PDU reassembled in 8903]"
"8902","76.682957","FioImma.local","rr2.sn-o3o-itqz.googlevideo.com","TCP","54","54867  >  443 [ACK] Seq=13322 Ack=1900877 Win=1051136 Len=0"
"8903","76.683018","rr2.sn-o3o-itqz.googlevideo.com","FioImma.local","TLSv1.3","8814","Application Data"
"8904","76.683058","FioImma.local","rr2.sn-o3o-itqz.googlevideo.com","TCP","54","54867  >  443 [ACK] Seq=13322 Ack=1909637 Win=1051136 Len=0"
"8905","76.683095","rr2.sn-o3o-itqz.googlevideo.com","FioImma.local","TCP","4434","443  >  54867 [ACK] Seq=1909637 Ack=13322 Win=106496 Len=4380 [TCP PDU reassembled in 8907]"
"8906","76.683124","FioImma.local","rr2.sn-o3o-itqz.googlevideo.com","TCP","54","54867  >  443 [ACK] Seq=13322 Ack=1914017 Win=1051136 Len=0"
"8907","76.683159","rr2.sn-o3o-itqz.googlevideo.com","FioImma.local","TLSv1.3","5894","Application Data"
"8908","76.683175","FioImma.local","rr2.sn-o3o-itqz.googlevideo.com","TCP","54","54867  >  443 [ACK] Seq=13322 Ack=1919857 Win=1051136 Len=0"
"8909","76.683248","rr2.sn-o3o-itqz.googlevideo.com","FioImma.local","TCP","5894","443  >  54867 [ACK] Seq=1919857 Ack=13322 Win=106496 Len=5840 [TCP PDU reassembled in 8913]"
"8910","76.683284","FioImma.local","rr2.sn-o3o-itqz.googlevideo.com","TCP","54","54867  >  443 [ACK] Seq=13322 Ack=1925697 Win=1051136 Len=0"
"8911","76.683326","rr2.sn-o3o-itqz.googlevideo.com","FioImma.local","TCP","4434","443  >  54867 [PSH, ACK] Seq=1925697 Ack=13322 Win=106496 Len=4380 [TCP PDU reassembled in 8913]"
"8912","76.683346","FioImma.local","rr2.sn-o3o-itqz.googlevideo.com","TCP","54","54867  >  443 [ACK] Seq=13322 Ack=1930077 Win=1051136 Len=0"
"8913","76.683377","rr2.sn-o3o-itqz.googlevideo.com","FioImma.local","TLSv1.3","5894","Application Data"
"8914","76.683389","FioImma.local","rr2.sn-o3o-itqz.googlevideo.com","TCP","54","54867  >  443 [ACK] Seq=13322 Ack=1935917 Win=1051136 Len=0"
"8915","76.683451","rr2.sn-o3o-itqz.googlevideo.com","FioImma.local","TCP","5894","443  >  54867 [ACK] Seq=1935917 Ack=13322 Win=106496 Len=5840 [TCP PDU reassembled in 8919]"
"8916","76.683478","FioImma.local","rr2.sn-o3o-itqz.googlevideo.com","TCP","54","54867  >  443 [ACK] Seq=13322 Ack=1941757 Win=1051136 Len=0"
"8917","76.683645","rr2.sn-o3o-itqz.googlevideo.com","FioImma.local","TCP","8814","443  >  54867 [ACK] Seq=1941757 Ack=13322 Win=106496 Len=8760 [TCP PDU reassembled in 8919]"
"8918","76.683659","FioImma.local","rr2.sn-o3o-itqz.googlevideo.com","TCP","54","54867  >  443 [ACK] Seq=13322 Ack=1950517 Win=1051136 Len=0"
"8919","76.684296","rr2.sn-o3o-itqz.googlevideo.com","FioImma.local","TLSv1.3","13194","Application Data"
"8920","76.684333","FioImma.local","rr2.sn-o3o-itqz.googlevideo.com","TCP","54","54867  >  443 [ACK] Seq=13322 Ack=1963657 Win=1051136 Len=0"
"8921","76.684373","rr2.sn-o3o-itqz.googlevideo.com","FioImma.local","TCP","4434","443  >  54867 [ACK] Seq=1963657 Ack=13322 Win=106496 Len=4380 [TCP PDU reassembled in 8923]"
"8922","76.684405","FioImma.local","rr2.sn-o3o-itqz.googlevideo.com","TCP","54","54867  >  443 [ACK] Seq=13322 Ack=1968037 Win=1051136 Len=0"
"8923","76.684437","rr2.sn-o3o-itqz.googlevideo.com","FioImma.local","TLSv1.3","5894","Application Data, Application Data, Application Data, Application Data, Application Data, Application Data, Application Data, Application Data, Application Data, Application Data, Application Data"
"8924","76.684449","FioImma.local","rr2.sn-o3o-itqz.googlevideo.com","TCP","54","54867  >  443 [ACK] Seq=13322 Ack=1973877 Win=1051136 Len=0"
"8925","76.684471","rr2.sn-o3o-itqz.googlevideo.com","FioImma.local","TCP","4434","443  >  54867 [ACK] Seq=1973877 Ack=13322 Win=106496 Len=4380 [TCP PDU reassembled in 8931]"
"8926","76.684480","FioImma.local","rr2.sn-o3o-itqz.googlevideo.com","TCP","54","54867  >  443 [ACK] Seq=13322 Ack=1978257 Win=1051136 Len=0"
"8927","76.684541","rr2.sn-o3o-itqz.googlevideo.com","FioImma.local","TCP","4434","443  >  54867 [ACK] Seq=1978257 Ack=13322 Win=106496 Len=4380 [TCP PDU reassembled in 8931]"
"8928","76.684571","FioImma.local","rr2.sn-o3o-itqz.googlevideo.com","TCP","54","54867  >  443 [ACK] Seq=13322 Ack=1982637 Win=1051136 Len=0"
"8929","76.684623","rr2.sn-o3o-itqz.googlevideo.com","FioImma.local","TCP","4434","443  >  54867 [ACK] Seq=1982637 Ack=13322 Win=106496 Len=4380 [TCP PDU reassembled in 8931]"
"8930","76.684643","FioImma.local","rr2.sn-o3o-itqz.googlevideo.com","TCP","54","54867  >  443 [ACK] Seq=13322 Ack=1987017 Win=1051136 Len=0"
"8931","76.684683","rr2.sn-o3o-itqz.googlevideo.com","FioImma.local","TLSv1.3","7354","Application Data"
"8932","76.684728","FioImma.local","rr2.sn-o3o-itqz.googlevideo.com","TCP","54","54867  >  443 [ACK] Seq=13322 Ack=1994317 Win=1051136 Len=0"
"8933","76.684772","rr2.sn-o3o-itqz.googlevideo.com","FioImma.local","TCP","5894","443  >  54867 [ACK] Seq=1994317 Ack=13322 Win=106496 Len=5840 [TCP PDU reassembled in 8935]"
"8934","76.684782","FioImma.local","rr2.sn-o3o-itqz.googlevideo.com","TCP","54","54867  >  443 [ACK] Seq=13322 Ack=2000157 Win=1051136 Len=0"
"8935","76.684824","rr2.sn-o3o-itqz.googlevideo.com","FioImma.local","TLSv1.3","4434","Application Data"
"8936","76.684839","FioImma.local","rr2.sn-o3o-itqz.googlevideo.com","TCP","54","54867  >  443 [ACK] Seq=13322 Ack=2004537 Win=1051136 Len=0"
"8937","76.684897","rr2.sn-o3o-itqz.googlevideo.com","FioImma.local","TCP","5894","443  >  54867 [ACK] Seq=2004537 Ack=13322 Win=106496 Len=5840 [TCP PDU reassembled in 8941]"
"8938","76.684924","FioImma.local","rr2.sn-o3o-itqz.googlevideo.com","TCP","54","54867  >  443 [ACK] Seq=13322 Ack=2010377 Win=1051136 Len=0"
"8939","76.684963","rr2.sn-o3o-itqz.googlevideo.com","FioImma.local","TCP","4434","443  >  54867 [ACK] Seq=2010377 Ack=13322 Win=106496 Len=4380 [TCP PDU reassembled in 8941]"
"8940","76.684983","FioImma.local","rr2.sn-o3o-itqz.googlevideo.com","TCP","54","54867  >  443 [ACK] Seq=13322 Ack=2014757 Win=1051136 Len=0"
"8941","76.685015","rr2.sn-o3o-itqz.googlevideo.com","FioImma.local","TLSv1.3","5894","Application Data"
"8942","76.685029","FioImma.local","rr2.sn-o3o-itqz.googlevideo.com","TCP","54","54867  >  443 [ACK] Seq=13322 Ack=2020597 Win=1051136 Len=0"
"8943","76.685169","rr2.sn-o3o-itqz.googlevideo.com","FioImma.local","TCP","10274","443  >  54867 [ACK] Seq=2020597 Ack=13322 Win=106496 Len=10220 [TCP PDU reassembled in 8947]"
"8944","76.685205","FioImma.local","rr2.sn-o3o-itqz.googlevideo.com","TCP","54","54867  >  443 [ACK] Seq=13322 Ack=2030817 Win=1051136 Len=0"
"8945","76.685338","rr2.sn-o3o-itqz.googlevideo.com","FioImma.local","TCP","2974","443  >  54867 [ACK] Seq=2030817 Ack=13322 Win=106496 Len=2920 [TCP PDU reassembled in 8947]"
"8946","76.685354","FioImma.local","rr2.sn-o3o-itqz.googlevideo.com","TCP","54","54867  >  443 [ACK] Seq=13322 Ack=2033737 Win=1051136 Len=0"
"8947","76.686133","rr2.sn-o3o-itqz.googlevideo.com","FioImma.local","TLSv1.3","2974","Application Data"
"8948","76.686162","FioImma.local","rr2.sn-o3o-itqz.googlevideo.com","TCP","54","54867  >  443 [ACK] Seq=13322 Ack=2036657 Win=1051136 Len=0"
"8949","76.686211","rr2.sn-o3o-itqz.googlevideo.com","FioImma.local","TCP","8814","443  >  54867 [ACK] Seq=2036657 Ack=13322 Win=106496 Len=8760 [TCP PDU reassembled in 8953]"
"8950","76.686248","FioImma.local","rr2.sn-o3o-itqz.googlevideo.com","TCP","54","54867  >  443 [ACK] Seq=13322 Ack=2045417 Win=1051136 Len=0"
"8951","76.686281","rr2.sn-o3o-itqz.googlevideo.com","FioImma.local","TCP","4434","443  >  54867 [ACK] Seq=2045417 Ack=13322 Win=106496 Len=4380 [TCP PDU reassembled in 8953]"
"8952","76.686299","FioImma.local","rr2.sn-o3o-itqz.googlevideo.com","TCP","54","54867  >  443 [ACK] Seq=13322 Ack=2049797 Win=1051136 Len=0"
"8953","76.686328","rr2.sn-o3o-itqz.googlevideo.com","FioImma.local","TLSv1.3","5894","Application Data"
"8954","76.686341","FioImma.local","rr2.sn-o3o-itqz.googlevideo.com","TCP","54","54867  >  443 [ACK] Seq=13322 Ack=2055637 Win=1051136 Len=0"
"8955","76.686370","rr2.sn-o3o-itqz.googlevideo.com","FioImma.local","TCP","4434","443  >  54867 [PSH, ACK] Seq=2055637 Ack=13322 Win=106496 Len=4380 [TCP PDU reassembled in 8959]"
"8956","76.686383","FioImma.local","rr2.sn-o3o-itqz.googlevideo.com","TCP","54","54867  >  443 [ACK] Seq=13322 Ack=2060017 Win=1051136 Len=0"
"8957","76.686500","rr2.sn-o3o-itqz.googlevideo.com","FioImma.local","TCP","7354","443  >  54867 [ACK] Seq=2060017 Ack=13322 Win=106496 Len=7300 [TCP PDU reassembled in 8959]"
"8958","76.686525","FioImma.local","rr2.sn-o3o-itqz.googlevideo.com","TCP","54","54867  >  443 [ACK] Seq=13322 Ack=2067317 Win=1051136 Len=0"
"8959","76.686612","rr2.sn-o3o-itqz.googlevideo.com","FioImma.local","TLSv1.3","10274","Application Data"
"8960","76.686641","FioImma.local","rr2.sn-o3o-itqz.googlevideo.com","TCP","54","54867  >  443 [ACK] Seq=13322 Ack=2077537 Win=1051136 Len=0"
"8961","76.686677","rr2.sn-o3o-itqz.googlevideo.com","FioImma.local","TCP","5894","443  >  54867 [PSH, ACK] Seq=2077537 Ack=13322 Win=106496 Len=5840 [TCP PDU reassembled in 8963]"
"8962","76.686698","FioImma.local","rr2.sn-o3o-itqz.googlevideo.com","TCP","54","54867  >  443 [ACK] Seq=13322 Ack=2083377 Win=1051136 Len=0"
"8963","76.686733","rr2.sn-o3o-itqz.googlevideo.com","FioImma.local","TLSv1.3","4434","Application Data"
"8964","76.686744","FioImma.local","rr2.sn-o3o-itqz.googlevideo.com","TCP","54","54867  >  443 [ACK] Seq=13322 Ack=2087757 Win=1051136 Len=0"
"8965","76.686819","rr2.sn-o3o-itqz.googlevideo.com","FioImma.local","TCP","5894","443  >  54867 [ACK] Seq=2087757 Ack=13322 Win=106496 Len=5840 [TCP PDU reassembled in 8967]"
"8966","76.686846","FioImma.local","rr2.sn-o3o-itqz.googlevideo.com","TCP","54","54867  >  443 [ACK] Seq=13322 Ack=2093597 Win=1051136 Len=0"
"8967","76.686980","rr2.sn-o3o-itqz.googlevideo.com","FioImma.local","TLSv1.3","10274","Application Data"
"8968","76.687017","FioImma.local","rr2.sn-o3o-itqz.googlevideo.com","TCP","54","54867  >  443 [ACK] Seq=13322 Ack=2103817 Win=1051136 Len=0"
"8969","76.687071","rr2.sn-o3o-itqz.googlevideo.com","FioImma.local","TCP","8814","443  >  54867 [ACK] Seq=2103817 Ack=13322 Win=106496 Len=8760 [TCP PDU reassembled in 8974]"
"8970","76.687094","FioImma.local","rr2.sn-o3o-itqz.googlevideo.com","TCP","54","54867  >  443 [ACK] Seq=13322 Ack=2112577 Win=1051136 Len=0"
"8971","76.687143","rr2.sn-o3o-itqz.googlevideo.com","FioImma.local","TCP","4434","443  >  54867 [ACK] Seq=2112577 Ack=13322 Win=106496 Len=4380 [TCP PDU reassembled in 8974]"
"8972","76.687156","FioImma.local","rr2.sn-o3o-itqz.googlevideo.com","TCP","54","54867  >  443 [ACK] Seq=13322 Ack=2116957 Win=1051136 Len=0"
"8973","76.687181","rr2.sn-o3o-itqz.googlevideo.com","FioImma.local","TCP","1514","443  >  54867 [ACK] Seq=2116957 Ack=13322 Win=106496 Len=1460 [TCP PDU reassembled in 8974]"
"8974","76.687181","rr2.sn-o3o-itqz.googlevideo.com","FioImma.local","TLSv1.3","237","Application Data"
"8975","76.687195","FioImma.local","rr2.sn-o3o-itqz.googlevideo.com","TCP","54","54867  >  443 [ACK] Seq=13322 Ack=2118600 Win=1051136 Len=0"
"8976","76.691198","rr2.sn-o3o-itqz.googlevideo.com","FioImma.local","TCP","1514","443  >  54867 [ACK] Seq=2118600 Ack=13322 Win=106496 Len=1460 [TCP PDU reassembled in 8979]"
"8977","76.693124","rr2.sn-o3o-itqz.googlevideo.com","FioImma.local","TCP","10274","443  >  54867 [ACK] Seq=2120060 Ack=13322 Win=106496 Len=10220 [TCP PDU reassembled in 8979]"
"8978","76.693124","rr2.sn-o3o-itqz.googlevideo.com","FioImma.local","TCP","1479","443  >  54867 [PSH, ACK] Seq=2130280 Ack=13322 Win=106496 Len=1425 [TCP PDU reassembled in 8979]"
"8979","76.693124","rr2.sn-o3o-itqz.googlevideo.com","FioImma.local","TLSv1.3","7354","Application Data"
"8980","76.693171","FioImma.local","rr2.sn-o3o-itqz.googlevideo.com","TCP","54","54867  >  443 [ACK] Seq=13322 Ack=2139005 Win=1051136 Len=0"
"8981","76.693884","rr2.sn-o3o-itqz.googlevideo.com","FioImma.local","TCP","4434","443  >  54867 [ACK] Seq=2139005 Ack=13322 Win=106496 Len=4380 [TCP PDU reassembled in 8985]"
"8982","76.693913","FioImma.local","rr2.sn-o3o-itqz.googlevideo.com","TCP","54","54867  >  443 [ACK] Seq=13322 Ack=2143385 Win=1051136 Len=0"
"8983","76.694491","rr2.sn-o3o-itqz.googlevideo.com","FioImma.local","TCP","2974","443  >  54867 [ACK] Seq=2143385 Ack=13322 Win=106496 Len=2920 [TCP PDU reassembled in 8985]"
"8984","76.694491","rr2.sn-o3o-itqz.googlevideo.com","FioImma.local","TCP","1366","443  >  54867 [PSH, ACK] Seq=2146305 Ack=13322 Win=106496 Len=1312 [TCP PDU reassembled in 8985]"
"8985","76.694491","rr2.sn-o3o-itqz.googlevideo.com","FioImma.local","TLSv1.3","1023","Application Data, Application Data, Application Data, Application Data, Application Data, Application Data"
"8986","76.694529","FioImma.local","rr2.sn-o3o-itqz.googlevideo.com","TCP","54","54867  >  443 [ACK] Seq=13322 Ack=2148586 Win=1051136 Len=0"
"8987","77.184551","FioImma.local","play.google.com","TCP","55","[TCP Keep-Alive] 54803  >  443 [ACK] Seq=6251 Ack=3194 Win=130048 Len=1"
"8988","77.196629","play.google.com","FioImma.local","TCP","66","[TCP Keep-Alive ACK] 443  >  54803 [ACK] Seq=3194 Ack=6252 Win=79872 Len=0 SLE=6251 SRE=6252"
"8989","77.477673","FioImma.local","maa03s41-in-f14.1e100.net","TCP","1466","54642  >  443 [ACK] Seq=98275 Ack=109519 Win=512 Len=1412 [TCP PDU reassembled in 8990]"
"8990","77.477673","FioImma.local","maa03s41-in-f14.1e100.net","TLSv1.2","1114","Application Data"
"8991","77.477845","FioImma.local","maa03s41-in-f14.1e100.net","TLSv1.2","116","Application Data"
"8992","77.489473","maa03s41-in-f14.1e100.net","FioImma.local","TCP","60","443  >  54642 [ACK] Seq=109519 Ack=99687 Win=2048 Len=0"
"8993","77.489473","maa03s41-in-f14.1e100.net","FioImma.local","TCP","60","443  >  54642 [ACK] Seq=109519 Ack=100747 Win=2048 Len=0"
"8994","77.489473","maa03s41-in-f14.1e100.net","FioImma.local","TCP","60","443  >  54642 [ACK] Seq=109519 Ack=100809 Win=2048 Len=0"
"8995","77.574331","maa03s41-in-f14.1e100.net","FioImma.local","TLSv1.2","919","Application Data"
"8996","77.574331","maa03s41-in-f14.1e100.net","FioImma.local","TLSv1.2","344","Application Data"
"8997","77.574331","maa03s41-in-f14.1e100.net","FioImma.local","TLSv1.2","325","Application Data"
"8998","77.574331","maa03s41-in-f14.1e100.net","FioImma.local","TLSv1.2","85","Application Data"
"8999","77.574331","maa03s41-in-f14.1e100.net","FioImma.local","TLSv1.2","93","Application Data"
"9000","77.574428","FioImma.local","maa03s41-in-f14.1e100.net","TCP","54","54642  >  443 [ACK] Seq=100809 Ack=111015 Win=512 Len=0"
"9001","77.577636","FioImma.local","maa03s41-in-f14.1e100.net","TLSv1.2","93","Application Data"
"9002","77.598144","ab.chatgpt.com","FioImma.local","TLSv1.2","1305","Application Data"
"9003","77.598144","ab.chatgpt.com","FioImma.local","TLSv1.2","99","Application Data"
"9004","77.598144","ab.chatgpt.com","FioImma.local","TLSv1.2","85","Application Data"
"9005","77.598261","FioImma.local","ab.chatgpt.com","TCP","54","54679  >  443 [ACK] Seq=290706 Ack=4467974 Win=2051 Len=0"
"9006","77.605368","maa03s41-in-f14.1e100.net","FioImma.local","TCP","60","443  >  54642 [ACK] Seq=111015 Ack=100848 Win=2048 Len=0"
"9007","77.642383","FioImma.local","ab.chatgpt.com","TCP","1454","54679  >  443 [ACK] Seq=290706 Ack=4467974 Win=2051 Len=1400 [TCP PDU reassembled in 9010]"
"9008","77.642383","FioImma.local","ab.chatgpt.com","TCP","1454","54679  >  443 [ACK] Seq=292106 Ack=4467974 Win=2051 Len=1400 [TCP PDU reassembled in 9010]"
"9009","77.642383","FioImma.local","ab.chatgpt.com","TCP","1454","54679  >  443 [ACK] Seq=293506 Ack=4467974 Win=2051 Len=1400 [TCP PDU reassembled in 9010]"
"9010","77.642383","FioImma.local","ab.chatgpt.com","TLSv1.2","1432","Application Data"
"9011","77.642465","FioImma.local","ab.chatgpt.com","TLSv1.2","599","Application Data"
"9012","77.692502","FioImma.local","ab.chatgpt.com","TCP","1454","54679  >  443 [ACK] Seq=296829 Ack=4467974 Win=2051 Len=1400 [TCP PDU reassembled in 9015]"
"9013","77.692502","FioImma.local","ab.chatgpt.com","TCP","1454","54679  >  443 [ACK] Seq=298229 Ack=4467974 Win=2051 Len=1400 [TCP PDU reassembled in 9015]"
"9014","77.692502","FioImma.local","ab.chatgpt.com","TCP","1454","54679  >  443 [ACK] Seq=299629 Ack=4467974 Win=2051 Len=1400 [TCP PDU reassembled in 9015]"
"9015","77.692502","FioImma.local","ab.chatgpt.com","TLSv1.2","352","Application Data"
"9016","77.692713","FioImma.local","ab.chatgpt.com","TCP","1454","54679  >  443 [ACK] Seq=301327 Ack=4467974 Win=2051 Len=1400 [TCP PDU reassembled in 9017]"
"9017","77.692713","FioImma.local","ab.chatgpt.com","TLSv1.2","110","Application Data"
"9018","77.701241","ab.chatgpt.com","FioImma.local","TCP","60","443  >  54679 [ACK] Seq=4467974 Ack=293506 Win=64 Len=0"
"9019","77.701241","ab.chatgpt.com","FioImma.local","TCP","60","443  >  54679 [ACK] Seq=4467974 Ack=296284 Win=64 Len=0"
"9020","77.742631","ab.chatgpt.com","FioImma.local","TCP","60","443  >  54679 [ACK] Seq=4467974 Ack=296829 Win=64 Len=0"
"9021","77.742631","ab.chatgpt.com","FioImma.local","TCP","60","443  >  54679 [ACK] Seq=4467974 Ack=298229 Win=64 Len=0"
"9022","77.742631","ab.chatgpt.com","FioImma.local","TCP","60","443  >  54679 [ACK] Seq=4467974 Ack=299629 Win=64 Len=0"
"9023","77.742631","ab.chatgpt.com","FioImma.local","TCP","60","443  >  54679 [ACK] Seq=4467974 Ack=301029 Win=64 Len=0"
"9024","77.742631","ab.chatgpt.com","FioImma.local","TCP","60","443  >  54679 [ACK] Seq=4467974 Ack=301327 Win=64 Len=0"
"9025","77.742631","ab.chatgpt.com","FioImma.local","TCP","60","443  >  54679 [ACK] Seq=4467974 Ack=302727 Win=64 Len=0"
"9026","77.742631","ab.chatgpt.com","FioImma.local","TCP","60","443  >  54679 [ACK] Seq=4467974 Ack=302783 Win=64 Len=0"
"9027","77.811593","FioImma.local","ab.chatgpt.com","TLSv1.2","137","Application Data"
"9028","77.811726","FioImma.local","ab.chatgpt.com","TLSv1.2","1325","Application Data"
"9029","77.844490","ab.chatgpt.com","FioImma.local","TCP","60","443  >  54680 [ACK] Seq=7568 Ack=107635 Win=64 Len=0"
"9030","77.844490","ab.chatgpt.com","FioImma.local","TCP","60","443  >  54680 [ACK] Seq=7568 Ack=108906 Win=64 Len=0"
"9031","77.894795","ab.chatgpt.com","FioImma.local","TLSv1.2","553","Application Data"
"9032","77.894795","ab.chatgpt.com","FioImma.local","TLSv1.2","101","Application Data"
"9033","77.894795","ab.chatgpt.com","FioImma.local","TLSv1.2","85","Application Data"
"9034","77.894929","FioImma.local","ab.chatgpt.com","TCP","54","54680  >  443 [ACK] Seq=108906 Ack=8145 Win=509 Len=0"
"9035","77.897134","FioImma.local","ab.chatgpt.com","TLSv1.2","89","Application Data"
"9036","77.925547","ab.chatgpt.com","FioImma.local","TCP","60","443  >  54680 [ACK] Seq=8145 Ack=108941 Win=64 Len=0"
"9037","77.960367","FioImma.local","184.87.190.35.bc.googleusercontent.com","TCP","55","[TCP Keep-Alive] 54666  >  443 [ACK] Seq=1 Ack=1 Win=509 Len=1"
"9038","77.990555","184.87.190.35.bc.googleusercontent.com","FioImma.local","TCP","66","[TCP Keep-Alive ACK] 443  >  54666 [ACK] Seq=1 Ack=2 Win=378 Len=0 SLE=1 SRE=2"
"9039","77.995252","ab.chatgpt.com","FioImma.local","TLSv1.2","452","Application Data"
"9040","78.016336","ab.chatgpt.com","FioImma.local","TLSv1.2","105","Application Data"
"9041","78.016336","ab.chatgpt.com","FioImma.local","TLSv1.2","85","Application Data"
"9042","78.016336","ab.chatgpt.com","FioImma.local","TLSv1.2","372","Application Data"
"9043","78.016336","ab.chatgpt.com","FioImma.local","TLSv1.2","101","Application Data"
"9044","78.016336","ab.chatgpt.com","FioImma.local","TLSv1.2","85","Application Data"
"9045","78.016470","FioImma.local","ab.chatgpt.com","TCP","54","54679  >  443 [ACK] Seq=302783 Ack=4468850 Win=2056 Len=0"
"9046","78.155366","ec2-35-174-127-31.compute-1.amazonaws.com","FioImma.local","TLSv1.2","78","Application Data"
"9047","78.155766","FioImma.local","ec2-35-174-127-31.compute-1.amazonaws.com","TLSv1.2","82","Application Data"
"9048","78.402952","FioImma.local","192.168.1.255","UDP","86","57621  >  57621 Len=44"
"9049","78.456652","ec2-35-174-127-31.compute-1.amazonaws.com","FioImma.local","TCP","60","443  >  54503 [ACK] Seq=1355 Ack=1363 Win=814 Len=0"
"9050","79.259147","FioImma.local","mars.octa.edu","DNS","79","Standard query 0x9921 A accounts.google.com"
"9051","79.259531","FioImma.local","mars.octa.edu","DNS","79","Standard query 0x5bc9 HTTPS accounts.google.com"
"9052","79.285535","mars.octa.edu","FioImma.local","DNS","95","Standard query response 0x9921 A accounts.google.com A 64.233.170.84"
"9053","79.285535","mars.octa.edu","FioImma.local","DNS","129","Standard query response 0x5bc9 HTTPS accounts.google.com SOA ns1.google.com"
"9054","79.286440","FioImma.local","accounts.google.com","TCP","66","54872  >  443 [SYN] Seq=0 Win=64240 Len=0 MSS=1460 WS=256 SACK_PERM"
"9055","79.331841","accounts.google.com","FioImma.local","TCP","66","443  >  54872 [SYN, ACK] Seq=0 Ack=1 Win=65535 Len=0 MSS=1412 SACK_PERM WS=256"
"9056","79.331987","FioImma.local","accounts.google.com","TCP","54","54872  >  443 [ACK] Seq=1 Ack=1 Win=131072 Len=0"
"9057","79.334005","FioImma.local","accounts.google.com","TCP","1466","54872  >  443 [ACK] Seq=1 Ack=1 Win=131072 Len=1412 [TCP PDU reassembled in 9058]"
"9058","79.334005","FioImma.local","accounts.google.com","TLSv1.3","894","Client Hello (SNI=accounts.google.com)"
"9059","79.376413","accounts.google.com","FioImma.local","TCP","60","443  >  54872 [ACK] Seq=1 Ack=1413 Win=68608 Len=0"
"9060","79.376413","accounts.google.com","FioImma.local","TCP","60","443  >  54872 [ACK] Seq=1 Ack=2253 Win=71424 Len=0"
"9061","79.379084","accounts.google.com","FioImma.local","TLSv1.3","1466","Server Hello, Change Cipher Spec"
"9062","79.379084","accounts.google.com","FioImma.local","TLSv1.3","110","Application Data"
"9063","79.379182","FioImma.local","accounts.google.com","TCP","54","54872  >  443 [ACK] Seq=2253 Ack=1469 Win=131072 Len=0"
"9064","79.391138","FioImma.local","accounts.google.com","TLSv1.3","128","Change Cipher Spec, Application Data"
"9065","79.391531","FioImma.local","accounts.google.com","TLSv1.3","146","Application Data"
"9066","79.392031","FioImma.local","accounts.google.com","TCP","1466","54872  >  443 [ACK] Seq=2419 Ack=1469 Win=131072 Len=1412 [TCP PDU reassembled in 9068]"
"9067","79.392031","FioImma.local","accounts.google.com","TCP","1466","54872  >  443 [ACK] Seq=3831 Ack=1469 Win=131072 Len=1412 [TCP PDU reassembled in 9068]"
"9068","79.392031","FioImma.local","accounts.google.com","TLSv1.3","348","Application Data"
"9069","79.392114","FioImma.local","accounts.google.com","TLSv1.3","111","Application Data"
"9070","79.435644","accounts.google.com","FioImma.local","TLSv1.3","1022","Application Data, Application Data"
"9071","79.435644","accounts.google.com","FioImma.local","TLSv1.3","85","Application Data"
"9072","79.435644","accounts.google.com","FioImma.local","TCP","60","443  >  54872 [ACK] Seq=2468 Ack=5243 Win=77056 Len=0"
"9073","79.435644","accounts.google.com","FioImma.local","TCP","60","443  >  54872 [ACK] Seq=2468 Ack=5594 Win=79872 Len=0"
"9074","79.435773","FioImma.local","accounts.google.com","TCP","54","54872  >  443 [ACK] Seq=5594 Ack=2468 Win=130304 Len=0"
"9075","79.436485","FioImma.local","accounts.google.com","TLSv1.3","85","Application Data"
"9076","79.486266","accounts.google.com","FioImma.local","TCP","60","443  >  54872 [ACK] Seq=2468 Ack=5625 Win=79872 Len=0"
"9077","79.488076","accounts.google.com","FioImma.local","TLSv1.3","1466","Application Data"
"9078","79.488076","accounts.google.com","FioImma.local","TLSv1.3","241","Application Data"
"9079","79.488076","accounts.google.com","FioImma.local","TLSv1.3","365","Application Data, Application Data, Application Data"
"9080","79.488076","accounts.google.com","FioImma.local","TLSv1.3","93","Application Data"
"9081","79.488181","FioImma.local","accounts.google.com","TCP","54","54872  >  443 [ACK] Seq=5625 Ack=4417 Win=131072 Len=0"
"9082","79.489217","FioImma.local","accounts.google.com","TLSv1.3","93","Application Data"
"9083","79.536912","accounts.google.com","FioImma.local","TCP","60","443  >  54872 [ACK] Seq=4417 Ack=5664 Win=79872 Len=0"
"9084","79.552214","FioImma.local","ab.chatgpt.com","TCP","55","[TCP Keep-Alive] 54804  >  443 [ACK] Seq=10033 Ack=2997 Win=130304 Len=1"
"9085","79.594344","ab.chatgpt.com","FioImma.local","TCP","66","[TCP Keep-Alive ACK] 443  >  54804 [ACK] Seq=2997 Ack=10034 Win=98304 Len=0 SLE=10033 SRE=10034"
"9086","79.918632","FioImma.local","gce-beacons.gcp.gvt2.com","TCP","55","[TCP Keep-Alive] 54769  >  443 [ACK] Seq=511 Ack=159 Win=515 Len=1"
"9087","79.999851","gce-beacons.gcp.gvt2.com","FioImma.local","TCP","66","[TCP Keep-Alive ACK] 443  >  54769 [ACK] Seq=159 Ack=512 Win=249 Len=0 SLE=511 SRE=512"
"9088","80.031707","s.gravatar.com","FioImma.local","TLSv1.3","93","Application Data"
"9089","80.031707","s.gravatar.com","FioImma.local","TLSv1.3","78","Application Data"
"9090","80.031707","s.gravatar.com","FioImma.local","TCP","54","443  >  54863 [FIN, ACK] Seq=1023 Ack=2713 Win=42496 Len=0"
"9091","80.031802","FioImma.local","s.gravatar.com","TCP","54","54863  >  443 [ACK] Seq=2713 Ack=1024 Win=130304 Len=0"
"9092","80.032400","FioImma.local","s.gravatar.com","TCP","54","54863  >  443 [FIN, ACK] Seq=2713 Ack=1024 Win=130304 Len=0"
"9093","80.070121","s.gravatar.com","FioImma.local","TCP","54","443  >  54863 [ACK] Seq=1024 Ack=2714 Win=42496 Len=0"
"9094","80.276400","FioImma.local","ab.chatgpt.com","TCP","55","[TCP Keep-Alive] 54805  >  443 [ACK] Seq=23677 Ack=6140 Win=130304 Len=1 [TCP PDU reassembled in 598]"
"9095","80.290565","ab.chatgpt.com","FioImma.local","TCP","66","[TCP Keep-Alive ACK] 443  >  54805 [ACK] Seq=6140 Ack=23678 Win=131072 Len=0 SLE=23677 SRE=23678"
"9096","80.402134","FioImma.local","safebrowsing.googleapis.com","TCP","55","[TCP Keep-Alive] 54806  >  443 [ACK] Seq=4425 Ack=3466 Win=130560 Len=1"
"9097","80.414553","safebrowsing.googleapis.com","FioImma.local","TCP","66","[TCP Keep-Alive ACK] 443  >  54806 [ACK] Seq=3466 Ack=4426 Win=78080 Len=0 SLE=4425 SRE=4426"
"9098","80.684993","FioImma.local","cdn.parsely.com","TCP","55","[TCP Keep-Alive] 54807  >  443 [ACK] Seq=2505 Ack=843 Win=131584 Len=1"
"9099","80.700209","cdn.parsely.com","FioImma.local","TCP","66","[TCP Keep-Alive ACK] 443  >  54807 [ACK] Seq=843 Ack=2506 Win=74240 Len=0 SLE=2505 SRE=2506"
"9100","80.843802","FioImma.local","d2jj6g4vsh8eh.cloudfront.net","TCP","55","[TCP Keep-Alive] 54812  >  443 [ACK] Seq=3621 Ack=4292 Win=132352 Len=1"
"9101","80.868935","FioImma.local","www3.l.google.com","TCP","55","[TCP Keep-Alive] 54811  >  443 [ACK] Seq=4898 Ack=21455 Win=131072 Len=1"
"9102","80.882283","www3.l.google.com","FioImma.local","TCP","66","[TCP Keep-Alive ACK] 443  >  54811 [ACK] Seq=21455 Ack=4899 Win=77056 Len=0 SLE=4898 SRE=4899"
"9103","80.890505","d2jj6g4vsh8eh.cloudfront.net","FioImma.local","TCP","66","[TCP Keep-Alive ACK] 443  >  54812 [ACK] Seq=4292 Ack=3622 Win=80384 Len=0 SLE=3621 SRE=3622"
"9104","81.005215","FioImma.local","102.221.186.35.bc.googleusercontent.com","TCP","55","[TCP Keep-Alive] 54633  >  443 [ACK] Seq=791 Ack=405 Win=511 Len=1"
"9105","81.017867","102.221.186.35.bc.googleusercontent.com","FioImma.local","TCP","66","[TCP Keep-Alive ACK] 443  >  54633 [ACK] Seq=405 Ack=792 Win=356 Len=0 SLE=791 SRE=792"
"9106","81.018636","FioImma.local","d2gt2ux04o03l1.cloudfront.net","TCP","55","[TCP Keep-Alive] 54809  >  443 [ACK] Seq=2755 Ack=1676 Win=132352 Len=1"
"9107","81.030752","d2gt2ux04o03l1.cloudfront.net","FioImma.local","TCP","66","[TCP Keep-Alive ACK] 443  >  54809 [ACK] Seq=1676 Ack=2756 Win=77312 Len=0 SLE=2755 SRE=2756"
"9108","81.202509","FioImma.local","waws-prod-blu-171.eastus.cloudapp.azure.com","TCP","55","[TCP Keep-Alive] 54810  >  443 [ACK] Seq=2380 Ack=3995 Win=132352 Len=1"
"9109","81.242527","FioImma.local","ieee.hum.works","TCP","55","[TCP Keep-Alive] 54817  >  443 [ACK] Seq=2723 Ack=1107 Win=130048 Len=1"
"9110","81.252662","ieee.hum.works","FioImma.local","TCP","66","[TCP Keep-Alive ACK] 443  >  54817 [ACK] Seq=1107 Ack=2724 Win=74240 Len=0 SLE=2723 SRE=2724"
"9111","81.331829","FioImma.local","googlehosted.l.googleusercontent.com","TCP","55","[TCP Keep-Alive] 54818  >  443 [ACK] Seq=3023 Ack=2829 Win=129792 Len=1"
"9112","81.344161","googlehosted.l.googleusercontent.com","FioImma.local","TCP","66","[TCP Keep-Alive ACK] 443  >  54818 [ACK] Seq=2829 Ack=3024 Win=74240 Len=0 SLE=3023 SRE=3024"
"9113","81.425301","waws-prod-blu-171.eastus.cloudapp.azure.com","FioImma.local","TCP","66","[TCP Keep-Alive ACK] 443  >  54810 [ACK] Seq=3995 Ack=2381 Win=524288 Len=0 SLE=2380 SRE=2381"
"9114","81.518901","FioImma.local","h3.shared.global.fastly.net","TCP","55","[TCP Keep-Alive] 54823  >  443 [ACK] Seq=2514 Ack=5391 Win=130560 Len=1"
"9115","81.527194","FioImma.local","fonts.gstatic.com","TCP","55","[TCP Keep-Alive] 54822  >  443 [ACK] Seq=2487 Ack=22789 Win=131072 Len=1"
"9116","81.532366","h3.shared.global.fastly.net","FioImma.local","TCP","66","[TCP Keep-Alive ACK] 443  >  54823 [ACK] Seq=5391 Ack=2515 Win=155136 Len=0 SLE=2514 SRE=2515"
"9117","81.537639","fonts.gstatic.com","FioImma.local","TCP","66","[TCP Keep-Alive ACK] 443  >  54822 [ACK] Seq=22789 Ack=2488 Win=74240 Len=0 SLE=2487 SRE=2488"
"9118","81.736518","FioImma.local","scholar.l.google.com","TCP","55","[TCP Keep-Alive] 54813  >  443 [ACK] Seq=3827 Ack=7020 Win=130560 Len=1"
"9119","81.736596","FioImma.local","dcs-public-edge-ind1-566352572.ap-south-1.elb.amazonaws.com","TCP","55","[TCP Keep-Alive] 54825  >  443 [ACK] Seq=2726 Ack=8189 Win=131328 Len=1"
"9120","81.746976","scholar.l.google.com","FioImma.local","TCP","66","[TCP Keep-Alive ACK] 443  >  54813 [ACK] Seq=7020 Ack=3828 Win=77056 Len=0 SLE=3827 SRE=3828"
"9121","81.775082","dcs-public-edge-ind1-566352572.ap-south-1.elb.amazonaws.com","FioImma.local","TCP","66","[TCP Keep-Alive ACK] 443  >  54825 [ACK] Seq=8189 Ack=2727 Win=50688 Len=0 SLE=2726 SRE=2727"
"9122","81.832246","FioImma.local","www.gstatic.com","TCP","55","[TCP Keep-Alive] 54816  >  443 [ACK] Seq=6628 Ack=190656 Win=131072 Len=1"
"9123","81.832314","FioImma.local","cm.everesttech.net.akadns.net","TCP","55","[TCP Keep-Alive] 54826  >  443 [ACK] Seq=2633 Ack=6105 Win=130560 Len=1"
"9124","81.843775","www.gstatic.com","FioImma.local","TCP","66","[TCP Keep-Alive ACK] 443  >  54816 [ACK] Seq=190656 Ack=6629 Win=85504 Len=0 SLE=6628 SRE=6629"
"9125","81.872739","FioImma.local","dzfq4ouujrxm8.cloudfront.net","TCP","55","[TCP Keep-Alive] 54815  >  443 [ACK] Seq=2643 Ack=7057 Win=131072 Len=1"
"9126","81.872824","FioImma.local","dcs-public-edge-ind1-566352572.ap-south-1.elb.amazonaws.com","TCP","55","[TCP Keep-Alive] 54821  >  443 [ACK] Seq=3022 Ack=6462 Win=131328 Len=1"
"9127","81.881262","FioImma.local","d2gt2ux04o03l1.cloudfront.net","TCP","55","[TCP Keep-Alive] 54820  >  443 [ACK] Seq=2850 Ack=1658 Win=132352 Len=1"
"9128","81.881561","cm.everesttech.net.akadns.net","FioImma.local","TCP","66","[TCP Keep-Alive ACK] 443  >  54826 [ACK] Seq=6105 Ack=2634 Win=50688 Len=0 SLE=2633 SRE=2634"
"9129","81.886875","dzfq4ouujrxm8.cloudfront.net","FioImma.local","TCP","66","[TCP Keep-Alive ACK] 443  >  54815 [ACK] Seq=7057 Ack=2644 Win=74240 Len=0 SLE=2643 SRE=2644"
"9130","81.892306","d2gt2ux04o03l1.cloudfront.net","FioImma.local","TCP","66","[TCP Keep-Alive ACK] 443  >  54820 [ACK] Seq=1658 Ack=2851 Win=77312 Len=0 SLE=2850 SRE=2851"
"9131","81.896797","FioImma.local","securepubads.g.doubleclick.net","TCP","55","[TCP Keep-Alive] 54828  >  443 [ACK] Seq=3652 Ack=2841 Win=129792 Len=1"
"9132","81.906580","securepubads.g.doubleclick.net","FioImma.local","TCP","66","[TCP Keep-Alive ACK] 443  >  54828 [ACK] Seq=2841 Ack=3653 Win=77056 Len=0 SLE=3652 SRE=3653"
"9133","81.912544","dcs-public-edge-ind1-566352572.ap-south-1.elb.amazonaws.com","FioImma.local","TCP","66","[TCP Keep-Alive ACK] 443  >  54821 [ACK] Seq=6462 Ack=3023 Win=68608 Len=0 SLE=3022 SRE=3023"
"9134","81.940633","FioImma.local","threat.api.mcafee.net","TCP","55","[TCP Keep-Alive] 54829  >  443 [ACK] Seq=3447 Ack=6847 Win=131072 Len=1 [TCP PDU reassembled in 1584]"
"9135","81.987801","threat.api.mcafee.net","FioImma.local","TCP","66","[TCP Keep-Alive ACK] 443  >  54829 [ACK] Seq=6847 Ack=3448 Win=53248 Len=0 SLE=3447 SRE=3448"
"9136","82.035506","FioImma.local","pagead-googlehosted.l.google.com","TCP","55","[TCP Keep-Alive] 54830  >  443 [ACK] Seq=2802 Ack=9980 Win=131072 Len=1"
"9137","82.046602","pagead-googlehosted.l.google.com","FioImma.local","TCP","66","[TCP Keep-Alive ACK] 443  >  54830 [ACK] Seq=9980 Ack=2803 Win=74240 Len=0 SLE=2802 SRE=2803"
"9138","82.124999","FioImma.local","securepubads.g.doubleclick.net","TCP","55","[TCP Keep-Alive] 54814  >  443 [ACK] Seq=11909 Ack=233937 Win=130560 Len=1"
"9139","82.125091","FioImma.local","pagead2.googlesyndication.com","TCP","55","[TCP Keep-Alive] 54831  >  443 [ACK] Seq=2608 Ack=7122 Win=131072 Len=1"
"9140","82.135905","securepubads.g.doubleclick.net","FioImma.local","TCP","66","[TCP Keep-Alive ACK] 443  >  54814 [ACK] Seq=233937 Ack=11910 Win=96768 Len=0 SLE=11909 SRE=11910"
"9141","82.135905","pagead2.googlesyndication.com","FioImma.local","TCP","66","[TCP Keep-Alive ACK] 443  >  54831 [ACK] Seq=7122 Ack=2609 Win=74240 Len=0 SLE=2608 SRE=2609"
"9142","82.266477","FioImma.local","www.google.com","TCP","55","[TCP Keep-Alive] 54833  >  443 [ACK] Seq=3676 Ack=2893 Win=131072 Len=1"
"9143","82.278180","www.google.com","FioImma.local","TCP","66","[TCP Keep-Alive ACK] 443  >  54833 [ACK] Seq=2893 Ack=3677 Win=74240 Len=0 SLE=3676 SRE=3677"
"9144","82.455368","FioImma.local","tpc.googlesyndication.com","TCP","55","[TCP Keep-Alive] 54836  >  443 [ACK] Seq=1873 Ack=6365 Win=130304 Len=1"
"9145","82.467615","tpc.googlesyndication.com","FioImma.local","TCP","66","[TCP Keep-Alive ACK] 443  >  54836 [ACK] Seq=6365 Ack=1874 Win=71424 Len=0 SLE=1873 SRE=1874"
"9146","82.568602","FioImma.local","1.80.190.35.bc.googleusercontent.com","TCP","55","[TCP Keep-Alive] 54715  >  443 [ACK] Seq=1 Ack=1 Win=511 Len=1"
"9147","82.577122","FioImma.local","www.googleadservices.com","TCP","55","[TCP Keep-Alive] 54837  >  443 [ACK] Seq=3547 Ack=2951 Win=131072 Len=1"
"9148","82.579974","1.80.190.35.bc.googleusercontent.com","FioImma.local","TCP","66","[TCP Keep-Alive ACK] 443  >  54715 [ACK] Seq=1 Ack=2 Win=411 Len=0 SLE=1 SRE=2"
"9149","82.586602","www.googleadservices.com","FioImma.local","TCP","66","[TCP Keep-Alive ACK] 443  >  54837 [ACK] Seq=2951 Ack=3548 Win=77056 Len=0 SLE=3547 SRE=3548"
"9150","82.605959","FioImma.local","securepubads.g.doubleclick.net","TCP","55","[TCP Keep-Alive] 54838  >  443 [ACK] Seq=4389 Ack=3402 Win=131072 Len=1"
"9151","82.617081","securepubads.g.doubleclick.net","FioImma.local","TCP","66","[TCP Keep-Alive ACK] 443  >  54838 [ACK] Seq=3402 Ack=4390 Win=77056 Len=0 SLE=4389 SRE=4390"
"9152","82.642807","192.168.1.1","all-systems.mcast.net","IGMPv3","50","Membership Query, general"
"9153","82.684470","FioImma.local","waws-prod-blu-171.eastus.cloudapp.azure.com","TCP","55","[TCP Keep-Alive] 54824  >  443 [ACK] Seq=3169 Ack=4360 Win=131840 Len=1"
"9154","82.776271","FioImma.local","igmp.mcast.net","IGMPv3","54","Membership Report / Join group 224.0.0.251 for any sources"
"9155","82.914752","waws-prod-blu-171.eastus.cloudapp.azure.com","FioImma.local","TCP","66","[TCP Keep-Alive ACK] 443  >  54824 [ACK] Seq=4360 Ack=3170 Win=524288 Len=0 SLE=3169 SRE=3170"
"9156","82.984662","FioImma.local","tpc.googlesyndication.com","TCP","55","[TCP Keep-Alive] 54835  >  443 [ACK] Seq=3259 Ack=230699 Win=262400 Len=1"
"9157","82.997194","tpc.googlesyndication.com","FioImma.local","TCP","66","[TCP Keep-Alive ACK] 443  >  54835 [ACK] Seq=230699 Ack=3260 Win=74240 Len=0 SLE=3259 SRE=3260"
"9158","83.085163","FioImma.local","22.224.186.35.bc.googleusercontent.com","TCP","55","[TCP Keep-Alive] 54599  >  443 [ACK] Seq=899 Ack=3672 Win=512 Len=1"
"9159","83.096414","22.224.186.35.bc.googleusercontent.com","FioImma.local","TCP","66","[TCP Keep-Alive ACK] 443  >  54599 [ACK] Seq=3672 Ack=900 Win=489 Len=0 SLE=899 SRE=900"
"9160","83.156043","FioImma.local","www.google.com","TCP","55","[TCP Keep-Alive] 54842  >  443 [ACK] Seq=3884 Ack=4099 Win=131072 Len=1"
"9161","83.168015","www.google.com","FioImma.local","TCP","66","[TCP Keep-Alive ACK] 443  >  54842 [ACK] Seq=4099 Ack=3885 Win=74240 Len=0 SLE=3884 SRE=3885"
"9162","83.249460","FioImma.local","rr2.sn-o3o-itqz.googlevideo.com","TCP","1514","54867  >  443 [ACK] Seq=13322 Ack=2148586 Win=1051136 Len=1460 [TCP PDU reassembled in 9163]"
"9163","83.249460","FioImma.local","rr2.sn-o3o-itqz.googlevideo.com","TLSv1.3","556","Application Data"
"9164","83.249598","FioImma.local","rr2.sn-o3o-itqz.googlevideo.com","TCP","1514","54867  >  443 [ACK] Seq=15284 Ack=2148586 Win=1051136 Len=1460 [TCP PDU reassembled in 9165]"
"9165","83.249598","FioImma.local","rr2.sn-o3o-itqz.googlevideo.com","TLSv1.3","509","Application Data"
"9166","83.281545","rr2.sn-o3o-itqz.googlevideo.com","FioImma.local","TCP","60","443  >  54867 [ACK] Seq=2148586 Ack=15284 Win=112384 Len=0"
"9167","83.281545","rr2.sn-o3o-itqz.googlevideo.com","FioImma.local","TCP","60","443  >  54867 [ACK] Seq=2148586 Ack=17199 Win=118272 Len=0"
"9168","83.284795","rr2.sn-o3o-itqz.googlevideo.com","FioImma.local","TLSv1.3","1479","Application Data, Application Data, Application Data, Application Data, Application Data, Application Data, Application Data, Application Data, Application Data, Application Data, Application Data, Application Data, Application Data, Application Data, Application Data, Application Data"
"9169","83.284795","rr2.sn-o3o-itqz.googlevideo.com","FioImma.local","TLSv1.3","21954","Application Data, Application Data, Application Data, Application Data, Application Data, Application Data"
"9170","83.284944","FioImma.local","rr2.sn-o3o-itqz.googlevideo.com","TCP","54","54867  >  443 [ACK] Seq=17199 Ack=2171911 Win=1051136 Len=0"
"9171","83.285683","rr2.sn-o3o-itqz.googlevideo.com","FioImma.local","TCP","1514","443  >  54867 [ACK] Seq=2171911 Ack=17199 Win=118272 Len=1460 [TCP PDU reassembled in 9172]"
"9172","83.285683","rr2.sn-o3o-itqz.googlevideo.com","FioImma.local","TLSv1.3","14654","Application Data"
"9173","83.285683","rr2.sn-o3o-itqz.googlevideo.com","FioImma.local","TCP","1514","443  >  54867 [ACK] Seq=2187971 Ack=17199 Win=118272 Len=1460 [TCP PDU reassembled in 9174]"
"9174","83.285683","rr2.sn-o3o-itqz.googlevideo.com","FioImma.local","TLSv1.3","11734","Application Data"
"9175","83.285802","FioImma.local","rr2.sn-o3o-itqz.googlevideo.com","TCP","54","54867  >  443 [ACK] Seq=17199 Ack=2201111 Win=1051136 Len=0"
"9176","83.286107","rr2.sn-o3o-itqz.googlevideo.com","FioImma.local","TLSv1.3","17574","Application Data"
"9177","83.286183","FioImma.local","rr2.sn-o3o-itqz.googlevideo.com","TCP","54","54867  >  443 [ACK] Seq=17199 Ack=2218631 Win=1051136 Len=0"
"9178","83.287066","rr2.sn-o3o-itqz.googlevideo.com","FioImma.local","TLSv1.3","16114","Application Data"
"9179","83.287161","FioImma.local","rr2.sn-o3o-itqz.googlevideo.com","TCP","54","54867  >  443 [ACK] Seq=17199 Ack=2234691 Win=1051136 Len=0"
"9180","83.287585","rr2.sn-o3o-itqz.googlevideo.com","FioImma.local","TCP","7354","443  >  54867 [ACK] Seq=2234691 Ack=17199 Win=118272 Len=7300 [TCP PDU reassembled in 9182]"
"9181","83.287648","FioImma.local","rr2.sn-o3o-itqz.googlevideo.com","TCP","54","54867  >  443 [ACK] Seq=17199 Ack=2241991 Win=1051136 Len=0"
"9182","83.290612","rr2.sn-o3o-itqz.googlevideo.com","FioImma.local","TLSv1.3","51154","Application Data, Application Data, Application Data, Application Data, Application Data, Application Data, Application Data, Application Data, Application Data, Application Data, Application Data, Application Data"
"9183","83.290723","FioImma.local","rr2.sn-o3o-itqz.googlevideo.com","TCP","54","54867  >  443 [ACK] Seq=17199 Ack=2293091 Win=1051136 Len=0"
"9184","83.290926","rr2.sn-o3o-itqz.googlevideo.com","FioImma.local","TLSv1.3","14654","Application Data"
"9185","83.290979","FioImma.local","rr2.sn-o3o-itqz.googlevideo.com","TCP","54","54867  >  443 [ACK] Seq=17199 Ack=2307691 Win=1051136 Len=0"
"9186","83.291050","rr2.sn-o3o-itqz.googlevideo.com","FioImma.local","TLSv1.3","4434","Application Data"
"9187","83.291082","FioImma.local","rr2.sn-o3o-itqz.googlevideo.com","TCP","54","54867  >  443 [ACK] Seq=17199 Ack=2312071 Win=1051136 Len=0"
"9188","83.291944","rr2.sn-o3o-itqz.googlevideo.com","FioImma.local","TCP","7354","443  >  54867 [PSH, ACK] Seq=2312071 Ack=17199 Win=118272 Len=7300 [TCP PDU reassembled in 9190]"
"9189","83.292014","FioImma.local","rr2.sn-o3o-itqz.googlevideo.com","TCP","54","54867  >  443 [ACK] Seq=17199 Ack=2319371 Win=1051136 Len=0"
"9190","83.292125","rr2.sn-o3o-itqz.googlevideo.com","FioImma.local","TLSv1.3","14654","Application Data"
"9191","83.292173","FioImma.local","rr2.sn-o3o-itqz.googlevideo.com","TCP","54","54867  >  443 [ACK] Seq=17199 Ack=2333971 Win=1051136 Len=0"
"9192","83.292211","rr2.sn-o3o-itqz.googlevideo.com","FioImma.local","TCP","1514","443  >  54867 [ACK] Seq=2333971 Ack=17199 Win=118272 Len=1460 [TCP PDU reassembled in 9194]"
"9193","83.292225","FioImma.local","rr2.sn-o3o-itqz.googlevideo.com","TCP","54","54867  >  443 [ACK] Seq=17199 Ack=2335431 Win=1051136 Len=0"
"9194","83.293962","rr2.sn-o3o-itqz.googlevideo.com","FioImma.local","TLSv1.3","23414","Application Data"
"9195","83.294057","FioImma.local","rr2.sn-o3o-itqz.googlevideo.com","TCP","54","54867  >  443 [ACK] Seq=17199 Ack=2358791 Win=1051136 Len=0"
"9196","83.294368","rr2.sn-o3o-itqz.googlevideo.com","FioImma.local","TLSv1.3","27794","Application Data, Application Data"
"9197","83.294426","FioImma.local","rr2.sn-o3o-itqz.googlevideo.com","TCP","54","54867  >  443 [ACK] Seq=17199 Ack=2386531 Win=1051136 Len=0"
"9198","83.294731","rr2.sn-o3o-itqz.googlevideo.com","FioImma.local","TLSv1.3","13194","Application Data"
"9199","83.294790","FioImma.local","rr2.sn-o3o-itqz.googlevideo.com","TCP","54","54867  >  443 [ACK] Seq=17199 Ack=2399671 Win=1051136 Len=0"
"9200","83.294882","rr2.sn-o3o-itqz.googlevideo.com","FioImma.local","TCP","1514","443  >  54867 [ACK] Seq=2399671 Ack=17199 Win=118272 Len=1460 [TCP PDU reassembled in 9203]"
"9201","83.294882","rr2.sn-o3o-itqz.googlevideo.com","FioImma.local","TCP","4434","443  >  54867 [ACK] Seq=2401131 Ack=17199 Win=118272 Len=4380 [TCP PDU reassembled in 9203]"
"9202","83.294921","FioImma.local","rr2.sn-o3o-itqz.googlevideo.com","TCP","54","54867  >  443 [ACK] Seq=17199 Ack=2405511 Win=1051136 Len=0"
"9203","83.296218","rr2.sn-o3o-itqz.googlevideo.com","FioImma.local","TLSv1.3","23414","Application Data, Application Data"
"9204","83.296330","FioImma.local","rr2.sn-o3o-itqz.googlevideo.com","TCP","54","54867  >  443 [ACK] Seq=17199 Ack=2428871 Win=1051136 Len=0"
"9205","83.298143","rr2.sn-o3o-itqz.googlevideo.com","FioImma.local","TLSv1.3","23414","Application Data, Application Data, Application Data, Application Data, Application Data, Application Data, Application Data, Application Data, Application Data, Application Data, Application Data"
"9206","83.298229","FioImma.local","rr2.sn-o3o-itqz.googlevideo.com","TCP","54","54867  >  443 [ACK] Seq=17199 Ack=2452231 Win=1051136 Len=0"
"9207","83.298319","rr2.sn-o3o-itqz.googlevideo.com","FioImma.local","TCP","8814","443  >  54867 [ACK] Seq=2452231 Ack=17199 Win=118272 Len=8760 [TCP PDU reassembled in 9209]"
"9208","83.298367","FioImma.local","rr2.sn-o3o-itqz.googlevideo.com","TCP","54","54867  >  443 [ACK] Seq=17199 Ack=2460991 Win=1051136 Len=0"
"9209","83.298576","rr2.sn-o3o-itqz.googlevideo.com","FioImma.local","TLSv1.3","14654","Application Data"
"9210","83.298620","FioImma.local","rr2.sn-o3o-itqz.googlevideo.com","TCP","54","54867  >  443 [ACK] Seq=17199 Ack=2475591 Win=1051136 Len=0"
"9211","83.300564","FioImma.local","pagead2.googlesyndication.com","TCP","55","[TCP Keep-Alive] 54843  >  443 [ACK] Seq=3057 Ack=2883 Win=129792 Len=1"
"9212","83.300817","rr2.sn-o3o-itqz.googlevideo.com","FioImma.local","TLSv1.3","23414","Application Data, Application Data"
"9213","83.300919","FioImma.local","rr2.sn-o3o-itqz.googlevideo.com","TCP","54","54867  >  443 [ACK] Seq=17199 Ack=2498951 Win=1051136 Len=0"
"9214","83.301068","rr2.sn-o3o-itqz.googlevideo.com","FioImma.local","TLSv1.3","19034","Application Data"
"9215","83.301127","FioImma.local","rr2.sn-o3o-itqz.googlevideo.com","TCP","54","54867  >  443 [ACK] Seq=17199 Ack=2517931 Win=1051136 Len=0"
"9216","83.301203","rr2.sn-o3o-itqz.googlevideo.com","FioImma.local","TCP","4434","443  >  54867 [ACK] Seq=2517931 Ack=17199 Win=118272 Len=4380 [TCP PDU reassembled in 9220]"
"9217","83.301232","FioImma.local","rr2.sn-o3o-itqz.googlevideo.com","TCP","54","54867  >  443 [ACK] Seq=17199 Ack=2522311 Win=1051136 Len=0"
"9218","83.302244","rr2.sn-o3o-itqz.googlevideo.com","FioImma.local","TCP","7354","443  >  54867 [ACK] Seq=2522311 Ack=17199 Win=118272 Len=7300 [TCP PDU reassembled in 9220]"
"9219","83.302302","FioImma.local","rr2.sn-o3o-itqz.googlevideo.com","TCP","54","54867  >  443 [ACK] Seq=17199 Ack=2529611 Win=1051136 Len=0"
"9220","83.302520","rr2.sn-o3o-itqz.googlevideo.com","FioImma.local","TLSv1.3","14654","Application Data"
"9221","83.302597","FioImma.local","rr2.sn-o3o-itqz.googlevideo.com","TCP","54","54867  >  443 [ACK] Seq=17199 Ack=2544211 Win=1051136 Len=0"
"9222","83.302713","rr2.sn-o3o-itqz.googlevideo.com","FioImma.local","TLSv1.3","7354","Application Data"
"9223","83.302765","FioImma.local","rr2.sn-o3o-itqz.googlevideo.com","TCP","54","54867  >  443 [ACK] Seq=17199 Ack=2551511 Win=1051136 Len=0"
"9224","83.303054","rr2.sn-o3o-itqz.googlevideo.com","FioImma.local","TLSv1.3","17574","Application Data"
"9225","83.303124","FioImma.local","rr2.sn-o3o-itqz.googlevideo.com","TCP","54","54867  >  443 [ACK] Seq=17199 Ack=2569031 Win=1051136 Len=0"
"9226","83.305024","rr2.sn-o3o-itqz.googlevideo.com","FioImma.local","TLSv1.3","35094","Application Data, Application Data"
"9227","83.305162","FioImma.local","rr2.sn-o3o-itqz.googlevideo.com","TCP","54","54867  >  443 [ACK] Seq=17199 Ack=2604071 Win=1051136 Len=0"
"9228","83.305232","rr2.sn-o3o-itqz.googlevideo.com","FioImma.local","TLSv1.3","937","Application Data, Application Data, Application Data, Application Data, Application Data, Application Data"
"9229","83.311985","pagead2.googlesyndication.com","FioImma.local","TCP","66","[TCP Keep-Alive ACK] 443  >  54843 [ACK] Seq=2883 Ack=3058 Win=74240 Len=0 SLE=3057 SRE=3058"
"9230","83.345365","FioImma.local","rr2.sn-o3o-itqz.googlevideo.com","TCP","54","54867  >  443 [ACK] Seq=17199 Ack=2604954 Win=1050112 Len=0"
"9231","83.434356","FioImma.local","ieee.hum.works","TCP","55","[TCP Keep-Alive] 54827  >  443 [ACK] Seq=4962 Ack=4631 Win=131072 Len=1"
"9232","83.434453","FioImma.local","tpc.googlesyndication.com","TCP","55","[TCP Keep-Alive] 54844  >  443 [ACK] Seq=3037 Ack=2620 Win=130048 Len=1"
"9233","83.446378","ieee.hum.works","FioImma.local","TCP","66","[TCP Keep-Alive ACK] 443  >  54827 [ACK] Seq=4631 Ack=4963 Win=85504 Len=0 SLE=4962 SRE=4963"
"9234","83.446378","tpc.googlesyndication.com","FioImma.local","TCP","66","[TCP Keep-Alive ACK] 443  >  54844 [ACK] Seq=2620 Ack=3038 Win=74240 Len=0 SLE=3037 SRE=3038"
"9235","83.601199","FioImma.local","maa03s41-in-f14.1e100.net","TCP","1466","54642  >  443 [ACK] Seq=100848 Ack=111015 Win=512 Len=1412 [TCP PDU reassembled in 9237]"
"9236","83.601199","FioImma.local","maa03s41-in-f14.1e100.net","TCP","1466","54642  >  443 [ACK] Seq=102260 Ack=111015 Win=512 Len=1412 [TCP PDU reassembled in 9237]"
"9237","83.601199","FioImma.local","maa03s41-in-f14.1e100.net","TLSv1.2","656","Application Data"
"9238","83.611761","maa03s41-in-f14.1e100.net","FioImma.local","TCP","60","443  >  54642 [ACK] Seq=111015 Ack=102260 Win=2048 Len=0"
"9239","83.613659","maa03s41-in-f14.1e100.net","FioImma.local","TCP","60","443  >  54642 [ACK] Seq=111015 Ack=103672 Win=2048 Len=0"
"9240","83.613659","maa03s41-in-f14.1e100.net","FioImma.local","TCP","60","443  >  54642 [ACK] Seq=111015 Ack=104274 Win=2048 Len=0"
"9241","83.650086","FioImma.local","d34ow7epij5zhk.cloudfront.net","TCP","55","[TCP Keep-Alive] 54808  >  443 [ACK] Seq=100098 Ack=60791 Win=131840 Len=1 [TCP PDU reassembled in 2035]"
"9242","83.663810","d34ow7epij5zhk.cloudfront.net","FioImma.local","TCP","66","[TCP Keep-Alive ACK] 443  >  54808 [ACK] Seq=60791 Ack=100099 Win=314880 Len=0 SLE=100098 SRE=100099"
"9243","83.667059","maa03s41-in-f14.1e100.net","FioImma.local","TLSv1.2","131","Application Data"
"9244","83.667059","maa03s41-in-f14.1e100.net","FioImma.local","TLSv1.2","85","Application Data"
"9245","83.667059","maa03s41-in-f14.1e100.net","FioImma.local","TLSv1.2","93","Application Data"
"9246","83.667131","FioImma.local","maa03s41-in-f14.1e100.net","TCP","54","54642  >  443 [ACK] Seq=104274 Ack=111162 Win=512 Len=0"
"9247","83.667488","FioImma.local","maa03s41-in-f14.1e100.net","TLSv1.2","93","Application Data"
"9248","83.678856","maa03s41-in-f14.1e100.net","FioImma.local","TCP","60","443  >  54642 [ACK] Seq=111162 Ack=104313 Win=2048 Len=0"
"9249","83.755221","FioImma.local","js.zi-scripts.com","TCP","55","[TCP Keep-Alive] 54841  >  443 [ACK] Seq=2952 Ack=2704 Win=130560 Len=1"
"9250","83.768774","js.zi-scripts.com","FioImma.local","TCP","66","[TCP Keep-Alive ACK] 443  >  54841 [ACK] Seq=2704 Ack=2953 Win=81920 Len=0 SLE=2952 SRE=2953"
"9251","84.109813","FioImma.local","40.224.186.35.bc.googleusercontent.com","TLSv1.2","97","Application Data"
"9252","84.122004","40.224.186.35.bc.googleusercontent.com","FioImma.local","TCP","60","443  >  54517 [ACK] Seq=81 Ack=130 Win=290 Len=0"
"9253","84.205537","40.224.186.35.bc.googleusercontent.com","FioImma.local","TLSv1.2","94","Application Data"
"9254","84.256016","FioImma.local","40.224.186.35.bc.googleusercontent.com","TCP","54","54517  >  443 [ACK] Seq=130 Ack=121 Win=509 Len=0"
"9255","84.415937","FioImma.local","pagead2.googlesyndication.com","TCP","55","[TCP Keep-Alive] 54847  >  443 [ACK] Seq=4023 Ack=2883 Win=129792 Len=1"
"9256","84.428287","pagead2.googlesyndication.com","FioImma.local","TCP","66","[TCP Keep-Alive ACK] 443  >  54847 [ACK] Seq=2883 Ack=4024 Win=74240 Len=0 SLE=4023 SRE=4024"
"9257","84.660539","FioImma.local","www.googleadservices.com","TCP","55","[TCP Keep-Alive] 54848  >  443 [ACK] Seq=5443 Ack=6776 Win=129792 Len=1"
"9258","84.670636","www.googleadservices.com","FioImma.local","TCP","66","[TCP Keep-Alive ACK] 443  >  54848 [ACK] Seq=6776 Ack=5444 Win=82688 Len=0 SLE=5443 SRE=5444"
"9259","84.718877","FioImma.local","ws.zoominfo.com","TCP","55","[TCP Keep-Alive] 54846  >  443 [ACK] Seq=2991 Ack=3698 Win=131584 Len=1"
"9260","84.760135","ws.zoominfo.com","FioImma.local","TCP","66","[TCP Keep-Alive ACK] 443  >  54846 [ACK] Seq=3698 Ack=2992 Win=81920 Len=0 SLE=2991 SRE=2992"
"9261","85.300864","threat.api.mcafee.net","FioImma.local","TCP","60","[TCP Keep-Alive] 443  >  54829 [ACK] Seq=6846 Ack=3448 Win=53248 Len=0"
"9262","85.300928","FioImma.local","threat.api.mcafee.net","TCP","54","[TCP Keep-Alive ACK] 54829  >  443 [ACK] Seq=3448 Ack=6847 Win=131072 Len=0"
"9263","85.356009","FioImma.local","www.googleadservices.com","TCP","55","[TCP Keep-Alive] 54849  >  443 [ACK] Seq=5411 Ack=6776 Win=129792 Len=1"
"9264","85.365785","www.googleadservices.com","FioImma.local","TCP","66","[TCP Keep-Alive ACK] 443  >  54849 [ACK] Seq=6776 Ack=5412 Win=82688 Len=0 SLE=5411 SRE=5412"
"9265","85.456311","FioImma.local","ws.zoominfo.com","TCP","55","[TCP Keep-Alive] 54845  >  443 [ACK] Seq=3410 Ack=3734 Win=131584 Len=1"
"9266","86.253599","FioImma.local","ec2-35-174-127-31.compute-1.amazonaws.com","TLSv1.2","297","Application Data"
"9267","86.270440","13.107.246.254","FioImma.local","TLSv1.2","78","Application Data"
"9268","86.270440","13.107.246.254","FioImma.local","TCP","54","443  >  54792 [FIN, ACK] Seq=25 Ack=1 Win=83 Len=0"
"9269","86.270531","FioImma.local","13.107.246.254","TCP","54","54792  >  443 [ACK] Seq=1 Ack=26 Win=1023 Len=0"
"9270","86.488034","ec2-35-174-127-31.compute-1.amazonaws.com","FioImma.local","TCP","60","443  >  54503 [ACK] Seq=1355 Ack=1606 Win=819 Len=0"
"9271","86.488034","ec2-35-174-127-31.compute-1.amazonaws.com","FioImma.local","TLSv1.2","323","Application Data"
"9272","86.499510","FioImma.local","rr2.sn-o3o-itqz.googlevideo.com","TCP","1514","54867  >  443 [ACK] Seq=17199 Ack=2604954 Win=1050112 Len=1460 [TCP PDU reassembled in 9273]"
"9273","86.499510","FioImma.local","rr2.sn-o3o-itqz.googlevideo.com","TLSv1.3","556","Application Data"
"9274","86.499645","FioImma.local","rr2.sn-o3o-itqz.googlevideo.com","TCP","1514","54867  >  443 [ACK] Seq=19161 Ack=2604954 Win=1050112 Len=1460 [TCP PDU reassembled in 9275]"
"9275","86.499645","FioImma.local","rr2.sn-o3o-itqz.googlevideo.com","TLSv1.3","510","Application Data"
"9276","86.530727","rr2.sn-o3o-itqz.googlevideo.com","FioImma.local","TCP","60","443  >  54867 [ACK] Seq=2604954 Ack=19161 Win=124160 Len=0"
"9277","86.530727","rr2.sn-o3o-itqz.googlevideo.com","FioImma.local","TCP","60","443  >  54867 [ACK] Seq=2604954 Ack=21077 Win=129792 Len=0"
"9278","86.534826","rr2.sn-o3o-itqz.googlevideo.com","FioImma.local","TLSv1.3","1479","Application Data, Application Data, Application Data, Application Data, Application Data, Application Data, Application Data, Application Data, Application Data, Application Data, Application Data, Application Data, Application Data, Application Data, Application Data, Application Data"
"9279","86.534826","rr2.sn-o3o-itqz.googlevideo.com","FioImma.local","TLSv1.3","21954","Application Data, Application Data, Application Data, Application Data, Application Data, Application Data"
"9280","86.535045","FioImma.local","rr2.sn-o3o-itqz.googlevideo.com","TCP","54","54867  >  443 [ACK] Seq=21077 Ack=2628279 Win=1051136 Len=0"
"9281","86.535982","FioImma.local","ec2-35-174-127-31.compute-1.amazonaws.com","TCP","54","54503  >  443 [ACK] Seq=1606 Ack=1624 Win=507 Len=0"
"9282","86.536427","rr2.sn-o3o-itqz.googlevideo.com","FioImma.local","TLSv1.3","49694","Application Data, Application Data, Application Data"
"9283","86.536553","FioImma.local","rr2.sn-o3o-itqz.googlevideo.com","TCP","54","54867  >  443 [ACK] Seq=21077 Ack=2677919 Win=1051136 Len=0"
"9284","86.541633","rr2.sn-o3o-itqz.googlevideo.com","FioImma.local","TLSv1.3","64294","Application Data, Application Data, Application Data, Application Data, Application Data, Application Data, Application Data, Application Data, Application Data, Application Data, Application Data, Application Data, Application Data, Application Data"
"9285","86.541633","rr2.sn-o3o-itqz.googlevideo.com","FioImma.local","TLSv1.3","24874","Application Data"
"9286","86.541818","FioImma.local","rr2.sn-o3o-itqz.googlevideo.com","TCP","54","54867  >  443 [ACK] Seq=21077 Ack=2766979 Win=1051136 Len=0"
"9287","86.542048","rr2.sn-o3o-itqz.googlevideo.com","FioImma.local","TLSv1.3","24874","Application Data, Application Data"
"9288","86.542118","FioImma.local","rr2.sn-o3o-itqz.googlevideo.com","TCP","54","54867  >  443 [ACK] Seq=21077 Ack=2791799 Win=1026304 Len=0"
"9289","86.542127","FioImma.local","rr2.sn-o3o-itqz.googlevideo.com","TCP","54","[TCP Window Update] 54867  >  443 [ACK] Seq=21077 Ack=2791799 Win=1051136 Len=0"
"9290","86.543285","rr2.sn-o3o-itqz.googlevideo.com","FioImma.local","TLSv1.3","30714","Application Data, Application Data"
"9291","86.543460","FioImma.local","rr2.sn-o3o-itqz.googlevideo.com","TCP","54","54867  >  443 [ACK] Seq=21077 Ack=2822459 Win=1051136 Len=0"
"9292","86.544549","rr2.sn-o3o-itqz.googlevideo.com","FioImma.local","TLSv1.3","30714","Application Data"
"9293","86.544630","FioImma.local","rr2.sn-o3o-itqz.googlevideo.com","TCP","54","54867  >  443 [ACK] Seq=21077 Ack=2853119 Win=1051136 Len=0"
"9294","86.544864","rr2.sn-o3o-itqz.googlevideo.com","FioImma.local","TLSv1.3","8814","Application Data"
"9295","86.544927","FioImma.local","rr2.sn-o3o-itqz.googlevideo.com","TCP","54","54867  >  443 [ACK] Seq=21077 Ack=2861879 Win=1051136 Len=0"
"9296","86.546037","rr2.sn-o3o-itqz.googlevideo.com","FioImma.local","TCP","7354","443  >  54867 [ACK] Seq=2861879 Ack=21077 Win=129792 Len=7300 [TCP PDU reassembled in 9298]"
"9297","86.546110","FioImma.local","rr2.sn-o3o-itqz.googlevideo.com","TCP","54","54867  >  443 [ACK] Seq=21077 Ack=2869179 Win=1051136 Len=0"
"9298","86.546481","rr2.sn-o3o-itqz.googlevideo.com","FioImma.local","TLSv1.3","5894","Application Data"
"9299","86.546481","rr2.sn-o3o-itqz.googlevideo.com","FioImma.local","TLSv1.3","475","Application Data, Application Data, Application Data, Application Data, Application Data, Application Data"
"9300","86.546555","FioImma.local","rr2.sn-o3o-itqz.googlevideo.com","TCP","54","54867  >  443 [ACK] Seq=21077 Ack=2875440 Win=1051136 Len=0"
"9301","86.766091","FioImma.local","mdns.mcast.net","MDNS","85","Standard query 0x0000 ANY FioImma._dosvc._tcp.local, ""QM"" question"
"9302","86.766430","FioImma.local","ff02::fb","MDNS","105","Standard query 0x0000 ANY FioImma._dosvc._tcp.local, ""QM"" question"
"9303","86.947174","FioImma.local","mars.octa.edu","DNS","89","Standard query 0x9bf4 A v10.events.data.microsoft.com"
"9304","86.951799","FioImma.local","www.googleadservices.com","TCP","55","[TCP Keep-Alive] 54850  >  443 [ACK] Seq=5379 Ack=6775 Win=129792 Len=1"
"9305","86.967920","FioImma.local","mars.octa.edu","DNS","98","Standard query 0xce1b PTR 254.246.107.13.in-addr.arpa OPT"
"9306","86.973542","mars.octa.edu","FioImma.local","DNS","229","Standard query response 0x9bf4 A v10.events.data.microsoft.com CNAME win-global-asimov-leafs-events-data.trafficmanager.net CNAME onedscolprdcus00.centralus.cloudapp.azure.com A 13.89.178.26"
"9307","86.973542","www.googleadservices.com","FioImma.local","TCP","66","[TCP Keep-Alive ACK] 443  >  54850 [ACK] Seq=6775 Ack=5380 Win=82688 Len=0 SLE=5379 SRE=5380"
"9308","86.974236","FioImma.local","onedscolprdcus00.centralus.cloudapp.azure.com","TCP","66","54873  >  443 [SYN] Seq=0 Win=64240 Len=0 MSS=1460 WS=256 SACK_PERM"
"9309","87.000640","mars.octa.edu","FioImma.local","DNS","184","Standard query response 0xce1b No such name PTR 254.246.107.13.in-addr.arpa SOA ns1-07.azure-dns.com OPT"
"9310","87.029008","FioImma.local","mdns.mcast.net","MDNS","85","Standard query 0x0000 ANY FioImma._dosvc._tcp.local, ""QM"" question"
"9311","87.029252","FioImma.local","ff02::fb","MDNS","105","Standard query 0x0000 ANY FioImma._dosvc._tcp.local, ""QM"" question"
"9312","87.083504","FioImma.local","mars.octa.edu","DNS","91","Standard query 0xdee8 A settings-win.data.microsoft.com"
"9313","87.107621","mars.octa.edu","FioImma.local","DNS","221","Standard query response 0xdee8 A settings-win.data.microsoft.com CNAME atm-settingsfe-prod-geo2.trafficmanager.net CNAME settings-prod-uks-1.uksouth.cloudapp.azure.com A 51.11.168.232"
"9314","87.108225","FioImma.local","settings-prod-uks-1.uksouth.cloudapp.azure.com","TCP","66","54874  >  443 [SYN] Seq=0 Win=64240 Len=0 MSS=1460 WS=256 SACK_PERM"
"9315","87.221026","onedscolprdcus00.centralus.cloudapp.azure.com","FioImma.local","TCP","66","443  >  54873 [SYN, ACK] Seq=0 Ack=1 Win=65535 Len=0 MSS=1440 WS=256 SACK_PERM"
"9316","87.221098","FioImma.local","onedscolprdcus00.centralus.cloudapp.azure.com","TCP","54","54873  >  443 [ACK] Seq=1 Ack=1 Win=132352 Len=0"
"9317","87.221630","FioImma.local","onedscolprdcus00.centralus.cloudapp.azure.com","TLSv1.2","266","Client Hello (SNI=v10.events.data.microsoft.com)"
"9318","87.261575","settings-prod-uks-1.uksouth.cloudapp.azure.com","FioImma.local","TCP","66","443  >  54874 [SYN, ACK] Seq=0 Ack=1 Win=65535 Len=0 MSS=1440 WS=256 SACK_PERM"
"9319","87.261637","FioImma.local","settings-prod-uks-1.uksouth.cloudapp.azure.com","TCP","54","54874  >  443 [ACK] Seq=1 Ack=1 Win=132352 Len=0"
"9320","87.262358","FioImma.local","settings-prod-uks-1.uksouth.cloudapp.azure.com","TLSv1.2","268","Client Hello (SNI=settings-win.data.microsoft.com)"
"9321","87.290410","FioImma.local","mdns.mcast.net","MDNS","85","Standard query 0x0000 ANY FioImma._dosvc._tcp.local, ""QM"" question"
"9322","87.290649","FioImma.local","ff02::fb","MDNS","105","Standard query 0x0000 ANY FioImma._dosvc._tcp.local, ""QM"" question"
"9323","87.415601","settings-prod-uks-1.uksouth.cloudapp.azure.com","FioImma.local","TCP","2974","443  >  54874 [ACK] Seq=1 Ack=215 Win=524288 Len=2920 [TCP PDU reassembled in 9324]"
"9324","87.415601","settings-prod-uks-1.uksouth.cloudapp.azure.com","FioImma.local","TLSv1.2","892","Server Hello, Certificate, Server Key Exchange, Server Hello Done"
"9325","87.415652","FioImma.local","settings-prod-uks-1.uksouth.cloudapp.azure.com","TCP","54","54874  >  443 [ACK] Seq=215 Ack=3759 Win=132352 Len=0"
"9326","87.427406","FioImma.local","settings-prod-uks-1.uksouth.cloudapp.azure.com","TLSv1.2","212","Client Key Exchange, Change Cipher Spec, Encrypted Handshake Message"
"9327","87.449148","FioImma.local","mars.octa.edu","DNS","74","Standard query 0x8e95 A ecs.office.com"
"9328","87.474506","mars.octa.edu","FioImma.local","DNS","229","Standard query response 0x8e95 A ecs.office.com CNAME ecs.office.trafficmanager.net CNAME s-0005-office.config.skype.com CNAME ecs-office.s-0005.s-msedge.net CNAME s-0005.s-msedge.net A 52.113.194.132"
"9329","87.474506","onedscolprdcus00.centralus.cloudapp.azure.com","FioImma.local","TCP","2974","443  >  54873 [ACK] Seq=1 Ack=213 Win=524288 Len=2920 [TCP PDU reassembled in 9330]"
"9330","87.474506","onedscolprdcus00.centralus.cloudapp.azure.com","FioImma.local","TLSv1.2","1369","Server Hello, Certificate, Server Key Exchange, Server Hello Done"
"9331","87.474587","FioImma.local","onedscolprdcus00.centralus.cloudapp.azure.com","TCP","54","54873  >  443 [ACK] Seq=213 Ack=4236 Win=132352 Len=0"
"9332","87.477789","FioImma.local","s-0005.s-msedge.net","TCP","66","54875  >  443 [SYN] Seq=0 Win=64240 Len=0 MSS=1460 WS=256 SACK_PERM"
"9333","87.479246","FioImma.local","onedscolprdcus00.centralus.cloudapp.azure.com","TLSv1.2","212","Client Key Exchange, Change Cipher Spec, Encrypted Handshake Message"
"9334","87.491830","FioImma.local","www.googleadservices.com","TCP","55","[TCP Keep-Alive] 54851  >  443 [ACK] Seq=5443 Ack=6776 Win=129792 Len=1"
"9335","87.501322","www.googleadservices.com","FioImma.local","TCP","66","[TCP Keep-Alive ACK] 443  >  54851 [ACK] Seq=6776 Ack=5444 Win=82688 Len=0 SLE=5443 SRE=5444"
"9336","87.510312","s-0005.s-msedge.net","FioImma.local","TCP","66","443  >  54875 [SYN, ACK] Seq=0 Ack=1 Win=65535 Len=0 MSS=1440 WS=256 SACK_PERM"
"9337","87.510418","FioImma.local","s-0005.s-msedge.net","TCP","54","54875  >  443 [ACK] Seq=1 Ack=1 Win=132352 Len=0"
"9338","87.511396","FioImma.local","s-0005.s-msedge.net","TLSv1.2","233","Client Hello (SNI=ecs.office.com)"
"9339","87.546060","s-0005.s-msedge.net","FioImma.local","TCP","60","443  >  54875 [ACK] Seq=1 Ack=180 Win=524288 Len=0"
"9340","87.546060","s-0005.s-msedge.net","FioImma.local","TCP","1514","443  >  54875 [ACK] Seq=1 Ack=180 Win=524288 Len=1460 [TCP PDU reassembled in 9342]"
"9341","87.548331","s-0005.s-msedge.net","FioImma.local","TCP","4434","443  >  54875 [ACK] Seq=1461 Ack=180 Win=524288 Len=4380 [TCP PDU reassembled in 9342]"
"9342","87.548331","s-0005.s-msedge.net","FioImma.local","TLSv1.2","177","Server Hello, Certificate, Certificate Status, Server Key Exchange, Server Hello Done"
"9343","87.548406","FioImma.local","s-0005.s-msedge.net","TCP","54","54875  >  443 [ACK] Seq=180 Ack=5964 Win=132352 Len=0"
"9344","87.553399","FioImma.local","s-0005.s-msedge.net","TLSv1.2","212","Client Key Exchange, Change Cipher Spec, Encrypted Handshake Message"
"9345","87.557129","FioImma.local","mdns.mcast.net","MDNS","267","Standard query response 0x0000 PTR, cache flush FioImma._dosvc._tcp.local SRV, cache flush 0 0 7680 FioImma.local TXT, cache flush A, cache flush 192.168.1.40 AAAA, cache flush fe80::c415:94c3:1d48:23e6"
"9346","87.557487","FioImma.local","ff02::fb","MDNS","287","Standard query response 0x0000 PTR, cache flush FioImma._dosvc._tcp.local SRV, cache flush 0 0 7680 FioImma.local TXT, cache flush A, cache flush 192.168.1.40 AAAA, cache flush fe80::c415:94c3:1d48:23e6"
"9347","87.557755","FioImma.local","mdns.mcast.net","MDNS","211","Standard query response 0x0000 SRV, cache flush 0 0 7680 FioImma.local TXT, cache flush A, cache flush 192.168.1.40 AAAA, cache flush fe80::c415:94c3:1d48:23e6"
"9348","87.557981","FioImma.local","ff02::fb","MDNS","231","Standard query response 0x0000 SRV, cache flush 0 0 7680 FioImma.local TXT, cache flush A, cache flush 192.168.1.40 AAAA, cache flush fe80::c415:94c3:1d48:23e6"
"9349","87.581617","settings-prod-uks-1.uksouth.cloudapp.azure.com","FioImma.local","TLSv1.2","105","Change Cipher Spec, Encrypted Handshake Message"
"9350","87.581617","settings-prod-uks-1.uksouth.cloudapp.azure.com","FioImma.local","TLSv1.2","123","Application Data"
"9351","87.581670","FioImma.local","settings-prod-uks-1.uksouth.cloudapp.azure.com","TCP","54","54874  >  443 [ACK] Seq=373 Ack=3879 Win=132352 Len=0"
"9352","87.585238","s-0005.s-msedge.net","FioImma.local","TCP","60","443  >  54875 [ACK] Seq=5964 Ack=338 Win=524288 Len=0"
"9353","87.585238","s-0005.s-msedge.net","FioImma.local","TLSv1.2","396","New Session Ticket, Change Cipher Spec, Encrypted Handshake Message"
"9354","87.587301","FioImma.local","settings-prod-uks-1.uksouth.cloudapp.azure.com","TLSv1.2","141","Application Data"
"9355","87.587375","FioImma.local","settings-prod-uks-1.uksouth.cloudapp.azure.com","TCP","1494","54874  >  443 [ACK] Seq=460 Ack=3879 Win=132352 Len=1440 [TCP PDU reassembled in 9357]"
"9356","87.587375","FioImma.local","settings-prod-uks-1.uksouth.cloudapp.azure.com","TCP","1494","54874  >  443 [ACK] Seq=1900 Ack=3879 Win=132352 Len=1440 [TCP PDU reassembled in 9357]"
"9357","87.587375","FioImma.local","settings-prod-uks-1.uksouth.cloudapp.azure.com","TLSv1.2","293","Application Data"
"9358","87.587438","FioImma.local","settings-prod-uks-1.uksouth.cloudapp.azure.com","TLSv1.2","92","Application Data"
"9359","87.595955","FioImma.local","s-0005.s-msedge.net","TLSv1.2","1468","Application Data"
"9360","87.626071","s-0005.s-msedge.net","FioImma.local","TCP","60","443  >  54875 [ACK] Seq=6306 Ack=1752 Win=524288 Len=0"
"9361","87.655434","FioImma.local","s-0005.s-msedge.net","TCP","66","54878  >  443 [SYN] Seq=0 Win=64240 Len=0 MSS=1460 WS=256 SACK_PERM"
"9362","87.679633","FioImma.local","pagead2.googlesyndication.com","TCP","55","[TCP Keep-Alive] 54840  >  443 [ACK] Seq=3914 Ack=8078 Win=130304 Len=1"
"9363","87.686874","FioImma.local","mars.octa.edu","DNS","92","Standard query 0xbae6 A mobile.events.data.microsoft.com"
"9364","87.691294","s-0005.s-msedge.net","FioImma.local","TCP","66","443  >  54878 [SYN, ACK] Seq=0 Ack=1 Win=65535 Len=0 MSS=1440 WS=256 SACK_PERM"
"9365","87.691294","pagead2.googlesyndication.com","FioImma.local","TCP","66","[TCP Keep-Alive ACK] 443  >  54840 [ACK] Seq=8078 Ack=3915 Win=77056 Len=0 SLE=3914 SRE=3915"
"9366","87.691373","FioImma.local","s-0005.s-msedge.net","TCP","54","54878  >  443 [ACK] Seq=1 Ack=1 Win=132352 Len=0"
"9367","87.693670","FioImma.local","s-0005.s-msedge.net","TLSv1.2","233","Client Hello (SNI=ecs.office.com)"
"9368","87.725081","FioImma.local","diamond.octa.edu","DNS","92","Standard query 0xbae6 A mobile.events.data.microsoft.com"
"9369","87.738624","mars.octa.edu","FioImma.local","DNS","212","Standard query response 0xbae6 A mobile.events.data.microsoft.com CNAME mobile.events.data.trafficmanager.net CNAME onedscolprdwus03.westus.cloudapp.azure.com A 20.189.173.4"
"9370","87.738624","s-0005.s-msedge.net","FioImma.local","TCP","60","443  >  54878 [ACK] Seq=1 Ack=180 Win=524288 Len=0"
"9371","87.738624","onedscolprdcus00.centralus.cloudapp.azure.com","FioImma.local","TLSv1.2","105","Change Cipher Spec, Encrypted Handshake Message"
"9372","87.738624","s-0005.s-msedge.net","FioImma.local","TCP","5894","443  >  54878 [ACK] Seq=1 Ack=180 Win=524288 Len=5840 [TCP PDU reassembled in 9374]"
"9373","87.738624","onedscolprdcus00.centralus.cloudapp.azure.com","FioImma.local","TLSv1.2","123","Application Data"
"9374","87.738624","s-0005.s-msedge.net","FioImma.local","TLSv1.2","177","Server Hello, Certificate, Certificate Status, Server Key Exchange, Server Hello Done"
"9375","87.738624","settings-prod-uks-1.uksouth.cloudapp.azure.com","FioImma.local","TLSv1.2","92","Application Data"
"9376","87.738624","settings-prod-uks-1.uksouth.cloudapp.azure.com","FioImma.local","TCP","60","443  >  54874 [ACK] Seq=3917 Ack=3579 Win=524288 Len=0"
"9377","87.738624","settings-prod-uks-1.uksouth.cloudapp.azure.com","FioImma.local","TCP","60","443  >  54874 [ACK] Seq=3917 Ack=3617 Win=524288 Len=0"
"9378","87.738737","FioImma.local","s-0005.s-msedge.net","TCP","54","54878  >  443 [ACK] Seq=180 Ack=5964 Win=132352 Len=0"
"9379","87.738752","FioImma.local","onedscolprdcus00.centralus.cloudapp.azure.com","TCP","54","54873  >  443 [ACK] Seq=371 Ack=4356 Win=132352 Len=0"
"9380","87.739506","FioImma.local","onedscolprdwus03.westus.cloudapp.azure.com","TCP","66","54881  >  443 [SYN] Seq=0 Win=65535 Len=0 MSS=1460 WS=256 SACK_PERM"
"9381","87.742279","FioImma.local","s-0005.s-msedge.net","TLSv1.2","212","Client Key Exchange, Change Cipher Spec, Encrypted Handshake Message"
"9382","87.745400","FioImma.local","onedscolprdcus00.centralus.cloudapp.azure.com","TLSv1.2","141","Application Data"
"9383","87.745520","FioImma.local","onedscolprdcus00.centralus.cloudapp.azure.com","TLSv1.2","1169","Application Data"
"9384","87.745670","FioImma.local","onedscolprdcus00.centralus.cloudapp.azure.com","TLSv1.2","92","Application Data"
"9385","87.745777","FioImma.local","onedscolprdcus00.centralus.cloudapp.azure.com","TLSv1.2","1224","Application Data"
"9386","87.768092","s-0005.s-msedge.net","FioImma.local","TLSv1.2","897","Application Data"
"9387","87.774156","s-0005.s-msedge.net","FioImma.local","TCP","60","443  >  54878 [ACK] Seq=5964 Ack=338 Win=524288 Len=0"
"9388","87.774156","s-0005.s-msedge.net","FioImma.local","TLSv1.2","396","New Session Ticket, Change Cipher Spec, Encrypted Handshake Message"
"9389","87.785685","FioImma.local","settings-prod-uks-1.uksouth.cloudapp.azure.com","TCP","54","54874  >  443 [ACK] Seq=3617 Ack=3917 Win=132096 Len=0"
"9390","87.787076","FioImma.local","s-0005.s-msedge.net","TLSv1.2","1468","Application Data"
"9391","87.815863","FioImma.local","s-0005.s-msedge.net","TCP","54","54875  >  443 [ACK] Seq=1752 Ack=7149 Win=131072 Len=0"
"9392","87.820227","s-0005.s-msedge.net","FioImma.local","TCP","60","443  >  54878 [ACK] Seq=6306 Ack=1752 Win=524288 Len=0"
"9393","87.844099","s-0005.s-msedge.net","FioImma.local","TLSv1.2","897","Application Data"
"9394","87.870840","FioImma.local","mars.octa.edu","DNS","76","Standard query 0x1af1 A aus5.mozilla.org"
"9395","87.892676","FioImma.local","s-0005.s-msedge.net","TCP","54","54878  >  443 [ACK] Seq=1752 Ack=7149 Win=131072 Len=0"
"9396","87.904965","mars.octa.edu","FioImma.local","DNS","194","Standard query response 0x1af1 A aus5.mozilla.org CNAME balrog-aus5.r53-2.services.mozilla.com CNAME prod.balrog.prod.cloudops.mozgcp.net A 35.244.181.201"
"9397","87.906710","FioImma.local","prod.balrog.prod.cloudops.mozgcp.net","TCP","66","54884  >  443 [SYN] Seq=0 Win=64240 Len=0 MSS=1460 WS=256 SACK_PERM"
"9398","87.906841","FioImma.local","mars.octa.edu","DNS","96","Standard query 0x45ff A prod.balrog.prod.cloudops.mozgcp.net"
"9399","87.933695","mars.octa.edu","FioImma.local","DNS","112","Standard query response 0x45ff A prod.balrog.prod.cloudops.mozgcp.net A 35.244.181.201"
"9400","87.933695","prod.balrog.prod.cloudops.mozgcp.net","FioImma.local","TCP","66","443  >  54884 [SYN, ACK] Seq=0 Ack=1 Win=65535 Len=0 MSS=1412 SACK_PERM WS=256"
"9401","87.933780","FioImma.local","prod.balrog.prod.cloudops.mozgcp.net","TCP","54","54884  >  443 [ACK] Seq=1 Ack=1 Win=131072 Len=0"
"9402","87.934073","FioImma.local","mars.octa.edu","DNS","96","Standard query 0x1916 AAAA prod.balrog.prod.cloudops.mozgcp.net"
"9403","87.936184","settings-prod-uks-1.uksouth.cloudapp.azure.com","FioImma.local","TLSv1.2","414","Application Data"
"9404","87.939589","FioImma.local","settings-prod-uks-1.uksouth.cloudapp.azure.com","TCP","1494","54874  >  443 [ACK] Seq=3617 Ack=4277 Win=131840 Len=1440 [TCP PDU reassembled in 9406]"
"9405","87.939589","FioImma.local","settings-prod-uks-1.uksouth.cloudapp.azure.com","TCP","1494","54874  >  443 [ACK] Seq=5057 Ack=4277 Win=131840 Len=1440 [TCP PDU reassembled in 9406]"
"9406","87.939589","FioImma.local","settings-prod-uks-1.uksouth.cloudapp.azure.com","TLSv1.2","290","Application Data"
"9407","87.954534","FioImma.local","prod.balrog.prod.cloudops.mozgcp.net","TLSv1.2","251","Client Hello (SNI=aus5.mozilla.org)"
"9408","87.958380","mars.octa.edu","FioImma.local","DNS","189","Standard query response 0x1916 AAAA prod.balrog.prod.cloudops.mozgcp.net SOA ns-cloud-d1.googledomains.com"
"9409","87.966505","prod.balrog.prod.cloudops.mozgcp.net","FioImma.local","TCP","60","443  >  54884 [ACK] Seq=1 Ack=198 Win=66816 Len=0"
"9410","87.969765","prod.balrog.prod.cloudops.mozgcp.net","FioImma.local","TLSv1.2","2878","Server Hello"
"9411","87.969765","prod.balrog.prod.cloudops.mozgcp.net","FioImma.local","TLSv1.2","649","Certificate, Server Key Exchange, Server Hello Done"
"9412","87.969804","FioImma.local","prod.balrog.prod.cloudops.mozgcp.net","TCP","54","54884  >  443 [ACK] Seq=198 Ack=3420 Win=131072 Len=0"
"9413","87.971357","FioImma.local","prod.balrog.prod.cloudops.mozgcp.net","TLSv1.2","147","Client Key Exchange, Change Cipher Spec, Encrypted Handshake Message"
"9414","87.973576","FioImma.local","mars.octa.edu","DNS","77","Standard query 0x153b A ocsp.digicert.com"
"9415","87.976358","mars.octa.edu","FioImma.local","DNS","182","Standard query response 0x153b A ocsp.digicert.com CNAME ocsp.edge.digicert.com CNAME fp2e7a.wpc.2be4.phicdn.net CNAME fp2e7a.wpc.phicdn.net A 152.195.38.76"
"9416","87.976864","FioImma.local","fp2e7a.wpc.phicdn.net","TCP","66","54887  >  80 [SYN] Seq=0 Win=64240 Len=0 MSS=1460 WS=256 SACK_PERM"
"9417","87.977015","FioImma.local","mars.octa.edu","DNS","81","Standard query 0x46bd A fp2e7a.wpc.phicdn.net"
"9418","87.981257","FioImma.local","mars.octa.edu","DNS","90","Standard query 0xb0c4 HTTPS incoming.telemetry.mozilla.org"
"9419","87.981474","FioImma.local","mars.octa.edu","DNS","90","Standard query 0x88f9 A incoming.telemetry.mozilla.org"
"9420","87.982521","FioImma.local","prod.balrog.prod.cloudops.mozgcp.net","TCP","66","54888  >  443 [SYN] Seq=0 Win=64240 Len=0 MSS=1460 WS=256 SACK_PERM"
"9421","88.000262","mars.octa.edu","FioImma.local","DNS","97","Standard query response 0x46bd A fp2e7a.wpc.phicdn.net A 152.195.38.76"
"9422","88.000262","prod.balrog.prod.cloudops.mozgcp.net","FioImma.local","TLSv1.2","349","New Session Ticket, Change Cipher Spec, Encrypted Handshake Message"
"9423","88.000262","prod.balrog.prod.cloudops.mozgcp.net","FioImma.local","TLSv1.2","123","Application Data"
"9424","88.000262","fp2e7a.wpc.phicdn.net","FioImma.local","TCP","66","80  >  54887 [SYN, ACK] Seq=0 Ack=1 Win=65535 Len=0 MSS=1460 SACK_PERM WS=512"
"9425","88.000262","prod.balrog.prod.cloudops.mozgcp.net","FioImma.local","TCP","66","443  >  54888 [SYN, ACK] Seq=0 Ack=1 Win=65535 Len=0 MSS=1412 SACK_PERM WS=256"
"9426","88.000262","onedscolprdcus00.centralus.cloudapp.azure.com","FioImma.local","TLSv1.2","92","Application Data"
"9427","88.000262","onedscolprdcus00.centralus.cloudapp.azure.com","FioImma.local","TCP","60","443  >  54873 [ACK] Seq=4394 Ack=1573 Win=524288 Len=0"
"9428","88.000262","onedscolprdcus00.centralus.cloudapp.azure.com","FioImma.local","TCP","60","443  >  54873 [ACK] Seq=4394 Ack=1611 Win=524288 Len=0"
"9429","88.000262","mars.octa.edu","FioImma.local","DNS","165","Standard query response 0x88f9 A incoming.telemetry.mozilla.org CNAME telemetry-incoming.r53-2.services.mozilla.com A 34.120.208.123"
"9430","88.000262","mars.octa.edu","FioImma.local","DNS","228","Standard query response 0xb0c4 HTTPS incoming.telemetry.mozilla.org CNAME telemetry-incoming.r53-2.services.mozilla.com SOA ns-1507.awsdns-60.org"
"9431","88.000435","FioImma.local","prod.balrog.prod.cloudops.mozgcp.net","TCP","54","54884  >  443 [ACK] Seq=291 Ack=3784 Win=130816 Len=0"
"9432","88.000477","FioImma.local","fp2e7a.wpc.phicdn.net","TCP","54","54887  >  80 [ACK] Seq=1 Ack=1 Win=131328 Len=0"
"9433","88.000482","FioImma.local","prod.balrog.prod.cloudops.mozgcp.net","TCP","54","54888  >  443 [ACK] Seq=1 Ack=1 Win=131072 Len=0"
"9434","88.000701","FioImma.local","fp2e7a.wpc.phicdn.net","OCSP","495","Request"
"9435","88.000829","FioImma.local","prod.balrog.prod.cloudops.mozgcp.net","TLSv1.2","251","Client Hello (SNI=aus5.mozilla.org)"
"9436","88.000873","FioImma.local","mars.octa.edu","DNS","81","Standard query 0x074a AAAA fp2e7a.wpc.phicdn.net"
"9437","88.001370","FioImma.local","telemetry-incoming.r53-2.services.mozilla.com","TCP","66","54889  >  443 [SYN] Seq=0 Win=64240 Len=0 MSS=1460 WS=256 SACK_PERM"
"9438","88.001388","FioImma.local","mars.octa.edu","DNS","105","Standard query 0xcdbf A telemetry-incoming.r53-2.services.mozilla.com"
"9439","88.001501","FioImma.local","telemetry-incoming.r53-2.services.mozilla.com","TCP","66","54890  >  443 [SYN] Seq=0 Win=64240 Len=0 MSS=1460 WS=256 SACK_PERM"
"9440","88.026501","mars.octa.edu","FioImma.local","DNS","109","Standard query response 0x074a AAAA fp2e7a.wpc.phicdn.net AAAA 2606:2800:247:57cb:4371:48bc:8b00:14c3"
"9441","88.026501","mars.octa.edu","FioImma.local","DNS","121","Standard query response 0xcdbf A telemetry-incoming.r53-2.services.mozilla.com A 34.120.208.123"
"9442","88.026501","telemetry-incoming.r53-2.services.mozilla.com","FioImma.local","TCP","66","443  >  54890 [SYN, ACK] Seq=0 Ack=1 Win=65535 Len=0 MSS=1412 SACK_PERM WS=256"
"9443","88.026501","prod.balrog.prod.cloudops.mozgcp.net","FioImma.local","TCP","60","443  >  54888 [ACK] Seq=1 Ack=198 Win=66816 Len=0"
"9444","88.026501","fp2e7a.wpc.phicdn.net","FioImma.local","TCP","60","80  >  54887 [ACK] Seq=1 Ack=442 Win=67072 Len=0"
"9445","88.026501","prod.balrog.prod.cloudops.mozgcp.net","FioImma.local","TLSv1.2","2878","Server Hello"
"9446","88.026501","prod.balrog.prod.cloudops.mozgcp.net","FioImma.local","TLSv1.2","649","Certificate, Server Key Exchange, Server Hello Done"
"9447","88.026501","fp2e7a.wpc.phicdn.net","FioImma.local","OCSP","791","Response"
"9448","88.026701","FioImma.local","telemetry-incoming.r53-2.services.mozilla.com","TCP","54","54890  >  443 [ACK] Seq=1 Ack=1 Win=131072 Len=0"
"9449","88.026739","FioImma.local","prod.balrog.prod.cloudops.mozgcp.net","TCP","54","54888  >  443 [ACK] Seq=198 Ack=3420 Win=131072 Len=0"
"9450","88.027118","FioImma.local","mars.octa.edu","DNS","105","Standard query 0xc909 AAAA telemetry-incoming.r53-2.services.mozilla.com"
"9451","88.030207","FioImma.local","prod.balrog.prod.cloudops.mozgcp.net","TLSv1.2","231","Application Data"
"9452","88.030236","FioImma.local","prod.balrog.prod.cloudops.mozgcp.net","TLSv1.2","397","Application Data"
"9453","88.030315","FioImma.local","prod.balrog.prod.cloudops.mozgcp.net","TLSv1.2","92","Application Data"
"9454","88.031396","FioImma.local","prod.balrog.prod.cloudops.mozgcp.net","TLSv1.2","147","Client Key Exchange, Change Cipher Spec, Encrypted Handshake Message"
"9455","88.032951","FioImma.local","telemetry-incoming.r53-2.services.mozilla.com","TLSv1.3","732","Client Hello (SNI=incoming.telemetry.mozilla.org)"
"9456","88.049125","FioImma.local","fp2e7a.wpc.phicdn.net","TCP","66","54891  >  80 [SYN] Seq=0 Win=64240 Len=0 MSS=1460 WS=256 SACK_PERM"
"9457","88.050528","mars.octa.edu","FioImma.local","DNS","187","Standard query response 0xc909 AAAA telemetry-incoming.r53-2.services.mozilla.com SOA ns-1507.awsdns-60.org"
"9458","88.050528","prod.balrog.prod.cloudops.mozgcp.net","FioImma.local","TLSv1.2","92","Application Data"
"9459","88.050528","prod.balrog.prod.cloudops.mozgcp.net","FioImma.local","TCP","60","443  >  54884 [ACK] Seq=3822 Ack=849 Win=68864 Len=0"
"9460","88.050528","prod.balrog.prod.cloudops.mozgcp.net","FioImma.local","TLSv1.2","349","New Session Ticket, Change Cipher Spec, Encrypted Handshake Message"
"9461","88.050528","prod.balrog.prod.cloudops.mozgcp.net","FioImma.local","TLSv1.2","123","Application Data"
"9462","88.050528","telemetry-incoming.r53-2.services.mozilla.com","FioImma.local","TCP","60","443  >  54890 [ACK] Seq=1 Ack=679 Win=67072 Len=0"
"9463","88.050528","telemetry-incoming.r53-2.services.mozilla.com","FioImma.local","TLSv1.3","2878","Server Hello, Change Cipher Spec"
"9464","88.050528","telemetry-incoming.r53-2.services.mozilla.com","FioImma.local","TLSv1.3","742","Application Data"
"9465","88.050623","FioImma.local","prod.balrog.prod.cloudops.mozgcp.net","TCP","54","54888  >  443 [ACK] Seq=291 Ack=3784 Win=130816 Len=0"
"9466","88.050640","FioImma.local","telemetry-incoming.r53-2.services.mozilla.com","TCP","54","54890  >  443 [ACK] Seq=679 Ack=3513 Win=131072 Len=0"
"9467","88.053272","FioImma.local","fp2e7a.wpc.phicdn.net","TCP","66","54892  >  80 [SYN] Seq=0 Win=64240 Len=0 MSS=1460 WS=256 SACK_PERM"
"9468","88.057861","FioImma.local","onedscolprdcus00.centralus.cloudapp.azure.com","TCP","54","54873  >  443 [ACK] Seq=2781 Ack=4394 Win=132096 Len=0"
"9469","88.061014","fp2e7a.wpc.phicdn.net","FioImma.local","TCP","66","80  >  54891 [SYN, ACK] Seq=0 Ack=1 Win=65535 Len=0 MSS=1460 SACK_PERM WS=512"
"9470","88.061085","FioImma.local","fp2e7a.wpc.phicdn.net","TCP","54","54891  >  80 [ACK] Seq=1 Ack=1 Win=131328 Len=0"
"9471","88.061245","FioImma.local","fp2e7a.wpc.phicdn.net","OCSP","495","Request"
"9472","88.063421","fp2e7a.wpc.phicdn.net","FioImma.local","TCP","66","80  >  54892 [SYN, ACK] Seq=0 Ack=1 Win=65535 Len=0 MSS=1460 SACK_PERM WS=512"
"9473","88.063448","FioImma.local","fp2e7a.wpc.phicdn.net","TCP","54","54892  >  80 [ACK] Seq=1 Ack=1 Win=131328 Len=0"
"9474","88.063619","FioImma.local","fp2e7a.wpc.phicdn.net","OCSP","495","Request"
"9475","88.071875","fp2e7a.wpc.phicdn.net","FioImma.local","TCP","60","80  >  54891 [ACK] Seq=1 Ack=442 Win=67072 Len=0"
"9476","88.074119","fp2e7a.wpc.phicdn.net","FioImma.local","OCSP","791","Response"
"9477","88.074119","fp2e7a.wpc.phicdn.net","FioImma.local","TCP","60","80  >  54892 [ACK] Seq=1 Ack=442 Win=67072 Len=0"
"9478","88.076178","fp2e7a.wpc.phicdn.net","FioImma.local","OCSP","791","Response"
"9479","88.076247","FioImma.local","prod.balrog.prod.cloudops.mozgcp.net","TLSv1.2","231","Application Data"
"9480","88.076268","FioImma.local","prod.balrog.prod.cloudops.mozgcp.net","TLSv1.2","397","Application Data"
"9481","88.076358","FioImma.local","prod.balrog.prod.cloudops.mozgcp.net","TLSv1.2","92","Application Data"
"9482","88.076575","FioImma.local","telemetry-incoming.r53-2.services.mozilla.com","TLSv1.3","118","Change Cipher Spec, Application Data"
"9483","88.076852","FioImma.local","telemetry-incoming.r53-2.services.mozilla.com","TLSv1.3","224","Application Data"
"9484","88.076869","FioImma.local","telemetry-incoming.r53-2.services.mozilla.com","TLSv1.3","485","Application Data"
"9485","88.076900","FioImma.local","telemetry-incoming.r53-2.services.mozilla.com","TLSv1.3","1181","Application Data"
"9486","88.077371","FioImma.local","fp2e7a.wpc.phicdn.net","TCP","54","54887  >  80 [ACK] Seq=442 Ack=738 Win=130560 Len=0"
"9487","88.086462","prod.balrog.prod.cloudops.mozgcp.net","FioImma.local","TLSv1.2","92","Application Data"
"9488","88.086462","prod.balrog.prod.cloudops.mozgcp.net","FioImma.local","TCP","60","443  >  54888 [ACK] Seq=3822 Ack=849 Win=68864 Len=0"
"9489","88.086462","telemetry-incoming.r53-2.services.mozilla.com","FioImma.local","TLSv1.3","640","Application Data, Application Data"
"9490","88.086462","telemetry-incoming.r53-2.services.mozilla.com","FioImma.local","TLSv1.3","85","Application Data"
"9491","88.086504","FioImma.local","telemetry-incoming.r53-2.services.mozilla.com","TCP","54","54890  >  443 [ACK] Seq=2471 Ack=4130 Win=130560 Len=0"
"9492","88.087055","FioImma.local","telemetry-incoming.r53-2.services.mozilla.com","TLSv1.3","85","Application Data"
"9493","88.090121","settings-prod-uks-1.uksouth.cloudapp.azure.com","FioImma.local","TCP","60","443  >  54874 [ACK] Seq=4277 Ack=6733 Win=524288 Len=0"
"9494","88.090121","settings-prod-uks-1.uksouth.cloudapp.azure.com","FioImma.local","TLSv1.2","149","Application Data"
"9495","88.092500","FioImma.local","settings-prod-uks-1.uksouth.cloudapp.azure.com","TCP","1494","54874  >  443 [ACK] Seq=6733 Ack=4372 Win=131840 Len=1440 [TCP PDU reassembled in 9497]"
"9496","88.092500","FioImma.local","settings-prod-uks-1.uksouth.cloudapp.azure.com","TCP","1494","54874  >  443 [ACK] Seq=8173 Ack=4372 Win=131840 Len=1440 [TCP PDU reassembled in 9497]"
"9497","88.092500","FioImma.local","settings-prod-uks-1.uksouth.cloudapp.azure.com","TLSv1.2","345","Application Data"
"9498","88.092750","FioImma.local","prod.balrog.prod.cloudops.mozgcp.net","TCP","54","54884  >  443 [ACK] Seq=849 Ack=3822 Win=130816 Len=0"
"9499","88.100784","telemetry-incoming.r53-2.services.mozilla.com","FioImma.local","TCP","60","443  >  54890 [ACK] Seq=4130 Ack=2502 Win=69888 Len=0"
"9500","88.123247","FioImma.local","fp2e7a.wpc.phicdn.net","TCP","54","54891  >  80 [ACK] Seq=442 Ack=738 Win=130560 Len=0"
"9501","88.123264","FioImma.local","fp2e7a.wpc.phicdn.net","TCP","54","54892  >  80 [ACK] Seq=442 Ack=738 Win=130560 Len=0"
"9502","88.139177","FioImma.local","prod.balrog.prod.cloudops.mozgcp.net","TCP","54","54888  >  443 [ACK] Seq=849 Ack=3822 Win=130816 Len=0"
"9503","88.170142","onedscolprdcus00.centralus.cloudapp.azure.com","FioImma.local","TCP","60","443  >  54873 [ACK] Seq=4394 Ack=2781 Win=524288 Len=0"
"9504","88.231517","FioImma.local","pagead2.googlesyndication.com","TCP","55","[TCP Keep-Alive] 54839  >  443 [ACK] Seq=4346 Ack=17056 Win=130560 Len=1"
"9505","88.232446","prod.balrog.prod.cloudops.mozgcp.net","FioImma.local","TLSv1.2","334","Application Data"
"9506","88.232446","prod.balrog.prod.cloudops.mozgcp.net","FioImma.local","TLSv1.2","134","Application Data"
"9507","88.232446","prod.balrog.prod.cloudops.mozgcp.net","FioImma.local","TLSv1.2","100","Application Data"
"9508","88.232524","FioImma.local","prod.balrog.prod.cloudops.mozgcp.net","TCP","54","54884  >  443 [ACK] Seq=849 Ack=4228 Win=130304 Len=0"
"9509","88.232874","FioImma.local","prod.balrog.prod.cloudops.mozgcp.net","TLSv1.2","100","Application Data"
"9510","88.239503","pagead2.googlesyndication.com","FioImma.local","TCP","66","[TCP Keep-Alive ACK] 443  >  54839 [ACK] Seq=17056 Ack=4347 Win=79872 Len=0 SLE=4346 SRE=4347"
"9511","88.242031","settings-prod-uks-1.uksouth.cloudapp.azure.com","FioImma.local","TCP","60","443  >  54874 [ACK] Seq=4372 Ack=9904 Win=524288 Len=0"
"9512","88.247181","prod.balrog.prod.cloudops.mozgcp.net","FioImma.local","TCP","60","443  >  54884 [ACK] Seq=4228 Ack=895 Win=68864 Len=0"
"9513","88.278435","prod.balrog.prod.cloudops.mozgcp.net","FioImma.local","TLSv1.2","334","Application Data"
"9514","88.278435","prod.balrog.prod.cloudops.mozgcp.net","FioImma.local","TLSv1.2","134","Application Data"
"9515","88.278435","prod.balrog.prod.cloudops.mozgcp.net","FioImma.local","TLSv1.2","100","Application Data"
"9516","88.278511","FioImma.local","prod.balrog.prod.cloudops.mozgcp.net","TCP","54","54888  >  443 [ACK] Seq=849 Ack=4228 Win=130304 Len=0"
"9517","88.278812","FioImma.local","prod.balrog.prod.cloudops.mozgcp.net","TLSv1.2","100","Application Data"
"9518","88.288664","settings-prod-uks-1.uksouth.cloudapp.azure.com","FioImma.local","TLSv1.2","220","Application Data"
"9519","88.290805","FioImma.local","settings-prod-uks-1.uksouth.cloudapp.azure.com","TCP","54","54874  >  443 [FIN, ACK] Seq=9904 Ack=4538 Win=131584 Len=0"
"9520","88.294315","prod.balrog.prod.cloudops.mozgcp.net","FioImma.local","TCP","60","443  >  54888 [ACK] Seq=4228 Ack=895 Win=68864 Len=0"
"9521","88.302828","onedscolprdcus00.centralus.cloudapp.azure.com","FioImma.local","TLSv1.2","339","Application Data"
"9522","88.307551","FioImma.local","onedscolprdcus00.centralus.cloudapp.azure.com","TLSv1.2","527","Application Data"
"9523","88.307703","FioImma.local","onedscolprdcus00.centralus.cloudapp.azure.com","TLSv1.2","846","Application Data"
"9524","88.320058","telemetry-incoming.r53-2.services.mozilla.com","FioImma.local","TCP","66","443  >  54889 [SYN, ACK] Seq=0 Ack=1 Win=65535 Len=0 MSS=1412 SACK_PERM WS=256"
"9525","88.320058","telemetry-incoming.r53-2.services.mozilla.com","FioImma.local","TLSv1.3","503","Application Data"
"9526","88.320058","telemetry-incoming.r53-2.services.mozilla.com","FioImma.local","TLSv1.3","300","Application Data"
"9527","88.320058","telemetry-incoming.r53-2.services.mozilla.com","FioImma.local","TLSv1.3","93","Application Data"
"9528","88.320218","FioImma.local","telemetry-incoming.r53-2.services.mozilla.com","TCP","54","54890  >  443 [ACK] Seq=2502 Ack=4864 Win=129792 Len=0"
"9529","88.320549","FioImma.local","telemetry-incoming.r53-2.services.mozilla.com","TLSv1.3","93","Application Data"
"9530","88.331353","telemetry-incoming.r53-2.services.mozilla.com","FioImma.local","TCP","60","443  >  54890 [ACK] Seq=4864 Ack=2541 Win=69888 Len=0"
"9531","88.393246","FioImma.local","mars.octa.edu","DNS","97","Standard query 0x194f A firefox.settings.services.mozilla.com"
"9532","88.393253","FioImma.local","mars.octa.edu","DNS","97","Standard query 0xf006 HTTPS firefox.settings.services.mozilla.com"
"9533","88.416558","mars.octa.edu","FioImma.local","DNS","175","Standard query response 0x194f A firefox.settings.services.mozilla.com CNAME prod.remote-settings.prod.webservices.mozgcp.net A 34.149.100.209"
"9534","88.416558","mars.octa.edu","FioImma.local","DNS","249","Standard query response 0xf006 HTTPS firefox.settings.services.mozilla.com CNAME prod.remote-settings.prod.webservices.mozgcp.net SOA ns-cloud-a1.googledomains.com"
"9535","88.417419","FioImma.local","prod.remote-settings.prod.webservices.mozgcp.net","TCP","66","54893  >  443 [SYN] Seq=0 Win=64240 Len=0 MSS=1460 WS=256 SACK_PERM"
"9536","88.417535","FioImma.local","mars.octa.edu","DNS","108","Standard query 0x0cd3 A prod.remote-settings.prod.webservices.mozgcp.net"
"9537","88.417576","FioImma.local","prod.remote-settings.prod.webservices.mozgcp.net","TCP","66","54894  >  443 [SYN] Seq=0 Win=64240 Len=0 MSS=1460 WS=256 SACK_PERM"
"9538","88.421834","FioImma.local","telemetry-incoming.r53-2.services.mozilla.com","TLSv1.3","217","Application Data"
"9539","88.421885","FioImma.local","telemetry-incoming.r53-2.services.mozilla.com","TLSv1.3","1019","Application Data"
"9540","88.422294","mars.octa.edu","FioImma.local","DNS","124","Standard query response 0x0cd3 A prod.remote-settings.prod.webservices.mozgcp.net A 34.149.100.209"
"9541","88.422632","FioImma.local","mars.octa.edu","DNS","108","Standard query 0x523b AAAA prod.remote-settings.prod.webservices.mozgcp.net"
"9542","88.444506","mars.octa.edu","FioImma.local","DNS","201","Standard query response 0x523b AAAA prod.remote-settings.prod.webservices.mozgcp.net SOA ns-cloud-a1.googledomains.com"
"9543","88.444506","prod.remote-settings.prod.webservices.mozgcp.net","FioImma.local","TCP","66","443  >  54893 [SYN, ACK] Seq=0 Ack=1 Win=65535 Len=0 MSS=1412 SACK_PERM WS=256"
"9544","88.444506","telemetry-incoming.r53-2.services.mozilla.com","FioImma.local","TCP","60","443  >  54890 [ACK] Seq=4864 Ack=2704 Win=71936 Len=0"
"9545","88.444506","telemetry-incoming.r53-2.services.mozilla.com","FioImma.local","TCP","60","443  >  54890 [ACK] Seq=4864 Ack=3669 Win=74752 Len=0"
"9546","88.444506","settings-prod-uks-1.uksouth.cloudapp.azure.com","FioImma.local","TLSv1.2","96","Application Data"
"9547","88.444506","settings-prod-uks-1.uksouth.cloudapp.azure.com","FioImma.local","TCP","54","443  >  54874 [FIN, ACK] Seq=4580 Ack=9905 Win=524288 Len=0"
"9548","88.444720","FioImma.local","settings-prod-uks-1.uksouth.cloudapp.azure.com","TCP","54","54874  >  443 [RST, ACK] Seq=9905 Ack=4580 Win=0 Len=0"
"9549","88.444778","FioImma.local","prod.remote-settings.prod.webservices.mozgcp.net","TCP","54","54893  >  443 [ACK] Seq=1 Ack=1 Win=131072 Len=0"
"9550","88.444924","FioImma.local","prod.remote-settings.prod.webservices.mozgcp.net","TLSv1.2","272","Client Hello (SNI=firefox.settings.services.mozilla.com)"
"9551","88.450625","FioImma.local","prod.remote-settings.prod.webservices.mozgcp.net","TCP","66","54895  >  443 [SYN] Seq=0 Win=64240 Len=0 MSS=1460 WS=256 SACK_PERM"
"9552","88.450734","FioImma.local","prod.remote-settings.prod.webservices.mozgcp.net","TCP","66","54896  >  443 [SYN] Seq=0 Win=64240 Len=0 MSS=1460 WS=256 SACK_PERM"
"9553","88.454545","prod.remote-settings.prod.webservices.mozgcp.net","FioImma.local","TCP","60","443  >  54893 [ACK] Seq=1 Ack=219 Win=66816 Len=0"
"9554","88.456828","prod.remote-settings.prod.webservices.mozgcp.net","FioImma.local","TLSv1.2","2878","Server Hello, Certificate"
"9555","88.456828","prod.remote-settings.prod.webservices.mozgcp.net","FioImma.local","TLSv1.2","307","Server Key Exchange, Server Hello Done"
"9556","88.456894","FioImma.local","prod.remote-settings.prod.webservices.mozgcp.net","TCP","54","54893  >  443 [ACK] Seq=219 Ack=3078 Win=131072 Len=0"
"9557","88.458498","FioImma.local","prod.remote-settings.prod.webservices.mozgcp.net","TLSv1.2","147","Client Key Exchange, Change Cipher Spec, Encrypted Handshake Message"
"9558","88.459116","prod.remote-settings.prod.webservices.mozgcp.net","FioImma.local","TCP","66","443  >  54895 [SYN, ACK] Seq=0 Ack=1 Win=65535 Len=0 MSS=1412 SACK_PERM WS=256"
"9559","88.459183","FioImma.local","prod.remote-settings.prod.webservices.mozgcp.net","TCP","54","54895  >  443 [ACK] Seq=1 Ack=1 Win=131072 Len=0"
"9560","88.459423","FioImma.local","prod.remote-settings.prod.webservices.mozgcp.net","TLSv1.2","272","Client Hello (SNI=firefox.settings.services.mozilla.com)"
"9561","88.460873","FioImma.local","mars.octa.edu","DNS","75","Standard query 0xbada A r10.o.lencr.org"
"9562","88.482959","mars.octa.edu","FioImma.local","DNS","174","Standard query response 0xbada A r10.o.lencr.org CNAME o.lencr.edgesuite.net CNAME a1887.dscq.akamai.net A 49.44.119.242 A 49.44.119.211"
"9563","88.482959","prod.remote-settings.prod.webservices.mozgcp.net","FioImma.local","TLSv1.2","349","New Session Ticket, Change Cipher Spec, Encrypted Handshake Message"
"9564","88.482959","prod.remote-settings.prod.webservices.mozgcp.net","FioImma.local","TLSv1.2","123","Application Data"
"9565","88.482959","prod.remote-settings.prod.webservices.mozgcp.net","FioImma.local","TCP","60","443  >  54895 [ACK] Seq=1 Ack=219 Win=66816 Len=0"
"9566","88.482959","prod.remote-settings.prod.webservices.mozgcp.net","FioImma.local","TLSv1.2","2878","Server Hello, Certificate"
"9567","88.482959","prod.remote-settings.prod.webservices.mozgcp.net","FioImma.local","TLSv1.2","307","Server Key Exchange, Server Hello Done"
"9568","88.483069","FioImma.local","prod.remote-settings.prod.webservices.mozgcp.net","TCP","54","54893  >  443 [ACK] Seq=312 Ack=3442 Win=130816 Len=0"
"9569","88.483101","FioImma.local","prod.remote-settings.prod.webservices.mozgcp.net","TCP","54","54895  >  443 [ACK] Seq=219 Ack=3078 Win=131072 Len=0"
"9570","88.483848","FioImma.local","a1887.dscq.akamai.net","TCP","66","54897  >  80 [SYN] Seq=0 Win=64240 Len=0 MSS=1460 WS=256 SACK_PERM"
"9571","88.483989","FioImma.local","mars.octa.edu","DNS","81","Standard query 0x8d95 A a1887.dscq.akamai.net"
"9572","88.484886","FioImma.local","prod.remote-settings.prod.webservices.mozgcp.net","TLSv1.2","147","Client Key Exchange, Change Cipher Spec, Encrypted Handshake Message"
"9573","88.487545","FioImma.local","a1887.dscq.akamai.net","TCP","66","54898  >  80 [SYN] Seq=0 Win=64240 Len=0 MSS=1460 WS=256 SACK_PERM"
"9574","88.487637","mars.octa.edu","FioImma.local","DNS","113","Standard query response 0x8d95 A a1887.dscq.akamai.net A 49.44.119.211 A 49.44.119.242"
"9575","88.487896","FioImma.local","mars.octa.edu","DNS","81","Standard query 0x0f37 AAAA a1887.dscq.akamai.net"
"9576","88.491490","mars.octa.edu","FioImma.local","DNS","137","Standard query response 0x0f37 AAAA a1887.dscq.akamai.net AAAA 2600:140f:5::17c3:693b AAAA 2600:140f:5::17c3:6939"
"9577","88.491490","prod.remote-settings.prod.webservices.mozgcp.net","FioImma.local","TCP","307","[TCP Spurious Retransmission] 443  >  54895 [PSH, ACK] Seq=2825 Ack=219 Win=66816 Len=253"
"9578","88.491513","FioImma.local","prod.remote-settings.prod.webservices.mozgcp.net","TCP","66","[TCP Dup ACK 9569#1] 54895  >  443 [ACK] Seq=312 Ack=3078 Win=131072 Len=0 SLE=2825 SRE=3078"
"9579","88.494708","prod.remote-settings.prod.webservices.mozgcp.net","FioImma.local","TLSv1.2","349","New Session Ticket, Change Cipher Spec, Encrypted Handshake Message"
"9580","88.494708","prod.remote-settings.prod.webservices.mozgcp.net","FioImma.local","TLSv1.2","123","Application Data"
"9581","88.494727","FioImma.local","prod.remote-settings.prod.webservices.mozgcp.net","TCP","54","54895  >  443 [ACK] Seq=312 Ack=3442 Win=130816 Len=0"
"9582","88.506235","a1887.dscq.akamai.net","FioImma.local","TCP","66","80  >  54897 [SYN, ACK] Seq=0 Ack=1 Win=64240 Len=0 MSS=1460 SACK_PERM WS=128"
"9583","88.506282","FioImma.local","a1887.dscq.akamai.net","TCP","54","54897  >  80 [ACK] Seq=1 Ack=1 Win=131328 Len=0"
"9584","88.506492","FioImma.local","a1887.dscq.akamai.net","OCSP","495","Request"
"9585","88.511928","a1887.dscq.akamai.net","FioImma.local","TCP","66","80  >  54898 [SYN, ACK] Seq=0 Ack=1 Win=64240 Len=0 MSS=1460 SACK_PERM WS=128"
"9586","88.511966","FioImma.local","a1887.dscq.akamai.net","TCP","54","54898  >  80 [ACK] Seq=1 Ack=1 Win=131328 Len=0"
"9587","88.512230","FioImma.local","a1887.dscq.akamai.net","OCSP","495","Request"
"9588","88.530881","a1887.dscq.akamai.net","FioImma.local","TCP","60","80  >  54897 [ACK] Seq=1 Ack=442 Win=64128 Len=0"
"9589","88.530881","a1887.dscq.akamai.net","FioImma.local","OCSP","944","Response"
"9590","88.531756","FioImma.local","prod.remote-settings.prod.webservices.mozgcp.net","TLSv1.2","231","Application Data"
"9591","88.531780","FioImma.local","prod.remote-settings.prod.webservices.mozgcp.net","TLSv1.2","331","Application Data"
"9592","88.531838","FioImma.local","prod.remote-settings.prod.webservices.mozgcp.net","TLSv1.2","92","Application Data"
"9593","88.539230","a1887.dscq.akamai.net","FioImma.local","TCP","60","80  >  54898 [ACK] Seq=1 Ack=442 Win=64128 Len=0"
"9594","88.539230","a1887.dscq.akamai.net","FioImma.local","OCSP","944","Response"
"9595","88.539675","FioImma.local","s-0005.s-msedge.net","TCP","1494","54878  >  443 [ACK] Seq=1752 Ack=7149 Win=131072 Len=1440 [TCP PDU reassembled in 9596]"
"9596","88.539675","FioImma.local","s-0005.s-msedge.net","TLSv1.2","56","Application Data"
"9597","88.540022","FioImma.local","prod.remote-settings.prod.webservices.mozgcp.net","TLSv1.2","231","Application Data"
"9598","88.540042","FioImma.local","prod.remote-settings.prod.webservices.mozgcp.net","TLSv1.2","331","Application Data"
"9599","88.540111","FioImma.local","prod.remote-settings.prod.webservices.mozgcp.net","TLSv1.2","92","Application Data"
"9600","88.542700","prod.remote-settings.prod.webservices.mozgcp.net","FioImma.local","TLSv1.2","92","Application Data"
"9601","88.542700","prod.remote-settings.prod.webservices.mozgcp.net","FioImma.local","TCP","60","443  >  54893 [ACK] Seq=3480 Ack=804 Win=68864 Len=0"
"9602","88.544956","prod.remote-settings.prod.webservices.mozgcp.net","FioImma.local","TLSv1.2","383","Application Data"
"9603","88.544956","prod.remote-settings.prod.webservices.mozgcp.net","FioImma.local","TLSv1.2","344","Application Data"
"9604","88.544956","prod.remote-settings.prod.webservices.mozgcp.net","FioImma.local","TLSv1.2","100","Application Data"
"9605","88.544980","FioImma.local","prod.remote-settings.prod.webservices.mozgcp.net","TCP","54","54893  >  443 [ACK] Seq=804 Ack=4145 Win=130048 Len=0"
"9606","88.545176","FioImma.local","prod.remote-settings.prod.webservices.mozgcp.net","TLSv1.2","100","Application Data"
"9607","88.547094","prod.remote-settings.prod.webservices.mozgcp.net","FioImma.local","TLSv1.2","92","Application Data"
"9608","88.549186","prod.remote-settings.prod.webservices.mozgcp.net","FioImma.local","TCP","60","443  >  54895 [ACK] Seq=3480 Ack=804 Win=68864 Len=0"
"9609","88.551514","prod.remote-settings.prod.webservices.mozgcp.net","FioImma.local","TLSv1.2","383","Application Data"
"9610","88.551514","prod.remote-settings.prod.webservices.mozgcp.net","FioImma.local","TLSv1.2","344","Application Data"
"9611","88.551514","prod.remote-settings.prod.webservices.mozgcp.net","FioImma.local","TLSv1.2","100","Application Data"
"9612","88.551540","FioImma.local","prod.remote-settings.prod.webservices.mozgcp.net","TCP","54","54895  >  443 [ACK] Seq=804 Ack=4145 Win=130048 Len=0"
"9613","88.551774","FioImma.local","prod.remote-settings.prod.webservices.mozgcp.net","TLSv1.2","100","Application Data"
"9614","88.556853","onedscolprdcus00.centralus.cloudapp.azure.com","FioImma.local","TCP","60","443  >  54873 [ACK] Seq=4679 Ack=4046 Win=524288 Len=0"
"9615","88.559072","prod.remote-settings.prod.webservices.mozgcp.net","FioImma.local","TCP","60","443  >  54893 [ACK] Seq=4145 Ack=850 Win=68864 Len=0"
"9616","88.565230","prod.remote-settings.prod.webservices.mozgcp.net","FioImma.local","TCP","60","443  >  54895 [ACK] Seq=4145 Ack=850 Win=68864 Len=0"
"9617","88.571857","s-0005.s-msedge.net","FioImma.local","TCP","60","443  >  54878 [ACK] Seq=7149 Ack=3192 Win=524288 Len=0"
"9618","88.571857","s-0005.s-msedge.net","FioImma.local","TCP","60","443  >  54878 [ACK] Seq=7149 Ack=3194 Win=524288 Len=0"
"9619","88.579091","FioImma.local","a1887.dscq.akamai.net","TCP","54","54897  >  80 [ACK] Seq=442 Ack=891 Win=130304 Len=0"
"9620","88.579112","FioImma.local","a1887.dscq.akamai.net","TCP","54","54898  >  80 [ACK] Seq=442 Ack=891 Win=130304 Len=0"
"9621","88.680502","telemetry-incoming.r53-2.services.mozilla.com","FioImma.local","TLSv1.3","122","Application Data"
"9622","88.680502","telemetry-incoming.r53-2.services.mozilla.com","FioImma.local","TLSv1.3","314","Application Data"
"9623","88.680502","telemetry-incoming.r53-2.services.mozilla.com","FioImma.local","TLSv1.3","93","Application Data"
"9624","88.680552","FioImma.local","telemetry-incoming.r53-2.services.mozilla.com","TCP","54","54890  >  443 [ACK] Seq=3669 Ack=5231 Win=131072 Len=0"
"9625","88.680704","FioImma.local","telemetry-incoming.r53-2.services.mozilla.com","TLSv1.3","93","Application Data"
"9626","88.684634","onedscolprdcus00.centralus.cloudapp.azure.com","FioImma.local","TLSv1.2","160","Application Data"
"9627","88.690094","telemetry-incoming.r53-2.services.mozilla.com","FioImma.local","TCP","60","443  >  54890 [ACK] Seq=5231 Ack=3708 Win=74752 Len=0"
"9628","88.698658","FioImma.local","onedscolprdcus00.centralus.cloudapp.azure.com","TLSv1.2","187","Application Data"
"9629","88.698814","FioImma.local","onedscolprdcus00.centralus.cloudapp.azure.com","TLSv1.2","1237","Application Data"
"9630","88.735760","prod.remote-settings.prod.webservices.mozgcp.net","FioImma.local","TCP","66","443  >  54894 [SYN, ACK] Seq=0 Ack=1 Win=65535 Len=0 MSS=1412 SACK_PERM WS=256"
"9631","88.750025","FioImma.local","onedscolprdwus03.westus.cloudapp.azure.com","TCP","66","[TCP Retransmission] 54881  >  443 [SYN] Seq=0 Win=65535 Len=0 MSS=1460 WS=256 SACK_PERM"
"9632","88.764012","prod.remote-settings.prod.webservices.mozgcp.net","FioImma.local","TCP","66","443  >  54896 [SYN, ACK] Seq=0 Ack=1 Win=65535 Len=0 MSS=1412 SACK_PERM WS=256"
"9633","88.828797","s-0005.s-msedge.net","FioImma.local","TCP","2974","443  >  54878 [ACK] Seq=7149 Ack=3194 Win=524288 Len=2920 [TCP PDU reassembled in 9634]"
"9634","88.828797","s-0005.s-msedge.net","FioImma.local","TLSv1.2","1340","Application Data"
"9635","88.828797","s-0005.s-msedge.net","FioImma.local","TCP","7354","443  >  54878 [ACK] Seq=11355 Ack=3194 Win=524288 Len=7300 [TCP PDU reassembled in 9636]"
"9636","88.828797","s-0005.s-msedge.net","FioImma.local","TLSv1.2","975","Application Data"
"9637","88.828930","FioImma.local","s-0005.s-msedge.net","TCP","54","54878  >  443 [ACK] Seq=3194 Ack=19576 Win=132352 Len=0"
"9638","88.831313","s-0005.s-msedge.net","FioImma.local","TCP","2974","443  >  54878 [ACK] Seq=19576 Ack=3194 Win=524288 Len=2920 [TCP PDU reassembled in 9639]"
"9639","88.831313","s-0005.s-msedge.net","FioImma.local","TLSv1.2","1307","Application Data"
"9640","88.831313","s-0005.s-msedge.net","FioImma.local","TCP","7354","443  >  54878 [ACK] Seq=23749 Ack=3194 Win=524288 Len=7300 [TCP PDU reassembled in 9641]"
"9641","88.831313","s-0005.s-msedge.net","FioImma.local","TLSv1.2","975","Application Data"
"9642","88.831313","s-0005.s-msedge.net","FioImma.local","TCP","4434","443  >  54878 [ACK] Seq=31970 Ack=3194 Win=524288 Len=4380 [TCP PDU reassembled in 9647]"
"9643","88.831395","FioImma.local","s-0005.s-msedge.net","TCP","54","54878  >  443 [ACK] Seq=3194 Ack=36350 Win=132352 Len=0"
"9644","88.861708","s-0005.s-msedge.net","FioImma.local","TCP","1514","443  >  54878 [ACK] Seq=36350 Ack=3194 Win=524288 Len=1460 [TCP PDU reassembled in 9647]"
"9645","88.861770","FioImma.local","s-0005.s-msedge.net","TCP","54","54878  >  443 [ACK] Seq=3194 Ack=37810 Win=132352 Len=0"
"9646","88.862933","FioImma.local","prod.remote-settings.prod.webservices.mozgcp.net","TLSv1.2","197","Application Data"
"9647","88.863525","s-0005.s-msedge.net","FioImma.local","TLSv1.2","4434","Application Data"
"9648","88.863553","FioImma.local","s-0005.s-msedge.net","TCP","54","54878  >  443 [ACK] Seq=3194 Ack=42190 Win=132352 Len=0"
"9649","88.863677","s-0005.s-msedge.net","FioImma.local","TCP","4434","443  >  54878 [ACK] Seq=42190 Ack=3194 Win=524288 Len=4380 [TCP PDU reassembled in 9651]"
"9650","88.863686","FioImma.local","s-0005.s-msedge.net","TCP","54","54878  >  443 [ACK] Seq=3194 Ack=46570 Win=132352 Len=0"
"9651","88.863825","s-0005.s-msedge.net","FioImma.local","TLSv1.2","4434","Application Data"
"9652","88.863844","FioImma.local","s-0005.s-msedge.net","TCP","54","54878  >  443 [ACK] Seq=3194 Ack=50950 Win=132352 Len=0"
"9653","88.863990","s-0005.s-msedge.net","FioImma.local","TCP","4434","443  >  54878 [ACK] Seq=50950 Ack=3194 Win=524288 Len=4380 [TCP PDU reassembled in 9655]"
"9654","88.864002","FioImma.local","s-0005.s-msedge.net","TCP","54","54878  >  443 [ACK] Seq=3194 Ack=55330 Win=132352 Len=0"
"9655","88.864168","s-0005.s-msedge.net","FioImma.local","TLSv1.2","2974","Application Data"
"9656","88.864188","FioImma.local","s-0005.s-msedge.net","TCP","54","54878  >  443 [ACK] Seq=3194 Ack=58250 Win=132352 Len=0"
"9657","88.865993","s-0005.s-msedge.net","FioImma.local","TLSv1.2","10274","Application Data"
"9658","88.866018","FioImma.local","s-0005.s-msedge.net","TCP","54","54878  >  443 [ACK] Seq=3194 Ack=68470 Win=132352 Len=0"
"9659","88.866047","s-0005.s-msedge.net","FioImma.local","TLSv1.2","5894","Application Data"
"9660","88.866047","s-0005.s-msedge.net","FioImma.local","TLSv1.2","466","Application Data"
"9661","88.866065","FioImma.local","s-0005.s-msedge.net","TCP","54","54878  >  443 [ACK] Seq=3194 Ack=74722 Win=132352 Len=0"
"9662","88.867179","FioImma.local","prod.remote-settings.prod.webservices.mozgcp.net","TLSv1.2","197","Application Data"
"9663","88.871474","prod.remote-settings.prod.webservices.mozgcp.net","FioImma.local","TCP","60","443  >  54893 [ACK] Seq=4145 Ack=993 Win=69888 Len=0"
"9664","88.874594","prod.remote-settings.prod.webservices.mozgcp.net","FioImma.local","TLSv1.2","138","Application Data"
"9665","88.874594","prod.remote-settings.prod.webservices.mozgcp.net","FioImma.local","TLSv1.2","343","Application Data"
"9666","88.874594","prod.remote-settings.prod.webservices.mozgcp.net","FioImma.local","TLSv1.2","100","Application Data"
"9667","88.874594","prod.remote-settings.prod.webservices.mozgcp.net","FioImma.local","TCP","60","443  >  54895 [ACK] Seq=4145 Ack=993 Win=69888 Len=0"
"9668","88.874644","FioImma.local","prod.remote-settings.prod.webservices.mozgcp.net","TCP","54","54893  >  443 [ACK] Seq=993 Ack=4564 Win=131072 Len=0"
"9669","88.874839","FioImma.local","prod.remote-settings.prod.webservices.mozgcp.net","TLSv1.2","100","Application Data"
"9670","88.876832","prod.remote-settings.prod.webservices.mozgcp.net","FioImma.local","TLSv1.2","138","Application Data"
"9671","88.876832","prod.remote-settings.prod.webservices.mozgcp.net","FioImma.local","TLSv1.2","343","Application Data"
"9672","88.876832","prod.remote-settings.prod.webservices.mozgcp.net","FioImma.local","TLSv1.2","100","Application Data"
"9673","88.876854","FioImma.local","prod.remote-settings.prod.webservices.mozgcp.net","TCP","54","54895  >  443 [ACK] Seq=993 Ack=4564 Win=131072 Len=0"
"9674","88.877094","FioImma.local","prod.remote-settings.prod.webservices.mozgcp.net","TLSv1.2","100","Application Data"
"9675","88.888126","prod.remote-settings.prod.webservices.mozgcp.net","FioImma.local","TCP","60","443  >  54893 [ACK] Seq=4564 Ack=1039 Win=69888 Len=0"
"9676","88.891143","prod.remote-settings.prod.webservices.mozgcp.net","FioImma.local","TCP","60","443  >  54895 [ACK] Seq=4564 Ack=1039 Win=69888 Len=0"
"9677","88.947038","onedscolprdcus00.centralus.cloudapp.azure.com","FioImma.local","TCP","60","443  >  54873 [ACK] Seq=4785 Ack=5362 Win=524288 Len=0"
"9678","88.978962","FioImma.local","mars.octa.edu","DNS","93","Standard query 0x6bf7 PTR 39.0.0.10.in-addr.arpa OPT"
"9679","89.005072","mars.octa.edu","FioImma.local","DNS","123","Standard query response 0x6bf7 PTR 39.0.0.10.in-addr.arpa PTR diamond.octa.edu OPT"
"9680","89.005072","onedscolprdwus03.westus.cloudapp.azure.com","FioImma.local","TCP","66","443  >  54881 [SYN, ACK] Seq=0 Ack=1 Win=65535 Len=0 MSS=1440 WS=256 SACK_PERM"
"9681","89.005072","onedscolprdwus03.westus.cloudapp.azure.com","FioImma.local","TCP","66","[TCP Port numbers reused] 443  >  54881 [SYN, ACK] Seq=0 Ack=1 Win=65535 Len=0 MSS=1440 WS=256 SACK_PERM"
"9682","89.005214","FioImma.local","onedscolprdwus03.westus.cloudapp.azure.com","TCP","54","54881  >  443 [ACK] Seq=1 Ack=2873593819 Win=1024 Len=0"
"9683","89.006754","FioImma.local","onedscolprdwus03.westus.cloudapp.azure.com","TLSv1","352","Client Hello (SNI=mobile.events.data.microsoft.com)"
"9684","89.013201","FioImma.local","telemetry-incoming.r53-2.services.mozilla.com","TLSv1.3","199","Application Data"
"9685","89.013242","FioImma.local","telemetry-incoming.r53-2.services.mozilla.com","TLSv1.3","1393","Application Data"
"9686","89.022008","telemetry-incoming.r53-2.services.mozilla.com","FioImma.local","TCP","60","443  >  54890 [ACK] Seq=5231 Ack=3853 Win=77056 Len=0"
"9687","89.022008","telemetry-incoming.r53-2.services.mozilla.com","FioImma.local","TCP","60","443  >  54890 [ACK] Seq=5231 Ack=5192 Win=79872 Len=0"
"9688","89.171578","onedscolprdcus00.centralus.cloudapp.azure.com","FioImma.local","TLSv1.2","160","Application Data"
"9689","89.174387","FioImma.local","onedscolprdcus00.centralus.cloudapp.azure.com","TLSv1.2","527","Application Data"
"9690","89.174619","FioImma.local","onedscolprdcus00.centralus.cloudapp.azure.com","TLSv1.2","808","Application Data"
"9691","89.254347","onedscolprdwus03.westus.cloudapp.azure.com","FioImma.local","TCP","54","443  >  54881 [RST] Seq=2873593819 Win=0 Len=0"
"9692","89.254943","FioImma.local","onedscolprdwus03.westus.cloudapp.azure.com","TCP","66","54899  >  443 [SYN] Seq=0 Win=65535 Len=0 MSS=1460 WS=256 SACK_PERM"
"9693","89.265916","telemetry-incoming.r53-2.services.mozilla.com","FioImma.local","TLSv1.3","122","Application Data"
"9694","89.265916","telemetry-incoming.r53-2.services.mozilla.com","FioImma.local","TLSv1.3","152","Application Data"
"9695","89.265916","telemetry-incoming.r53-2.services.mozilla.com","FioImma.local","TLSv1.3","93","Application Data"
"9696","89.265960","FioImma.local","telemetry-incoming.r53-2.services.mozilla.com","TCP","54","54890  >  443 [ACK] Seq=5192 Ack=5436 Win=131072 Len=0"
"9697","89.266141","FioImma.local","telemetry-incoming.r53-2.services.mozilla.com","TLSv1.3","93","Application Data"
"9698","89.267081","FioImma.local","s-0005.s-msedge.net","TCP","1494","54878  >  443 [ACK] Seq=3194 Ack=74722 Win=132352 Len=1440 [TCP PDU reassembled in 9699]"
"9699","89.267081","FioImma.local","s-0005.s-msedge.net","TLSv1.2","56","Application Data"
"9700","89.273170","telemetry-incoming.r53-2.services.mozilla.com","FioImma.local","TCP","60","443  >  54890 [ACK] Seq=5436 Ack=5231 Win=79872 Len=0"
"9701","89.299337","s-0005.s-msedge.net","FioImma.local","TCP","60","443  >  54878 [ACK] Seq=74722 Ack=4634 Win=524288 Len=0"
"9702","89.299337","s-0005.s-msedge.net","FioImma.local","TCP","60","443  >  54878 [ACK] Seq=74722 Ack=4636 Win=524288 Len=0"
"9703","89.423845","onedscolprdcus00.centralus.cloudapp.azure.com","FioImma.local","TCP","60","443  >  54873 [ACK] Seq=4891 Ack=6589 Win=524288 Len=0"
"9704","89.487968","s-0005.s-msedge.net","FioImma.local","TLSv1.2","897","Application Data"
"9705","89.493359","FioImma.local","s-0005.s-msedge.net","TCP","1494","54878  >  443 [ACK] Seq=4636 Ack=75565 Win=131584 Len=1440 [TCP PDU reassembled in 9706]"
"9706","89.493359","FioImma.local","s-0005.s-msedge.net","TLSv1.2","69","Application Data"
"9707","89.499237","browser-intake-datadoghq.com","FioImma.local","TLSv1.3","93","Application Data"
"9708","89.499360","FioImma.local","browser-intake-datadoghq.com","TCP","54","54798  >  443 [FIN, ACK] Seq=5128 Ack=1286 Win=129792 Len=0"
"9709","89.506315","onedscolprdwus03.westus.cloudapp.azure.com","FioImma.local","TCP","66","443  >  54899 [SYN, ACK] Seq=0 Ack=1 Win=65535 Len=0 MSS=1440 WS=256 SACK_PERM"
"9710","89.506363","FioImma.local","onedscolprdwus03.westus.cloudapp.azure.com","TCP","54","54899  >  443 [ACK] Seq=1 Ack=1 Win=262144 Len=0"
"9711","89.506778","FioImma.local","onedscolprdwus03.westus.cloudapp.azure.com","TLSv1.2","251","Client Hello (SNI=mobile.events.data.microsoft.com)"
"9712","89.510758","FioImma.local","prod.remote-settings.prod.webservices.mozgcp.net","TLSv1.2","100","Application Data"
"9713","89.510909","FioImma.local","prod.balrog.prod.cloudops.mozgcp.net","TLSv1.2","100","Application Data"
"9714","89.510999","FioImma.local","telemetry-incoming.r53-2.services.mozilla.com","TLSv1.3","93","Application Data"
"9715","89.511119","FioImma.local","prod.remote-settings.prod.webservices.mozgcp.net","TLSv1.2","85","Encrypted Alert"
"9716","89.511144","FioImma.local","prod.remote-settings.prod.webservices.mozgcp.net","TCP","54","54895  >  443 [FIN, ACK] Seq=1116 Ack=4564 Win=131072 Len=0"
"9717","89.511233","FioImma.local","a1887.dscq.akamai.net","TCP","54","54898  >  80 [FIN, ACK] Seq=442 Ack=891 Win=130304 Len=0"
"9718","89.511266","FioImma.local","fp2e7a.wpc.phicdn.net","TCP","54","54891  >  80 [FIN, ACK] Seq=442 Ack=738 Win=130560 Len=0"
"9719","89.511324","FioImma.local","telemetry-incoming.r53-2.services.mozilla.com","TLSv1.3","78","Application Data"
"9720","89.511350","FioImma.local","telemetry-incoming.r53-2.services.mozilla.com","TCP","54","54890  >  443 [FIN, ACK] Seq=5294 Ack=5436 Win=131072 Len=0"
"9721","89.511436","FioImma.local","fp2e7a.wpc.phicdn.net","TCP","54","54892  >  80 [FIN, ACK] Seq=442 Ack=738 Win=130560 Len=0"
"9722","89.511490","FioImma.local","prod.balrog.prod.cloudops.mozgcp.net","TLSv1.2","85","Encrypted Alert"
"9723","89.511515","FioImma.local","prod.balrog.prod.cloudops.mozgcp.net","TCP","54","54888  >  443 [FIN, ACK] Seq=972 Ack=4228 Win=130304 Len=0"
"9724","89.520656","prod.remote-settings.prod.webservices.mozgcp.net","FioImma.local","TCP","54","443  >  54895 [ACK] Seq=4564 Ack=1085 Win=69888 Len=0"
"9725","89.520656","telemetry-incoming.r53-2.services.mozilla.com","FioImma.local","TCP","54","443  >  54890 [ACK] Seq=5436 Ack=5270 Win=79872 Len=0"
"9726","89.520656","prod.balrog.prod.cloudops.mozgcp.net","FioImma.local","TCP","54","443  >  54888 [ACK] Seq=4228 Ack=941 Win=68864 Len=0"
"9727","89.520656","telemetry-incoming.r53-2.services.mozilla.com","FioImma.local","TCP","54","443  >  54890 [ACK] Seq=5436 Ack=5294 Win=79872 Len=0"
"9728","89.520656","telemetry-incoming.r53-2.services.mozilla.com","FioImma.local","TCP","54","443  >  54890 [FIN, ACK] Seq=5436 Ack=5294 Win=79872 Len=0"
"9729","89.520656","prod.remote-settings.prod.webservices.mozgcp.net","FioImma.local","TCP","54","443  >  54895 [ACK] Seq=4564 Ack=1116 Win=69888 Len=0"
"9730","89.520656","telemetry-incoming.r53-2.services.mozilla.com","FioImma.local","TCP","54","443  >  54890 [ACK] Seq=5437 Ack=5295 Win=79872 Len=0"
"9731","89.520656","prod.balrog.prod.cloudops.mozgcp.net","FioImma.local","TCP","54","443  >  54888 [ACK] Seq=4228 Ack=972 Win=68864 Len=0"
"9732","89.520656","prod.balrog.prod.cloudops.mozgcp.net","FioImma.local","TCP","54","[TCP Previous segment not captured] 443  >  54888 [ACK] Seq=4229 Ack=973 Win=68864 Len=0"
"9733","89.522214","fp2e7a.wpc.phicdn.net","FioImma.local","TCP","54","80  >  54891 [FIN, ACK] Seq=738 Ack=443 Win=67072 Len=0"
"9734","89.522232","FioImma.local","fp2e7a.wpc.phicdn.net","TCP","54","54891  >  80 [ACK] Seq=443 Ack=739 Win=130560 Len=0"
"9735","89.525299","FioImma.local","prod.balrog.prod.cloudops.mozgcp.net","TLSv1.2","100","Application Data"
"9736","89.525356","FioImma.local","prod.remote-settings.prod.webservices.mozgcp.net","TLSv1.2","100","Application Data"
"9737","89.525422","FioImma.local","prod.remote-settings.prod.webservices.mozgcp.net","TLSv1.2","85","Encrypted Alert"
"9738","89.525432","FioImma.local","prod.remote-settings.prod.webservices.mozgcp.net","TCP","54","54893  >  443 [FIN, ACK] Seq=1116 Ack=4564 Win=131072 Len=0"
"9739","89.525494","FioImma.local","a1887.dscq.akamai.net","TCP","54","54897  >  80 [FIN, ACK] Seq=442 Ack=891 Win=130304 Len=0"
"9740","89.525508","FioImma.local","fp2e7a.wpc.phicdn.net","TCP","54","54887  >  80 [FIN, ACK] Seq=442 Ack=738 Win=130560 Len=0"
"9741","89.525543","FioImma.local","prod.balrog.prod.cloudops.mozgcp.net","TLSv1.2","85","Encrypted Alert"
"9742","89.525549","FioImma.local","prod.balrog.prod.cloudops.mozgcp.net","TCP","54","54884  >  443 [FIN, ACK] Seq=972 Ack=4228 Win=130304 Len=0"
"9743","89.528610","s-0005.s-msedge.net","FioImma.local","TCP","60","443  >  54878 [ACK] Seq=75565 Ack=6076 Win=524288 Len=0"
"9744","89.528610","s-0005.s-msedge.net","FioImma.local","TCP","60","443  >  54878 [ACK] Seq=75565 Ack=6091 Win=524288 Len=0"
"9745","89.534180","prod.balrog.prod.cloudops.mozgcp.net","FioImma.local","TCP","54","443  >  54884 [ACK] Seq=4228 Ack=941 Win=68864 Len=0"
"9746","89.534180","prod.balrog.prod.cloudops.mozgcp.net","FioImma.local","TCP","54","443  >  54884 [ACK] Seq=4228 Ack=972 Win=68864 Len=0"
"9747","89.534180","prod.balrog.prod.cloudops.mozgcp.net","FioImma.local","TCP","54","443  >  54884 [FIN, ACK] Seq=4228 Ack=972 Win=68864 Len=0"
"9748","89.534180","prod.remote-settings.prod.webservices.mozgcp.net","FioImma.local","TCP","54","443  >  54893 [ACK] Seq=4564 Ack=1085 Win=69888 Len=0"
"9749","89.534180","prod.balrog.prod.cloudops.mozgcp.net","FioImma.local","TCP","54","443  >  54884 [ACK] Seq=4229 Ack=973 Win=68864 Len=0"
"9750","89.534180","prod.remote-settings.prod.webservices.mozgcp.net","FioImma.local","TCP","54","443  >  54893 [ACK] Seq=4564 Ack=1116 Win=69888 Len=0"
"9751","89.534180","prod.remote-settings.prod.webservices.mozgcp.net","FioImma.local","TCP","54","[TCP Previous segment not captured] 443  >  54893 [ACK] Seq=4565 Ack=1117 Win=69888 Len=0"
"9752","89.534180","fp2e7a.wpc.phicdn.net","FioImma.local","TCP","54","80  >  54887 [FIN, ACK] Seq=738 Ack=443 Win=67072 Len=0"
"9753","89.534218","FioImma.local","fp2e7a.wpc.phicdn.net","TCP","54","54887  >  80 [ACK] Seq=443 Ack=739 Win=130560 Len=0"
"9754","89.547906","a1887.dscq.akamai.net","FioImma.local","TCP","54","80  >  54897 [FIN, ACK] Seq=891 Ack=443 Win=64128 Len=0"
"9755","89.547929","FioImma.local","a1887.dscq.akamai.net","TCP","54","54897  >  80 [ACK] Seq=443 Ack=892 Win=130304 Len=0"
"9756","89.555760","onedscolprdcus00.centralus.cloudapp.azure.com","FioImma.local","TLSv1.2","160","Application Data"
"9757","89.592693","FioImma.local","onedscolprdcus00.centralus.cloudapp.azure.com","TLSv1.2","527","Application Data"
"9758","89.592978","FioImma.local","onedscolprdcus00.centralus.cloudapp.azure.com","TCP","1494","54873  >  443 [ACK] Seq=7062 Ack=4997 Win=131584 Len=1440 [TCP PDU reassembled in 9760]"
"9759","89.592978","FioImma.local","onedscolprdcus00.centralus.cloudapp.azure.com","TCP","1494","54873  >  443 [ACK] Seq=8502 Ack=4997 Win=131584 Len=1440 [TCP PDU reassembled in 9760]"
"9760","89.592978","FioImma.local","onedscolprdcus00.centralus.cloudapp.azure.com","TLSv1.2","1024","Application Data"
"9761","89.675253","s-0005.s-msedge.net","FioImma.local","TLSv1.2","897","Application Data"
"9762","89.720579","browser-intake-datadoghq.com","FioImma.local","TLSv1.3","78","Application Data"
"9763","89.720579","browser-intake-datadoghq.com","FioImma.local","TCP","54","443  >  54798 [FIN, ACK] Seq=1310 Ack=5129 Win=31744 Len=0"
"9764","89.720622","FioImma.local","browser-intake-datadoghq.com","TCP","54","54798  >  443 [RST, ACK] Seq=5129 Ack=1310 Win=0 Len=0"
"9765","89.725783","FioImma.local","s-0005.s-msedge.net","TCP","54","54878  >  443 [ACK] Seq=6091 Ack=76408 Win=132352 Len=0"
"9766","89.731969","prod.remote-settings.prod.webservices.mozgcp.net","FioImma.local","TCP","54","443  >  54895 [FIN, ACK] Seq=4564 Ack=1117 Win=69888 Len=0"
"9767","89.731994","FioImma.local","prod.remote-settings.prod.webservices.mozgcp.net","TCP","54","54895  >  443 [ACK] Seq=1117 Ack=4565 Win=131072 Len=0"
"9768","89.740488","fp2e7a.wpc.phicdn.net","FioImma.local","TCP","54","80  >  54892 [FIN, ACK] Seq=738 Ack=443 Win=67072 Len=0"
"9769","89.740512","FioImma.local","fp2e7a.wpc.phicdn.net","TCP","54","54892  >  80 [ACK] Seq=443 Ack=739 Win=130560 Len=0"
"9770","89.745783","telemetry-incoming.r53-2.services.mozilla.com","FioImma.local","TCP","54","[TCP Retransmission] 443  >  54890 [FIN, ACK] Seq=5436 Ack=5295 Win=79872 Len=0"
"9771","89.745795","FioImma.local","telemetry-incoming.r53-2.services.mozilla.com","TCP","54","[TCP ZeroWindow] 54890  >  443 [ACK] Seq=5295 Ack=5437 Win=0 Len=0"
"9772","89.749992","prod.balrog.prod.cloudops.mozgcp.net","FioImma.local","TCP","54","[TCP Retransmission] 443  >  54888 [FIN, ACK] Seq=4228 Ack=973 Win=68864 Len=0"
"9773","89.750005","FioImma.local","prod.balrog.prod.cloudops.mozgcp.net","TCP","54","54888  >  443 [ACK] Seq=973 Ack=4229 Win=130304 Len=0"
"9774","89.761097","prod.remote-settings.prod.webservices.mozgcp.net","FioImma.local","TCP","54","[TCP Retransmission] 443  >  54893 [FIN, ACK] Seq=4564 Ack=1117 Win=69888 Len=0"
"9775","89.761131","FioImma.local","prod.remote-settings.prod.webservices.mozgcp.net","TCP","54","54893  >  443 [ACK] Seq=1117 Ack=4565 Win=131072 Len=0"
"9776","89.763115","prod.balrog.prod.cloudops.mozgcp.net","FioImma.local","TCP","54","[TCP Retransmission] 443  >  54884 [FIN, ACK] Seq=4228 Ack=973 Win=68864 Len=0"
"9777","89.763124","FioImma.local","prod.balrog.prod.cloudops.mozgcp.net","TCP","54","[TCP ZeroWindow] 54884  >  443 [ACK] Seq=973 Ack=4229 Win=0 Len=0"
"9778","89.768436","onedscolprdwus03.westus.cloudapp.azure.com","FioImma.local","TCP","5894","443  >  54899 [ACK] Seq=1 Ack=198 Win=524288 Len=5840 [TCP PDU reassembled in 9779]"
"9779","89.768436","onedscolprdwus03.westus.cloudapp.azure.com","FioImma.local","TLSv1.2","522","Server Hello, Certificate, Certificate Status, Server Key Exchange, Server Hello Done"
"9780","89.768494","FioImma.local","onedscolprdwus03.westus.cloudapp.azure.com","TCP","54","54899  >  443 [ACK] Seq=198 Ack=6309 Win=262144 Len=0"
"9781","89.771255","FioImma.local","www.googleadservices.com","TCP","55","[TCP Keep-Alive] 54852  >  443 [ACK] Seq=5375 Ack=6776 Win=129792 Len=1"
"9782","89.771307","a1887.dscq.akamai.net","FioImma.local","TCP","54","80  >  54898 [FIN, ACK] Seq=891 Ack=443 Win=64128 Len=0"
"9783","89.771330","FioImma.local","a1887.dscq.akamai.net","TCP","54","54898  >  80 [ACK] Seq=443 Ack=892 Win=130304 Len=0"
"9784","89.779466","FioImma.local","onedscolprdwus03.westus.cloudapp.azure.com","TLSv1.2","212","Client Key Exchange, Change Cipher Spec, Encrypted Handshake Message"
"9785","89.779708","www.googleadservices.com","FioImma.local","TCP","66","[TCP Keep-Alive ACK] 443  >  54852 [ACK] Seq=6776 Ack=5376 Win=82688 Len=0 SLE=5375 SRE=5376"
"9786","89.818022","FioImma.local","onedscolprdwus03.westus.cloudapp.azure.com","TCP","54","54899  >  443 [RST, ACK] Seq=356 Ack=6309 Win=0 Len=0"
"9787","89.840797","onedscolprdcus00.centralus.cloudapp.azure.com","FioImma.local","TCP","60","443  >  54873 [ACK] Seq=4997 Ack=8502 Win=524288 Len=0"
"9788","89.840797","onedscolprdcus00.centralus.cloudapp.azure.com","FioImma.local","TCP","60","443  >  54873 [ACK] Seq=4997 Ack=10912 Win=524288 Len=0"
"9789","89.880150","onedscolprdcus00.centralus.cloudapp.azure.com","FioImma.local","TLSv1.2","164","Application Data"
"9790","89.889868","FioImma.local","mars.octa.edu","DNS","89","Standard query 0x3f98 A v20.events.data.microsoft.com"
"9791","89.922522","mars.octa.edu","FioImma.local","DNS","229","Standard query response 0x3f98 A v20.events.data.microsoft.com CNAME win-global-asimov-leafs-events-data.trafficmanager.net CNAME onedscolprdcus00.centralus.cloudapp.azure.com A 13.89.178.26"
"9792","89.923183","FioImma.local","onedscolprdcus00.centralus.cloudapp.azure.com","TCP","66","54900  >  443 [SYN] Seq=0 Win=64240 Len=0 MSS=1460 WS=256 SACK_PERM"
"9793","89.926237","FioImma.local","onedscolprdcus00.centralus.cloudapp.azure.com","TCP","54","54873  >  443 [ACK] Seq=10912 Ack=5107 Win=131584 Len=0"
"9794","89.951679","FioImma.local","s-0005.s-msedge.net","TCP","54","54875  >  443 [RST, ACK] Seq=1752 Ack=7149 Win=0 Len=0"
"9795","90.174018","onedscolprdcus00.centralus.cloudapp.azure.com","FioImma.local","TCP","66","443  >  54900 [SYN, ACK] Seq=0 Ack=1 Win=65535 Len=0 MSS=1440 WS=256 SACK_PERM"
"9796","90.174150","FioImma.local","onedscolprdcus00.centralus.cloudapp.azure.com","TCP","54","54900  >  443 [ACK] Seq=1 Ack=1 Win=132352 Len=0"
"9797","90.174840","FioImma.local","onedscolprdcus00.centralus.cloudapp.azure.com","TLSv1.2","266","Client Hello (SNI=v20.events.data.microsoft.com)"
"9798","90.378805","telemetry-incoming.r53-2.services.mozilla.com","FioImma.local","TCP","66","[TCP Retransmission] 443  >  54889 [SYN, ACK] Seq=0 Ack=1 Win=65535 Len=0 MSS=1412 SACK_PERM WS=256"
"9799","90.433431","onedscolprdcus00.centralus.cloudapp.azure.com","FioImma.local","TCP","2974","443  >  54900 [ACK] Seq=1 Ack=213 Win=524288 Len=2920 [TCP PDU reassembled in 9800]"
"9800","90.433431","onedscolprdcus00.centralus.cloudapp.azure.com","FioImma.local","TLSv1.2","1369","Server Hello, Certificate, Server Key Exchange, Server Hello Done"
"9801","90.433543","FioImma.local","onedscolprdcus00.centralus.cloudapp.azure.com","TCP","54","54900  >  443 [ACK] Seq=213 Ack=4236 Win=132352 Len=0"
"9802","90.443933","FioImma.local","onedscolprdcus00.centralus.cloudapp.azure.com","TLSv1.2","212","Client Key Exchange, Change Cipher Spec, Encrypted Handshake Message"
"9803","90.478845","FioImma.local","www.googleadservices.com","TCP","55","[TCP Keep-Alive] 54853  >  443 [ACK] Seq=5375 Ack=6775 Win=129792 Len=1"
"9804","90.490219","www.googleadservices.com","FioImma.local","TCP","66","[TCP Keep-Alive ACK] 443  >  54853 [ACK] Seq=6775 Ack=5376 Win=82688 Len=0 SLE=5375 SRE=5376"
"9805","90.598757","FioImma.local","www.googleadservices.com","TCP","55","[TCP Keep-Alive] 54854  >  443 [ACK] Seq=4187 Ack=6777 Win=129792 Len=1"
"9806","90.608452","www.googleadservices.com","FioImma.local","TCP","66","[TCP Keep-Alive ACK] 443  >  54854 [ACK] Seq=6777 Ack=4188 Win=79872 Len=0 SLE=4187 SRE=4188"
"9807","90.706203","onedscolprdcus00.centralus.cloudapp.azure.com","FioImma.local","TLSv1.2","105","Change Cipher Spec, Encrypted Handshake Message"
"9808","90.708232","FioImma.local","onedscolprdcus00.centralus.cloudapp.azure.com","TLSv1.2","141","Application Data"
"9809","90.708257","onedscolprdcus00.centralus.cloudapp.azure.com","FioImma.local","TLSv1.2","123","Application Data"
"9810","90.708274","FioImma.local","onedscolprdcus00.centralus.cloudapp.azure.com","TLSv1.2","697","Application Data"
"9811","90.708306","FioImma.local","onedscolprdcus00.centralus.cloudapp.azure.com","TLSv1.2","92","Application Data"
"9812","90.708339","FioImma.local","onedscolprdcus00.centralus.cloudapp.azure.com","TCP","1494","54900  >  443 [ACK] Seq=1139 Ack=4356 Win=132352 Len=1440 [TCP PDU reassembled in 9813]"
"9813","90.708339","FioImma.local","onedscolprdcus00.centralus.cloudapp.azure.com","TLSv1.2","298","Application Data"
"9814","90.767264","prod.remote-settings.prod.webservices.mozgcp.net","FioImma.local","TCP","66","[TCP Retransmission] 443  >  54894 [SYN, ACK] Seq=0 Ack=1 Win=65535 Len=0 MSS=1412 SACK_PERM WS=256"
"9815","90.770647","FioImma.local","rr2.sn-o3o-itqz.googlevideo.com","TCP","1514","54867  >  443 [ACK] Seq=21077 Ack=2875440 Win=1051136 Len=1460 [TCP PDU reassembled in 9816]"
"9816","90.770647","FioImma.local","rr2.sn-o3o-itqz.googlevideo.com","TLSv1.3","556","Application Data"
"9817","90.770696","FioImma.local","rr2.sn-o3o-itqz.googlevideo.com","TCP","1514","54867  >  443 [ACK] Seq=23039 Ack=2875440 Win=1051136 Len=1460 [TCP PDU reassembled in 9818]"
"9818","90.770696","FioImma.local","rr2.sn-o3o-itqz.googlevideo.com","TLSv1.3","510","Application Data"
"9819","90.801872","rr2.sn-o3o-itqz.googlevideo.com","FioImma.local","TCP","60","443  >  54867 [ACK] Seq=2875440 Ack=23039 Win=135680 Len=0"
"9820","90.801872","rr2.sn-o3o-itqz.googlevideo.com","FioImma.local","TCP","60","443  >  54867 [ACK] Seq=2875440 Ack=24955 Win=141568 Len=0"
"9821","90.804904","rr2.sn-o3o-itqz.googlevideo.com","FioImma.local","TLSv1.3","1479","Application Data, Application Data, Application Data, Application Data, Application Data, Application Data, Application Data, Application Data, Application Data, Application Data, Application Data, Application Data, Application Data, Application Data, Application Data, Application Data"
"9822","90.804904","rr2.sn-o3o-itqz.googlevideo.com","FioImma.local","TLSv1.3","17574","Application Data, Application Data, Application Data, Application Data, Application Data, Application Data"
"9823","90.804940","FioImma.local","rr2.sn-o3o-itqz.googlevideo.com","TCP","54","54867  >  443 [ACK] Seq=24955 Ack=2894385 Win=1051136 Len=0"
"9824","90.805172","rr2.sn-o3o-itqz.googlevideo.com","FioImma.local","TLSv1.3","16114","Application Data"
"9825","90.805194","FioImma.local","rr2.sn-o3o-itqz.googlevideo.com","TCP","54","54867  >  443 [ACK] Seq=24955 Ack=2910445 Win=1051136 Len=0"
"9826","90.805216","rr2.sn-o3o-itqz.googlevideo.com","FioImma.local","TCP","4434","443  >  54867 [PSH, ACK] Seq=2910445 Ack=24955 Win=141568 Len=4380 [TCP PDU reassembled in 9832]"
"9827","90.805225","FioImma.local","rr2.sn-o3o-itqz.googlevideo.com","TCP","54","54867  >  443 [ACK] Seq=24955 Ack=2914825 Win=1051136 Len=0"
"9828","90.805310","rr2.sn-o3o-itqz.googlevideo.com","FioImma.local","TCP","5894","443  >  54867 [ACK] Seq=2914825 Ack=24955 Win=141568 Len=5840 [TCP PDU reassembled in 9832]"
"9829","90.805327","FioImma.local","rr2.sn-o3o-itqz.googlevideo.com","TCP","54","54867  >  443 [ACK] Seq=24955 Ack=2920665 Win=1051136 Len=0"
"9830","90.805355","rr2.sn-o3o-itqz.googlevideo.com","FioImma.local","TCP","1514","443  >  54867 [ACK] Seq=2920665 Ack=24955 Win=141568 Len=1460 [TCP PDU reassembled in 9832]"
"9831","90.805362","FioImma.local","rr2.sn-o3o-itqz.googlevideo.com","TCP","54","54867  >  443 [ACK] Seq=24955 Ack=2922125 Win=1051136 Len=0"
"9832","90.806111","rr2.sn-o3o-itqz.googlevideo.com","FioImma.local","TLSv1.3","7354","Application Data"
"9833","90.806141","FioImma.local","rr2.sn-o3o-itqz.googlevideo.com","TCP","54","54867  >  443 [ACK] Seq=24955 Ack=2929425 Win=1051136 Len=0"
"9834","90.807126","rr2.sn-o3o-itqz.googlevideo.com","FioImma.local","TLSv1.3","16114","Application Data"
"9835","90.807144","FioImma.local","rr2.sn-o3o-itqz.googlevideo.com","TCP","54","54867  >  443 [ACK] Seq=24955 Ack=2945485 Win=1051136 Len=0"
"9836","90.807428","rr2.sn-o3o-itqz.googlevideo.com","FioImma.local","TCP","7354","443  >  54867 [PSH, ACK] Seq=2945485 Ack=24955 Win=141568 Len=7300 [TCP PDU reassembled in 9838]"
"9837","90.807461","FioImma.local","rr2.sn-o3o-itqz.googlevideo.com","TCP","54","54867  >  443 [ACK] Seq=24955 Ack=2952785 Win=1051136 Len=0"
"9838","90.807517","rr2.sn-o3o-itqz.googlevideo.com","FioImma.local","TLSv1.3","7354","Application Data"
"9839","90.807526","FioImma.local","rr2.sn-o3o-itqz.googlevideo.com","TCP","54","54867  >  443 [ACK] Seq=24955 Ack=2960085 Win=1051136 Len=0"
"9840","90.807600","rr2.sn-o3o-itqz.googlevideo.com","FioImma.local","TCP","4434","443  >  54867 [ACK] Seq=2960085 Ack=24955 Win=141568 Len=4380 [TCP PDU reassembled in 9846]"
"9841","90.807608","FioImma.local","rr2.sn-o3o-itqz.googlevideo.com","TCP","54","54867  >  443 [ACK] Seq=24955 Ack=2964465 Win=1051136 Len=0"
"9842","90.808142","rr2.sn-o3o-itqz.googlevideo.com","FioImma.local","TCP","4434","443  >  54867 [ACK] Seq=2964465 Ack=24955 Win=141568 Len=4380 [TCP PDU reassembled in 9846]"
"9843","90.808148","FioImma.local","rr2.sn-o3o-itqz.googlevideo.com","TCP","54","54867  >  443 [ACK] Seq=24955 Ack=2968845 Win=1051136 Len=0"
"9844","90.808860","rr2.sn-o3o-itqz.googlevideo.com","FioImma.local","TCP","5894","443  >  54867 [ACK] Seq=2968845 Ack=24955 Win=141568 Len=5840 [TCP PDU reassembled in 9846]"
"9845","90.808868","FioImma.local","rr2.sn-o3o-itqz.googlevideo.com","TCP","54","54867  >  443 [ACK] Seq=24955 Ack=2974685 Win=1051136 Len=0"
"9846","90.808915","rr2.sn-o3o-itqz.googlevideo.com","FioImma.local","TLSv1.3","5894","Application Data"
"9847","90.808922","FioImma.local","rr2.sn-o3o-itqz.googlevideo.com","TCP","54","54867  >  443 [ACK] Seq=24955 Ack=2980525 Win=1051136 Len=0"
"9848","90.808990","rr2.sn-o3o-itqz.googlevideo.com","FioImma.local","TLSv1.3","5894","Application Data, Application Data, Application Data, Application Data, Application Data, Application Data, Application Data, Application Data, Application Data, Application Data"
"9849","90.808997","FioImma.local","rr2.sn-o3o-itqz.googlevideo.com","TCP","54","54867  >  443 [ACK] Seq=24955 Ack=2986365 Win=1051136 Len=0"
"9850","90.809068","rr2.sn-o3o-itqz.googlevideo.com","FioImma.local","TCP","5894","443  >  54867 [ACK] Seq=2986365 Ack=24955 Win=141568 Len=5840 [TCP PDU reassembled in 9852]"
"9851","90.809074","FioImma.local","rr2.sn-o3o-itqz.googlevideo.com","TCP","54","54867  >  443 [ACK] Seq=24955 Ack=2992205 Win=1051136 Len=0"
"9852","90.810096","rr2.sn-o3o-itqz.googlevideo.com","FioImma.local","TLSv1.3","10274","Application Data"
"9853","90.810109","FioImma.local","rr2.sn-o3o-itqz.googlevideo.com","TCP","54","54867  >  443 [ACK] Seq=24955 Ack=3002425 Win=1051136 Len=0"
"9854","90.810159","rr2.sn-o3o-itqz.googlevideo.com","FioImma.local","TCP","4434","443  >  54867 [ACK] Seq=3002425 Ack=24955 Win=141568 Len=4380 [TCP PDU reassembled in 9861]"
"9855","90.810166","FioImma.local","rr2.sn-o3o-itqz.googlevideo.com","TCP","54","54867  >  443 [ACK] Seq=24955 Ack=3006805 Win=1051136 Len=0"
"9856","90.810227","rr2.sn-o3o-itqz.googlevideo.com","FioImma.local","TCP","5894","443  >  54867 [ACK] Seq=3006805 Ack=24955 Win=141568 Len=5840 [TCP PDU reassembled in 9861]"
"9857","90.810251","FioImma.local","rr2.sn-o3o-itqz.googlevideo.com","TCP","54","54867  >  443 [ACK] Seq=24955 Ack=3012645 Win=1051136 Len=0"
"9858","90.810272","rr2.sn-o3o-itqz.googlevideo.com","FioImma.local","TCP","1514","443  >  54867 [ACK] Seq=3012645 Ack=24955 Win=141568 Len=1460 [TCP PDU reassembled in 9861]"
"9859","90.810576","rr2.sn-o3o-itqz.googlevideo.com","FioImma.local","TCP","1514","443  >  54867 [ACK] Seq=3014105 Ack=24955 Win=141568 Len=1460 [TCP PDU reassembled in 9861]"
"9860","90.810592","FioImma.local","rr2.sn-o3o-itqz.googlevideo.com","TCP","54","54867  >  443 [ACK] Seq=24955 Ack=3015565 Win=1051136 Len=0"
"9861","90.811300","rr2.sn-o3o-itqz.googlevideo.com","FioImma.local","TLSv1.3","5894","Application Data"
"9862","90.811311","FioImma.local","rr2.sn-o3o-itqz.googlevideo.com","TCP","54","54867  >  443 [ACK] Seq=24955 Ack=3021405 Win=1051136 Len=0"
"9863","90.811337","rr2.sn-o3o-itqz.googlevideo.com","FioImma.local","TCP","2974","443  >  54867 [ACK] Seq=3021405 Ack=24955 Win=141568 Len=2920 [TCP PDU reassembled in 9872]"
"9864","90.811344","FioImma.local","rr2.sn-o3o-itqz.googlevideo.com","TCP","54","54867  >  443 [ACK] Seq=24955 Ack=3024325 Win=1051136 Len=0"
"9865","90.811666","rr2.sn-o3o-itqz.googlevideo.com","FioImma.local","TCP","1514","443  >  54867 [ACK] Seq=3024325 Ack=24955 Win=141568 Len=1460 [TCP PDU reassembled in 9872]"
"9866","90.811666","rr2.sn-o3o-itqz.googlevideo.com","FioImma.local","TCP","1514","443  >  54867 [ACK] Seq=3025785 Ack=24955 Win=141568 Len=1460 [TCP PDU reassembled in 9872]"
"9867","90.811666","rr2.sn-o3o-itqz.googlevideo.com","FioImma.local","TCP","1514","443  >  54867 [ACK] Seq=3027245 Ack=24955 Win=141568 Len=1460 [TCP PDU reassembled in 9872]"
"9868","90.811666","rr2.sn-o3o-itqz.googlevideo.com","FioImma.local","TCP","1514","443  >  54867 [ACK] Seq=3028705 Ack=24955 Win=141568 Len=1460 [TCP PDU reassembled in 9872]"
"9869","90.811666","rr2.sn-o3o-itqz.googlevideo.com","FioImma.local","TCP","1514","443  >  54867 [ACK] Seq=3030165 Ack=24955 Win=141568 Len=1460 [TCP PDU reassembled in 9872]"
"9870","90.811688","FioImma.local","rr2.sn-o3o-itqz.googlevideo.com","TCP","54","54867  >  443 [ACK] Seq=24955 Ack=3031625 Win=1051136 Len=0"
"9871","90.812276","rr2.sn-o3o-itqz.googlevideo.com","FioImma.local","TCP","1514","443  >  54867 [ACK] Seq=3031625 Ack=24955 Win=141568 Len=1460 [TCP PDU reassembled in 9872]"
"9872","90.812276","rr2.sn-o3o-itqz.googlevideo.com","FioImma.local","TLSv1.3","1514","Application Data"
"9873","90.812276","rr2.sn-o3o-itqz.googlevideo.com","FioImma.local","TCP","1514","443  >  54867 [ACK] Seq=3034545 Ack=24955 Win=141568 Len=1460 [TCP PDU reassembled in 9884]"
"9874","90.812276","rr2.sn-o3o-itqz.googlevideo.com","FioImma.local","TCP","1514","443  >  54867 [ACK] Seq=3036005 Ack=24955 Win=141568 Len=1460 [TCP PDU reassembled in 9884]"
"9875","90.812276","rr2.sn-o3o-itqz.googlevideo.com","FioImma.local","TCP","1514","443  >  54867 [ACK] Seq=3037465 Ack=24955 Win=141568 Len=1460 [TCP PDU reassembled in 9884]"
"9876","90.812296","FioImma.local","rr2.sn-o3o-itqz.googlevideo.com","TCP","54","54867  >  443 [ACK] Seq=24955 Ack=3038925 Win=1051136 Len=0"
"9877","90.813728","rr2.sn-o3o-itqz.googlevideo.com","FioImma.local","TCP","1514","443  >  54867 [ACK] Seq=3038925 Ack=24955 Win=141568 Len=1460 [TCP PDU reassembled in 9884]"
"9878","90.814892","rr2.sn-o3o-itqz.googlevideo.com","FioImma.local","TCP","1514","443  >  54867 [ACK] Seq=3040385 Ack=24955 Win=141568 Len=1460 [TCP PDU reassembled in 9884]"
"9879","90.814892","rr2.sn-o3o-itqz.googlevideo.com","FioImma.local","TCP","1514","443  >  54867 [PSH, ACK] Seq=3041845 Ack=24955 Win=141568 Len=1460 [TCP PDU reassembled in 9884]"
"9880","90.814892","rr2.sn-o3o-itqz.googlevideo.com","FioImma.local","TCP","1514","443  >  54867 [ACK] Seq=3043305 Ack=24955 Win=141568 Len=1460 [TCP PDU reassembled in 9884]"
"9881","90.814892","rr2.sn-o3o-itqz.googlevideo.com","FioImma.local","TCP","1514","443  >  54867 [ACK] Seq=3044765 Ack=24955 Win=141568 Len=1460 [TCP PDU reassembled in 9884]"
"9882","90.814892","rr2.sn-o3o-itqz.googlevideo.com","FioImma.local","TCP","1514","443  >  54867 [ACK] Seq=3046225 Ack=24955 Win=141568 Len=1460 [TCP PDU reassembled in 9884]"
"9883","90.814892","rr2.sn-o3o-itqz.googlevideo.com","FioImma.local","TCP","1514","443  >  54867 [ACK] Seq=3047685 Ack=24955 Win=141568 Len=1460 [TCP PDU reassembled in 9884]"
"9884","90.814892","rr2.sn-o3o-itqz.googlevideo.com","FioImma.local","TLSv1.3","1514","Application Data"
"9885","90.814892","rr2.sn-o3o-itqz.googlevideo.com","FioImma.local","TCP","1514","443  >  54867 [ACK] Seq=3050605 Ack=24955 Win=141568 Len=1460 [TCP PDU reassembled in 9897]"
"9886","90.814892","rr2.sn-o3o-itqz.googlevideo.com","FioImma.local","TCP","1514","443  >  54867 [ACK] Seq=3052065 Ack=24955 Win=141568 Len=1460 [TCP PDU reassembled in 9897]"
"9887","90.814892","rr2.sn-o3o-itqz.googlevideo.com","FioImma.local","TCP","1514","443  >  54867 [ACK] Seq=3053525 Ack=24955 Win=141568 Len=1460 [TCP PDU reassembled in 9897]"
"9888","90.814920","FioImma.local","rr2.sn-o3o-itqz.googlevideo.com","TCP","54","54867  >  443 [ACK] Seq=24955 Ack=3054985 Win=1051136 Len=0"
"9889","90.814941","rr2.sn-o3o-itqz.googlevideo.com","FioImma.local","TCP","1514","443  >  54867 [ACK] Seq=3054985 Ack=24955 Win=141568 Len=1460 [TCP PDU reassembled in 9897]"
"9890","90.814941","rr2.sn-o3o-itqz.googlevideo.com","FioImma.local","TCP","1514","443  >  54867 [ACK] Seq=3056445 Ack=24955 Win=141568 Len=1460 [TCP PDU reassembled in 9897]"
"9891","90.814941","rr2.sn-o3o-itqz.googlevideo.com","FioImma.local","TCP","1514","443  >  54867 [ACK] Seq=3057905 Ack=24955 Win=141568 Len=1460 [TCP PDU reassembled in 9897]"
"9892","90.814941","rr2.sn-o3o-itqz.googlevideo.com","FioImma.local","TCP","1514","443  >  54867 [ACK] Seq=3059365 Ack=24955 Win=141568 Len=1460 [TCP PDU reassembled in 9897]"
"9893","90.814941","rr2.sn-o3o-itqz.googlevideo.com","FioImma.local","TCP","1514","443  >  54867 [ACK] Seq=3060825 Ack=24955 Win=141568 Len=1460 [TCP PDU reassembled in 9897]"
"9894","90.814941","rr2.sn-o3o-itqz.googlevideo.com","FioImma.local","TCP","1514","443  >  54867 [ACK] Seq=3062285 Ack=24955 Win=141568 Len=1460 [TCP PDU reassembled in 9897]"
"9895","90.814961","FioImma.local","rr2.sn-o3o-itqz.googlevideo.com","TCP","54","54867  >  443 [ACK] Seq=24955 Ack=3063745 Win=1051136 Len=0"
"9896","90.814992","rr2.sn-o3o-itqz.googlevideo.com","FioImma.local","TCP","1514","443  >  54867 [ACK] Seq=3063745 Ack=24955 Win=141568 Len=1460 [TCP PDU reassembled in 9897]"
"9897","90.814992","rr2.sn-o3o-itqz.googlevideo.com","FioImma.local","TLSv1.3","1514","Application Data"
"9898","90.814992","prod.remote-settings.prod.webservices.mozgcp.net","FioImma.local","TCP","66","[TCP Retransmission] 443  >  54896 [SYN, ACK] Seq=0 Ack=1 Win=65535 Len=0 MSS=1412 SACK_PERM WS=256"
"9899","90.814992","rr2.sn-o3o-itqz.googlevideo.com","FioImma.local","TCP","1514","443  >  54867 [ACK] Seq=3066665 Ack=24955 Win=141568 Len=1460 [TCP PDU reassembled in 9913]"
"9900","90.814992","rr2.sn-o3o-itqz.googlevideo.com","FioImma.local","TCP","1514","443  >  54867 [ACK] Seq=3068125 Ack=24955 Win=141568 Len=1460 [TCP PDU reassembled in 9913]"
"9901","90.815012","FioImma.local","rr2.sn-o3o-itqz.googlevideo.com","TCP","54","54867  >  443 [ACK] Seq=24955 Ack=3069585 Win=1051136 Len=0"
"9902","90.815051","rr2.sn-o3o-itqz.googlevideo.com","FioImma.local","TCP","1514","443  >  54867 [ACK] Seq=3069585 Ack=24955 Win=141568 Len=1460 [TCP PDU reassembled in 9913]"
"9903","90.815051","rr2.sn-o3o-itqz.googlevideo.com","FioImma.local","TCP","1514","443  >  54867 [ACK] Seq=3071045 Ack=24955 Win=141568 Len=1460 [TCP PDU reassembled in 9913]"
"9904","90.815051","rr2.sn-o3o-itqz.googlevideo.com","FioImma.local","TCP","1514","443  >  54867 [ACK] Seq=3072505 Ack=24955 Win=141568 Len=1460 [TCP PDU reassembled in 9913]"
"9905","90.815059","FioImma.local","rr2.sn-o3o-itqz.googlevideo.com","TCP","54","54867  >  443 [ACK] Seq=24955 Ack=3073965 Win=1051136 Len=0"
"9906","90.815132","rr2.sn-o3o-itqz.googlevideo.com","FioImma.local","TCP","1514","443  >  54867 [ACK] Seq=3073965 Ack=24955 Win=141568 Len=1460 [TCP PDU reassembled in 9913]"
"9907","90.815132","rr2.sn-o3o-itqz.googlevideo.com","FioImma.local","TCP","1514","443  >  54867 [ACK] Seq=3075425 Ack=24955 Win=141568 Len=1460 [TCP PDU reassembled in 9913]"
"9908","90.815132","rr2.sn-o3o-itqz.googlevideo.com","FioImma.local","TCP","1514","443  >  54867 [ACK] Seq=3076885 Ack=24955 Win=141568 Len=1460 [TCP PDU reassembled in 9913]"
"9909","90.815153","FioImma.local","rr2.sn-o3o-itqz.googlevideo.com","TCP","54","54867  >  443 [ACK] Seq=24955 Ack=3078345 Win=1051136 Len=0"
"9910","90.815363","rr2.sn-o3o-itqz.googlevideo.com","FioImma.local","TCP","1514","443  >  54867 [ACK] Seq=3078345 Ack=24955 Win=141568 Len=1460 [TCP PDU reassembled in 9913]"
"9911","90.815363","rr2.sn-o3o-itqz.googlevideo.com","FioImma.local","TCP","1514","443  >  54867 [PSH, ACK] Seq=3079805 Ack=24955 Win=141568 Len=1460 [TCP PDU reassembled in 9913]"
"9912","90.815363","rr2.sn-o3o-itqz.googlevideo.com","FioImma.local","TCP","1514","443  >  54867 [ACK] Seq=3081265 Ack=24955 Win=141568 Len=1460 [TCP PDU reassembled in 9913]"
"9913","90.815363","rr2.sn-o3o-itqz.googlevideo.com","FioImma.local","TLSv1.3","1514","Application Data"
"9914","90.815363","rr2.sn-o3o-itqz.googlevideo.com","FioImma.local","TCP","10274","443  >  54867 [ACK] Seq=3084185 Ack=24955 Win=141568 Len=10220 [TCP PDU reassembled in 9918]"
"9915","90.815383","FioImma.local","rr2.sn-o3o-itqz.googlevideo.com","TCP","54","54867  >  443 [ACK] Seq=24955 Ack=3094405 Win=1051136 Len=0"
"9916","90.815416","rr2.sn-o3o-itqz.googlevideo.com","FioImma.local","TCP","4434","443  >  54867 [ACK] Seq=3094405 Ack=24955 Win=141568 Len=4380 [TCP PDU reassembled in 9918]"
"9917","90.815423","FioImma.local","rr2.sn-o3o-itqz.googlevideo.com","TCP","54","54867  >  443 [ACK] Seq=24955 Ack=3098785 Win=1051136 Len=0"
"9918","90.815486","rr2.sn-o3o-itqz.googlevideo.com","FioImma.local","TLSv1.3","4434","Application Data"
"9919","90.815496","FioImma.local","rr2.sn-o3o-itqz.googlevideo.com","TCP","54","54867  >  443 [ACK] Seq=24955 Ack=3103165 Win=1051136 Len=0"
"9920","90.815807","rr2.sn-o3o-itqz.googlevideo.com","FioImma.local","TLSv1.3","14654","Application Data"
"9921","90.815823","FioImma.local","rr2.sn-o3o-itqz.googlevideo.com","TCP","54","54867  >  443 [ACK] Seq=24955 Ack=3117765 Win=1051136 Len=0"
"9922","90.815856","rr2.sn-o3o-itqz.googlevideo.com","FioImma.local","TCP","5894","443  >  54867 [ACK] Seq=3117765 Ack=24955 Win=141568 Len=5840 [TCP PDU reassembled in 9928]"
"9923","90.815863","FioImma.local","rr2.sn-o3o-itqz.googlevideo.com","TCP","54","54867  >  443 [ACK] Seq=24955 Ack=3123605 Win=1051136 Len=0"
"9924","90.815923","rr2.sn-o3o-itqz.googlevideo.com","FioImma.local","TCP","4434","443  >  54867 [ACK] Seq=3123605 Ack=24955 Win=141568 Len=4380 [TCP PDU reassembled in 9928]"
"9925","90.815942","FioImma.local","rr2.sn-o3o-itqz.googlevideo.com","TCP","54","54867  >  443 [ACK] Seq=24955 Ack=3127985 Win=1051136 Len=0"
"9926","90.816132","rr2.sn-o3o-itqz.googlevideo.com","FioImma.local","TCP","2974","443  >  54867 [ACK] Seq=3127985 Ack=24955 Win=141568 Len=2920 [TCP PDU reassembled in 9928]"
"9927","90.816142","FioImma.local","rr2.sn-o3o-itqz.googlevideo.com","TCP","54","54867  >  443 [ACK] Seq=24955 Ack=3130905 Win=1051136 Len=0"
"9928","90.816890","rr2.sn-o3o-itqz.googlevideo.com","FioImma.local","TLSv1.3","4434","Application Data"
"9929","90.816904","FioImma.local","rr2.sn-o3o-itqz.googlevideo.com","TCP","54","54867  >  443 [ACK] Seq=24955 Ack=3135285 Win=1051136 Len=0"
"9930","90.816958","rr2.sn-o3o-itqz.googlevideo.com","FioImma.local","TCP","1514","443  >  54867 [ACK] Seq=3135285 Ack=24955 Win=141568 Len=1460 [TCP PDU reassembled in 9931]"
"9931","90.816958","rr2.sn-o3o-itqz.googlevideo.com","FioImma.local","TLSv1.3","183","Application Data, Application Data, Application Data, Application Data, Application Data, Application Data"
"9932","90.816966","FioImma.local","rr2.sn-o3o-itqz.googlevideo.com","TCP","54","54867  >  443 [ACK] Seq=24955 Ack=3136874 Win=1051136 Len=0"
"9933","90.819136","FioImma.local","rr2.sn-o3o-itqz.googlevideo.com","TCP","1514","54867  >  443 [ACK] Seq=24955 Ack=3136874 Win=1051136 Len=1460 [TCP PDU reassembled in 9934]"
"9934","90.819136","FioImma.local","rr2.sn-o3o-itqz.googlevideo.com","TLSv1.3","556","Application Data"
"9935","90.819176","FioImma.local","rr2.sn-o3o-itqz.googlevideo.com","TCP","1514","54867  >  443 [ACK] Seq=26917 Ack=3136874 Win=1051136 Len=1460 [TCP PDU reassembled in 9936]"
"9936","90.819176","FioImma.local","rr2.sn-o3o-itqz.googlevideo.com","TLSv1.3","510","Application Data"
"9937","90.848148","rr2.sn-o3o-itqz.googlevideo.com","FioImma.local","TCP","60","443  >  54867 [ACK] Seq=3136874 Ack=26917 Win=147456 Len=0"
"9938","90.848148","rr2.sn-o3o-itqz.googlevideo.com","FioImma.local","TCP","60","443  >  54867 [ACK] Seq=3136874 Ack=28833 Win=153344 Len=0"
"9939","90.880450","rr2.sn-o3o-itqz.googlevideo.com","FioImma.local","TLSv1.3","1482","Application Data, Application Data, Application Data, Application Data, Application Data, Application Data, Application Data, Application Data, Application Data, Application Data, Application Data, Application Data, Application Data, Application Data, Application Data, Application Data"
"9940","90.880450","rr2.sn-o3o-itqz.googlevideo.com","FioImma.local","TLSv1.3","81","Application Data"
"9941","90.880491","FioImma.local","rr2.sn-o3o-itqz.googlevideo.com","TCP","54","54867  >  443 [ACK] Seq=28833 Ack=3138329 Win=1049600 Len=0"
"9942","90.956791","onedscolprdcus00.centralus.cloudapp.azure.com","FioImma.local","TCP","60","443  >  54900 [ACK] Seq=4356 Ack=1101 Win=524288 Len=0"
"9943","90.956791","onedscolprdcus00.centralus.cloudapp.azure.com","FioImma.local","TCP","60","443  >  54900 [ACK] Seq=4356 Ack=2579 Win=524288 Len=0"
"9944","90.991769","onedscolprdcus00.centralus.cloudapp.azure.com","FioImma.local","TLSv1.2","92","Application Data"
"9945","91.036189","FioImma.local","onedscolprdcus00.centralus.cloudapp.azure.com","TCP","54","54900  >  443 [ACK] Seq=2823 Ack=4394 Win=132096 Len=0"
"9946","91.780822","FioImma.local","igmp.mcast.net","IGMPv3","62","Membership Report / Join group 224.0.0.252 for any sources / Join group 239.255.255.250 for any sources"
"9947","92.041036","FioImma.local","www.googleadservices.com","TCP","55","[TCP Keep-Alive] 54856  >  443 [ACK] Seq=5471 Ack=6776 Win=129792 Len=1"
"9948","92.057215","www.googleadservices.com","FioImma.local","TCP","66","[TCP Keep-Alive ACK] 443  >  54856 [ACK] Seq=6776 Ack=5472 Win=82688 Len=0 SLE=5471 SRE=5472"
"9949","92.576223","FioImma.local","www.googleadservices.com","TCP","55","[TCP Keep-Alive] 54857  >  443 [ACK] Seq=5407 Ack=6775 Win=129792 Len=1"
"9950","92.613474","www.googleadservices.com","FioImma.local","TCP","66","[TCP Keep-Alive ACK] 443  >  54857 [ACK] Seq=6775 Ack=5408 Win=82688 Len=0 SLE=5407 SRE=5408"
"9951","92.700506","FioImma.local","www.googleadservices.com","TCP","55","[TCP Keep-Alive] 54858  >  443 [ACK] Seq=4091 Ack=6776 Win=129792 Len=1"
"9952","92.754020","www.googleadservices.com","FioImma.local","TCP","66","[TCP Keep-Alive ACK] 443  >  54858 [ACK] Seq=6776 Ack=4092 Win=79872 Len=0 SLE=4091 SRE=4092"
"9953","92.838623","FioImma.local","onedscolprdwus03.westus.cloudapp.azure.com","TCP","66","54901  >  443 [SYN] Seq=0 Win=65535 Len=0 MSS=1460 WS=256 SACK_PERM"
"9954","93.147800","onedscolprdwus03.westus.cloudapp.azure.com","FioImma.local","TCP","66","443  >  54901 [SYN, ACK] Seq=0 Ack=1 Win=65535 Len=0 MSS=1440 WS=256 SACK_PERM"
"9955","93.147983","FioImma.local","onedscolprdwus03.westus.cloudapp.azure.com","TCP","54","54901  >  443 [ACK] Seq=1 Ack=1 Win=262144 Len=0"
"9956","93.156475","FioImma.local","onedscolprdwus03.westus.cloudapp.azure.com","TLSv1.3","352","Client Hello (SNI=mobile.events.data.microsoft.com)"
"9957","93.418476","onedscolprdwus03.westus.cloudapp.azure.com","FioImma.local","TLSv1.3","153","Hello Retry Request, Change Cipher Spec"
"9958","93.418531","FioImma.local","onedscolprdwus03.westus.cloudapp.azure.com","TCP","54","54901  >  443 [ACK] Seq=299 Ack=100 Win=261888 Len=0"
"9959","93.424548","FioImma.local","onedscolprdwus03.westus.cloudapp.azure.com","TLSv1.3","423","Change Cipher Spec, Client Hello (SNI=mobile.events.data.microsoft.com)"
"9960","93.602231","FioImma.local","maa03s41-in-f14.1e100.net","TCP","1466","54642  >  443 [ACK] Seq=104313 Ack=111162 Win=512 Len=1412 [TCP PDU reassembled in 9962]"
"9961","93.602231","FioImma.local","maa03s41-in-f14.1e100.net","TCP","1466","54642  >  443 [ACK] Seq=105725 Ack=111162 Win=512 Len=1412 [TCP PDU reassembled in 9962]"
"9962","93.602231","FioImma.local","maa03s41-in-f14.1e100.net","TLSv1.2","657","Application Data"
"9963","93.612600","FioImma.local","chat.openai.com.cdn.cloudflare.net","TCP","55","[TCP Keep-Alive] 54859  >  443 [ACK] Seq=3123 Ack=3354 Win=131584 Len=1"
"9964","93.628309","FioImma.local","cdn.oaistatic.com","TCP","55","[TCP Keep-Alive] 54861  >  443 [ACK] Seq=2126 Ack=1904 Win=131584 Len=1"
"9965","93.631455","chat.openai.com.cdn.cloudflare.net","FioImma.local","TCP","66","[TCP Keep-Alive ACK] 443  >  54859 [ACK] Seq=3354 Ack=3124 Win=81920 Len=0 SLE=3123 SRE=3124"
"9966","93.631455","maa03s41-in-f14.1e100.net","FioImma.local","TCP","60","443  >  54642 [ACK] Seq=111162 Ack=105725 Win=2048 Len=0"
"9967","93.631455","maa03s41-in-f14.1e100.net","FioImma.local","TCP","60","443  >  54642 [ACK] Seq=111162 Ack=107137 Win=2048 Len=0"
"9968","93.631455","maa03s41-in-f14.1e100.net","FioImma.local","TCP","60","443  >  54642 [ACK] Seq=111162 Ack=107740 Win=2048 Len=0"
"9969","93.636924","cdn.oaistatic.com","FioImma.local","TCP","66","[TCP Keep-Alive ACK] 443  >  54861 [ACK] Seq=1904 Ack=2127 Win=73728 Len=0 SLE=2126 SRE=2127"
"9970","93.659815","FioImma.local","clients.l.google.com","TCP","55","[TCP Keep-Alive] 54860  >  443 [ACK] Seq=4959 Ack=3807 Win=131072 Len=1"
"9971","93.687997","onedscolprdwus03.westus.cloudapp.azure.com","FioImma.local","TLSv1.3","5894","Server Hello"
"9972","93.687997","onedscolprdwus03.westus.cloudapp.azure.com","FioImma.local","TLSv1.3","600","Application Data"
"9973","93.687997","maa03s41-in-f14.1e100.net","FioImma.local","TLSv1.2","131","Application Data"
"9974","93.687997","maa03s41-in-f14.1e100.net","FioImma.local","TLSv1.2","85","Application Data"
"9975","93.687997","maa03s41-in-f14.1e100.net","FioImma.local","TLSv1.2","93","Application Data"
"9976","93.688105","FioImma.local","onedscolprdwus03.westus.cloudapp.azure.com","TCP","54","54901  >  443 [ACK] Seq=668 Ack=6486 Win=262144 Len=0"
"9977","93.688142","FioImma.local","maa03s41-in-f14.1e100.net","TCP","54","54642  >  443 [ACK] Seq=107740 Ack=111309 Win=511 Len=0"
"9978","93.688603","FioImma.local","maa03s41-in-f14.1e100.net","TLSv1.2","93","Application Data"
"9979","93.693381","FioImma.local","onedscolprdwus03.westus.cloudapp.azure.com","TLSv1.3","128","Application Data"
"9980","93.696512","maa03s41-in-f14.1e100.net","FioImma.local","TCP","60","443  >  54642 [ACK] Seq=111309 Ack=107779 Win=2048 Len=0"
"9981","93.697779","clients.l.google.com","FioImma.local","TCP","66","[TCP Keep-Alive ACK] 443  >  54860 [ACK] Seq=3807 Ack=4960 Win=79872 Len=0 SLE=4959 SRE=4960"
"9982","93.895107","FioImma.local","onedscolprdwus03.westus.cloudapp.azure.com","TLSv1.3","907","Application Data"
"9983","93.897537","FioImma.local","onedscolprdwus03.westus.cloudapp.azure.com","TCP","1494","54901  >  443 [ACK] Seq=1595 Ack=6486 Win=262144 Len=1440 [TCP PDU reassembled in 9984]"
"9984","93.897537","FioImma.local","onedscolprdwus03.westus.cloudapp.azure.com","TLSv1.3","991","Application Data"
"9985","93.992921","onedscolprdwus03.westus.cloudapp.azure.com","FioImma.local","TLSv1.3","157","Application Data"
"9986","93.992980","FioImma.local","onedscolprdwus03.westus.cloudapp.azure.com","TCP","54","54901  >  443 [ACK] Seq=3972 Ack=6589 Win=261888 Len=0"
"9987","94.145932","onedscolprdwus03.westus.cloudapp.azure.com","FioImma.local","TCP","60","443  >  54901 [ACK] Seq=6589 Ack=1595 Win=524288 Len=0"
"9988","94.145932","onedscolprdwus03.westus.cloudapp.azure.com","FioImma.local","TCP","60","443  >  54901 [ACK] Seq=6589 Ack=3035 Win=524288 Len=0"
"9989","94.145932","onedscolprdwus03.westus.cloudapp.azure.com","FioImma.local","TCP","60","443  >  54901 [ACK] Seq=6589 Ack=3972 Win=524288 Len=0"
"9990","94.147848","onedscolprdwus03.westus.cloudapp.azure.com","FioImma.local","TLSv1.3","500","Application Data"
"9991","94.147888","FioImma.local","onedscolprdwus03.westus.cloudapp.azure.com","TCP","54","54901  >  443 [ACK] Seq=3972 Ack=7035 Win=261376 Len=0"
"9992","94.411479","telemetry-incoming.r53-2.services.mozilla.com","FioImma.local","TCP","66","[TCP Retransmission] 443  >  54889 [SYN, ACK] Seq=0 Ack=1 Win=65535 Len=0 MSS=1412 SACK_PERM WS=256"
"9993","94.799717","prod.remote-settings.prod.webservices.mozgcp.net","FioImma.local","TCP","66","[TCP Retransmission] 443  >  54894 [SYN, ACK] Seq=0 Ack=1 Win=65535 Len=0 MSS=1412 SACK_PERM WS=256"
